Rank,Id,degree centrality,betweenness centrality,eigenvector centrality,closeness centrality,hubscore,authoritiesscore,degree_prestige,rank-Prestige,Page-Rank,Percolation-Centrality
1,1,0.979710718,0.999275372,0.021205813,0.021109559,0.979710718,0.999275372,0.979710718,0.999275372,0.020795977,0.999275372
2,0.999999899,0.98888712,0.989679953,0.030594498,0.02111642,0.98888712,0.020204429,0.98888712,0.010102114,0.030496024,0.989679953
3,0.999999798,0.988882983,0.020705878,0.030573612,0.021205813,0.988882983,0.011003005,0.988882983,0.021102799,0.030597625,0.020705878
4,0.999999697,0.999275372,0.988972982,0.030476249,0.021010379,0.999275372,0.030489466,0.96950448,0.011003005,0.999275372,0.988972982
5,0.999999596,0.999581185,0.998973696,0.030582592,0.021206115,0.988986098,0.010102114,0.999581185,0.000622421,0.030589957,0.998973696
6,0.999999496,0.96950448,0.000215411,0.030293629,0.030489466,0.96950448,0.021102799,0.999371525,0.020204429,0.021205813,0.000215411
7,0.999999395,0.999371525,0.988980549,0.020689634,0.021102799,0.988973082,0.000215411,0.999275372,0.010912906,0.021102799,0.988980549
8,0.999999294,0.979706884,0.97981696,0.030375757,0.030487549,0.999371525,0.999986985,0.979706884,0.020490568,0.030584307,0.97981696
9,0.999999193,0.969606082,0.020701741,0.030492695,0.021110063,0.989186173,0.000821084,0.969606082,0.020795977,0.020490568,0.020701741
10,0.999999092,0.968595013,0.989190209,0.021209747,0.030597222,0.988876223,0.989781958,0.968595013,0.989582186,0.030597525,0.989190209
11,0.999998991,0.988986098,0.020703154,0.020686304,0.020689634,0.989079628,0.999567261,0.968695201,0.011119337,0.020507115,0.020703154
12,0.99999889,0.968695201,0.01090998,0.030492392,0.030473726,0.988972982,0.999584111,0.968808204,0.97981696,0.021299544,0.01090998
13,0.999998789,0.968808204,0.999181338,0.021102395,0.020901816,0.988890449,0.998862409,0.988986098,0.988878746,0.030589251,0.999181338
14,0.999998688,0.968810726,0.999371525,0.021097249,0.030276477,0.968595013,0.00082744,0.968810726,0.010598719,0.011003005,0.999371525
15,0.999998587,0.979707187,0.99916691,0.030272037,0.030491787,0.999581185,0.020385536,0.979707187,0.021205813,0.030596919,0.99916691
16,0.999998487,0.969624243,0.988877131,0.030480991,0.030488861,0.969606082,0.021112081,0.969624243,0.021009269,0.020204429,0.988877131
17,0.999998386,0.978900127,0.999065712,0.020684387,0.020901614,0.979706884,0.000116937,0.978900127,0.979594285,0.03047978,0.999065712
18,0.999998285,0.999773995,0.999268814,0.021006343,0.030589251,0.989284344,0.020795977,0.968698228,0.02111642,0.030585922,0.999268814
19,0.999998184,0.968698228,0.020497529,0.030283539,0.030383123,0.988974394,0.988994472,0.969300773,0.021010379,0.021109559,0.020497529
20,0.999998083,0.969300773,0.979309559,0.020788006,0.020794867,0.989384532,0.020592573,0.978886406,0.01081302,0.03049108,0.979309559
21,0.999997982,0.010598719,0.01081302,0.021002206,0.020805865,0.999164993,0.000321452,0.999977702,0.989393714,0.03059813,0.01081302
22,0.999997881,0.978886406,0.999577452,0.021323355,0.020895964,0.968810726,0.000112498,0.96869732,0.021109559,0.010102114,0.999577452
23,0.99999778,0.999977702,0.020383821,0.021191082,0.021207528,0.978790152,0.98898973,0.999773995,0.001028726,0.030488861,0.020383821
24,0.999997579,0.020281917,0.000914916,0.021000693,0.020795977,0.989082352,0.989079628,0.968595921,0.988877131,0.000728563,0.000914916
25,0.999997478,0.989698114,0.999581185,0.020908576,0.030595406,0.979388358,0.021320429,0.020281917,0.989295644,0.021206115,0.999581185
26,0.999997377,0.96869732,0.020401982,0.021309734,0.020904036,0.989691859,0.988996187,0.989698114,0.020689734,0.01081302,0.020401982
27,0.999997276,0.988876223,0.979388056,0.021007756,0.020686304,0.989283032,0.999369507,0.969713535,0.020385536,0.030594498,0.979388056
28,0.999997175,0.988878746,0.020507922,0.020613861,0.021310441,0.968706603,0.01081302,0.968700044,0.020687212,0.010917951,0.020507922
29,0.999997074,0.999184163,0.989295644,0.021012599,0.030477459,0.989191924,0.000913403,0.988973082,0.999379395,0.02060135,0.989295644
30,0.999996973,0.968595921,0.999483821,0.021315889,0.030378078,0.978887414,0.989079829,0.988876223,0.030489466,0.030590966,0.999483821
31,0.999996872,0.968700044,0.020490568,0.020810203,0.020788006,0.020281917,0.000204918,0.978992345,0.030496024,0.001116,0.020490568
32,0.999996771,0.969713535,0.999478978,0.021109559,0.021302369,0.988892467,0.988986098,0.988890449,0.000210366,0.030598433,0.999478978
33,0.99999667,0.988973082,0.010598719,0.020903127,0.030277889,0.999274666,0.010307536,0.989191823,0.030477459,0.021009269,0.010598719
34,0.99999657,0.010102114,0.979402685,0.021001702,0.020808992,0.979707187,0.999970539,0.989186173,0.00082744,0.020797389,0.979402685
35,0.999996469,0.988890449,0.020481992,0.030287171,0.021000693,0.98958047,0.989187888,0.999184163,0.020797389,0.030572906,0.020481992
36,0.999996368,0.978992345,0.989889815,0.020692862,0.030381912,0.00062454,0.999089422,0.968810121,0.988789453,0.021010379,0.989889815
37,0.999996267,0.010912906,0.989888099,0.020990805,0.03028253,0.978900127,0.988990436,0.969605274,0.020899495,0.020700732,0.989888099
38,0.999996166,0.989191823,0.02060357,0.030269313,0.030589957,0.979690741,0.020992823,0.979590552,0.999567261,0.021094021,0.02060357
39,0.999996065,0.989079628,0.010605984,0.021111778,0.021303882,0.989185971,0.999272345,0.989903032,0.010614156,0.011119337,0.010605984
40,0.999995964,0.989186173,0.01090887,0.030271936,0.021011791,0.969624243,0.020689734,0.968704484,0.010395214,0.021193201,0.01090887
41,0.999995863,0.000622421,0.999773995,0.020987173,0.021216608,0.96869732,0.998874213,0.999083066,0.020507115,0.030581684,0.999773995
42,0.999995762,0.968810121,0.020204429,0.02060135,0.030369804,0.998973696,0.998865637,0.988972982,0.020396534,0.030596818,0.020204429
43,0.999995662,0.979590552,0.02049077,0.01081302,0.021113393,0.999672495,0.988992353,0.969217737,0.021112081,0.021103808,0.02049077
44,0.999995561,0.969605274,0.999274666,0.030589554,0.030490778,0.989090928,0.989295644,0.989079628,0.010702944,0.030481798,0.999274666
45,0.99999546,0.000217832,0.988986098,0.020609321,0.021002206,0.978886406,0.010302491,0.000217832,0.011025101,0.030489466,0.988986098
46,0.999995359,0.989903032,0.020496117,0.021113393,0.020899495,0.000215411,0.999071564,0.989176588,0.999366884,0.030594296,0.020496117
47,0.999995258,0.989582186,0.020397643,0.020700228,0.020809396,0.969300773,0.988995078,0.989284344,0.010905844,0.030589049,0.020397643
48,0.999995157,0.988972982,0.988992454,0.020613054,0.020684387,0.989479071,0.999879128,0.989384532,0.999986985,0.02111642,0.988992454
49,0.999995056,0.999164993,0.02060135,0.030590361,0.030492695,0.98908215,0.989074381,0.999681273,0.030381912,0.020612651,0.02060135
50,0.999994955,0.969217737,0.020600644,0.0207084,0.030597625,0.999971648,0.989092139,0.988878846,0.0001127,0.030489769,0.020600644
51,0.999994854,0.999083066,0.020701035,0.020986265,0.02080193,0.979590552,0.989487445,0.979402685,0.000102408,0.010412669,0.020701035
52,0.999994753,0.968704484,0.020393204,0.021300654,0.030478973,0.999773995,0.000822799,0.999164993,0.979612951,0.030376867,0.020393204
53,0.999994653,0.989176588,0.00062454,0.02121005,0.030593892,0.999384641,0.000622421,0.988974394,0.000624944,0.030592379,0.00062454
54,0.999994552,0.999681273,0.020706382,0.020906255,0.030572906,0.978992345,0.010805857,0.989491582,0.999673907,0.0302791,0.020706382
55,0.999994451,0.021102799,0.989185971,0.030489668,0.030285658,0.989187686,0.020588537,0.969010801,0.021212572,0.021212572,0.989185971
56,0.99999435,0.988878846,0.020694174,0.020602662,0.021311248,0.989295139,0.989286059,0.968898303,0.01060669,0.030471305,0.020694174
57,0.999994249,0.000215411,0.020602662,0.021110063,0.020810203,0.989177496,0.000119359,0.978801351,0.999773995,0.03048543,0.020602662
58,0.999994148,0.989284344,0.988878746,0.030375354,0.03058572,0.989077307,0.000118148,0.969110586,0.030488861,0.010211181,0.988878746
59,0.999994047,0.989384532,0.020592875,0.021195219,0.020794766,0.989584002,0.998968954,0.999265383,0.03047978,0.02070497,0.020592875
60,0.999993946,0.979510946,0.01071263,0.021011388,0.021320429,0.979816759,0.989395126,0.979510946,0.9898882,0.030484724,0.01071263
61,0.999993845,0.989491582,0.020498538,0.020893139,0.030374244,0.989386348,0.988978026,0.989082352,0.020588537,0.02090787,0.020498538
62,0.999993644,0.020204429,0.989079628,0.021206821,0.030490273,0.999681273,0.999164993,0.978694201,0.010198872,0.0210015,0.989079628
63,0.999993543,0.969010801,0.988996187,0.02120783,0.03028475,0.988986501,0.010092024,0.010598719,0.021320429,0.030590765,0.988996187
64,0.999993442,0.988996591,0.989094762,0.020908475,0.030494914,0.98969993,0.010905844,0.968898202,0.020794867,0.030592984,0.989094762
65,0.999993341,0.979402685,0.020194945,0.020795977,0.021118538,0.979704462,0.00062454,0.969618492,0.030487549,0.000210366,0.020194945
66,0.99999324,0.011003005,0.98888712,0.030589251,0.030271936,0.010605277,0.999584514,0.020187076,0.969620207,0.030369905,0.98888712
67,0.999993139,0.988974394,0.989582186,0.020596003,0.021091599,0.979107467,0.000222171,0.999790744,0.020686304,0.021115007,0.989582186
68,0.999993038,0.020490568,0.020794867,0.020886177,0.021089985,0.988980549,0.000322561,0.979107467,0.000410239,0.030597121,0.020794867
69,0.999992937,0.989082352,0.020611743,0.020204429,0.021192091,0.999970539,0.001017526,0.988996591,0.988980145,0.03059702,0.020611743
70,0.999992836,0.00062454,0.979490161,0.030492594,0.021217012,0.968808204,0.020390883,0.979197061,0.02061487,0.010093538,0.979490161
71,0.999992736,0.968898303,0.010614156,0.021008765,0.030269313,0.988978026,0.99958179,0.020887186,0.989286059,0.030596213,0.010614156
72,0.999992635,0.969110586,0.020500657,0.02080193,0.030475744,0.979510946,0.998974705,0.020290796,0.00011391,0.030390992,0.020500657
73,0.999992534,0.979594285,0.010502364,0.020610633,0.020692862,0.989277684,0.999286975,0.968698127,0.011005931,0.020385536,0.010502364
74,0.999992433,0.978801351,0.010609717,0.020593481,0.030581987,0.98937979,0.999380303,0.999995561,0.020689634,0.010912906,0.010609717
75,0.999992332,0.979197061,0.988883689,0.020796784,0.020613861,0.999383431,0.999677943,0.999881247,0.000913403,0.030596717,0.988883689
76,0.999992231,0.988789453,0.999689445,0.030489466,0.03047978,0.000706265,0.020809396,0.00062454,0.020613357,0.030595406,0.999689445
77,0.99999213,0.979107467,0.000706265,0.030372024,0.030277486,0.988998205,0.010300272,0.979816759,0.999584111,0.030495217,0.000706265
78,0.999992029,0.97981696,0.979710718,0.030487549,0.030489668,0.988791875,0.000216521,0.978684111,0.999871762,0.030573007,0.979710718
79,0.999991928,0.968898202,0.010211181,0.021216608,0.021313165,0.979815548,0.000426685,0.000821992,0.989287976,0.02119199,0.010211181
80,0.999991828,0.979612951,0.000607085,0.030470901,0.02109049,0.968695201,0.999078728,0.968998996,0.030372327,0.030484119,0.000607085
81,0.999991727,0.999265383,0.988994472,0.030588141,0.030383425,0.98947897,0.989785792,0.968794179,0.021100478,0.030483816,0.988994472
82,0.999991626,0.978694201,0.999379395,0.030495923,0.030280311,0.968698228,0.998966028,0.998972082,0.010211181,0.020598828,0.999379395
83,0.999991525,0.969618492,0.000622421,0.02111642,0.021110568,0.989699426,0.999672495,0.010605277,0.020684387,0.030575731,0.000622421
84,0.999991424,0.020290796,0.010498934,0.030573915,0.030484219,0.999580378,0.989279702,0.999875092,0.99999778,0.000220859,0.010498934
85,0.999991323,0.999790744,0.000116937,0.020589243,0.030287474,0.020290796,0.988983878,0.968607221,0.001037403,0.030571494,0.000116937
86,0.999991222,0.96971414,0.010496815,0.0211029,0.020602662,0.020187076,0.030488861,0.96971414,0.989781958,0.03028475,0.010496815
87,0.999991121,0.98968641,0.01059428,0.030369804,0.020998372,0.989783572,0.989597723,0.999572508,0.000322561,0.020589041,0.01059428
88,0.99999102,0.988877131,0.000104225,0.030595204,0.030492594,0.96940187,0.001025598,0.98968641,0.02060135,0.021093113,0.000104225
89,0.999990919,0.020187076,0.999773894,0.030289189,0.021202079,0.988978228,0.02059005,0.968706603,0.020589243,0.030491282,0.999773894
90,0.999990819,0.999995561,0.020989494,0.02061487,0.020607808,0.988883689,0.988981154,0.000109976,0.010197964,0.030592883,0.020989494
91,0.999990718,0.000406607,2.07E-05,0.020800114,0.030495923,0.988975201,0.021108852,0.969213903,0.01071152,0.020805259,2.07E-05
92,0.999990617,0.999881247,0.020793253,0.03047978,0.030287171,0.999885787,0.021009773,0.969617079,0.020602662,0.010516893,0.020793253
93,0.999990516,0.010605277,0.999681273,0.02070729,0.021310642,0.000116836,0.01081635,0.968699439,0.010498934,0.030476249,0.999681273
94,0.999990415,0.000607085,0.00082744,0.020892634,0.030273349,0.989286059,0.999484931,0.969621418,0.020182132,0.021000996,0.00082744
95,0.999990314,0.979388358,0.979799909,0.030277486,0.030489769,0.988990134,0.011005931,0.968802655,0.020390883,0.021322952,0.979799909
96,0.999990213,0.998972082,0.979614363,0.020612651,0.020986467,0.98919041,0.001123365,0.000108361,0.021012397,0.030472616,0.979614363
97,0.999990112,0.989295644,0.979796983,0.030371318,0.020507922,0.978801351,0.988975706,0.969717772,0.998874213,0.03058572,0.979796983
98,0.999990011,0.000821992,0.010807673,0.021299948,0.030493603,0.988999416,0.01060669,0.000215411,0.020886581,0.00082744,0.010807673
99,0.99998991,0.000109976,0.000209256,0.021302369,0.030475946,0.999879229,0.999287076,0.000406607,0.021003114,0.011214885,0.000209256
100,0.99998981,0.999577452,3.23E-06,0.020690743,0.030588141,0.989386248,0.020487036,0.969710003,0.010611835,0.030490172,3.23E-06
101,0.999989709,0.968794179,0.010089704,0.030491787,0.030386654,0.999482711,0.989481089,0.969714846,0.010710107,0.030490273,0.010089704
102,0.999989406,0.020887186,0.010102114,0.020900101,0.020793253,0.98979578,0.010497824,0.989691859,0.030572906,0.000831476,0.010102114
103,0.999989305,0.968698127,0.020204934,0.021188963,0.020989494,0.969115227,0.000213696,0.000817451,0.001018434,0.030593791,0.020204934
104,0.999989204,0.979816759,0.979710819,0.020591463,0.021114099,0.968595921,0.000508511,0.989185971,0.999581185,0.01120308,0.979710819
105,0.999989103,0.978684111,0.010315305,0.03028253,0.030593691,0.989393007,0.999983756,0.989295139,0.021095332,0.030389782,0.010315305
106,0.999989002,0.989295139,0.020298665,0.030485632,0.021008765,0.989792148,0.999281728,0.978790152,0.021189064,0.03057563,0.020298665
107,0.999988902,0.969617079,0.020807983,0.020889305,0.030595204,0.969713535,0.988986501,0.968706703,0.989395126,0.020810203,0.020807983
108,0.999988801,0.989280711,0.979590047,0.020705676,0.030588343,0.969716663,0.989182944,0.999783681,0.000317416,0.030576034,0.979590047
109,0.9999887,0.968998996,0.010912906,0.021208335,0.030595002,0.989185265,0.988998205,0.979491473,0.000721399,0.020788006,0.010912906
110,0.999988599,0.999572508,0.99908468,0.030473726,0.030382114,0.989477961,0.999794477,0.999285361,0.020487036,0.021214389,0.99908468
111,0.999988498,0.999875092,0.010803233,0.02120097,0.030287272,0.989291608,0.020598626,0.979388358,0.030277889,0.030485632,0.010803233
112,0.999988296,0.999285361,0.020808992,0.020889406,0.021008462,0.999081553,0.000317517,0.999580378,0.020502372,0.030483311,0.020808992
113,0.999988195,0.978790152,0.99999778,0.011003005,0.020613357,0.988986703,0.98898065,0.969221167,0.02080193,0.020393204,0.99999778
114,0.999988094,0.968706603,0.020899495,0.021320429,0.021094223,0.969605274,0.021308221,0.988878746,0.010800005,0.02070618,0.020899495
115,0.999987993,0.969710003,0.000913403,0.03058572,0.030494006,0.999065006,0.999372635,0.989894557,0.010303702,0.020795472,0.000913403
116,0.999987893,0.989185971,0.999794477,0.01060669,0.030282228,0.989784783,0.000626558,0.978696622,0.000215411,0.030583702,0.999794477
117,0.999987792,0.989894557,0.02039956,0.021108953,0.020893139,0.999084983,0.999583505,0.96940187,0.00073048,0.030594094,0.02039956
118,0.999987691,0.969621418,0.988998205,0.030276477,0.030494309,0.989884467,0.989084975,0.000408322,0.020788006,0.021294701,0.988998205
119,0.99998759,0.020795977,0.000109976,0.020689936,0.020589243,0.000607085,0.01009939,0.000607085,0.020810203,0.030388975,0.000109976
120,0.999987489,0.969221167,0.020385536,0.020689331,0.030488659,0.989484923,0.010595289,0.968804874,0.001112166,0.020499951,0.020385536
121,0.999987388,0.000108361,0.020507115,0.021001197,0.03057563,0.000116937,0.998873507,0.000416495,0.001124374,0.030585014,0.020507115
122,0.999987287,0.968607221,0.001116,0.021010682,0.021201777,0.989486234,0.98978105,0.988976008,0.979497527,0.020196862,0.001116
123,0.999987186,0.968699439,0.020687212,0.020901614,0.021004123,0.979296342,0.999986076,0.989280711,0.021206115,0.02070164,0.020687212
124,0.999987085,0.969213903,0.010711217,0.021306808,0.0211029,0.999674815,0.000912797,0.978783896,0.979506103,0.02089778,0.010711217
125,0.999986985,0.989691859,0.001124172,0.020697604,0.020991512,0.989399263,0.99977228,0.998973696,0.999089422,0.030578758,0.001124172
126,0.999986884,0.969717772,0.000207642,0.030574621,0.030590462,0.978694201,0.999986177,0.000407515,0.999369507,0.020584198,0.000207642
127,0.999986783,0.999783681,0.010820385,0.030474433,0.030472616,0.000109976,0.000305611,0.989191924,0.021000693,0.02089435,0.010820385
128,0.999986682,0.989286059,0.01050862,0.021206115,0.02098909,0.010604874,0.000116836,0.989283032,0.988791976,0.020193533,0.01050862
129,0.999986581,0.978887414,0.02049642,0.020683883,0.021208638,0.98948119,0.998981364,0.969115227,0.000321452,0.010614156,0.02049642
130,0.99998648,0.968802655,0.988981961,0.020888094,0.021301461,0.978684111,0.030372327,0.969525265,0.001013692,0.030384434,0.988981961
131,0.999986379,0.000817451,0.999677943,0.020791033,0.021107743,0.969221167,0.999791046,0.999577452,0.998873507,0.030583097,0.999677943
132,0.999986278,0.01081302,0.988979035,0.020997767,0.030289189,0.979294929,0.010912099,0.968912832,0.999369204,0.021003114,0.988979035
133,0.999986177,0.011119337,0.020614366,0.020603974,0.020605386,0.989184357,0.000827036,0.989177496,0.021320328,0.030592581,0.020614366
134,0.999986076,0.978698337,0.020905953,0.021305497,0.020886984,0.989492389,0.999883668,0.010604874,0.01011069,0.001034376,0.020905953
135,0.999985976,0.969115227,0.020597315,0.02058329,0.021190779,0.968903751,0.010307637,0.968802957,0.030277586,0.010093033,0.020597315
136,0.999985875,0.969714846,0.00043173,0.01090887,0.020592875,0.989903032,0.98929978,0.969515074,0.010594885,0.020381198,0.00043173
137,0.999985774,0.999580378,0.020887993,0.030287272,0.030590966,0.989889915,0.999883164,0.968899009,0.010698,0.989582186,0.020887993
138,0.999985673,0.978696622,0.979794259,0.020393204,0.020807983,0.999972254,0.00042497,0.969107862,0.011122364,0.0001127,0.979794259
139,0.999985572,0.969620207,0.000123596,0.020492888,0.021196934,0.979402685,0.999074894,0.969523751,0.001126392,0.030275165,0.000123596
140,0.999985471,0.999274666,0.999970539,0.030589957,0.01081302,0.9891893,0.010310058,0.999769051,0.02039159,0.020896267,0.999970539
141,0.99998537,0.000416495,0.010804848,0.020797087,0.021108953,0.988878746,0.999991525,0.98958047,0.021002206,0.010707787,0.010804848
142,0.999985269,0.989884064,0.989698114,0.030382114,0.02060357,0.988876728,0.989279803,2.07E-05,0.011121355,0.030487549,0.989698114
143,0.999985168,0.979491473,0.988789453,0.021102799,0.021118034,0.969019276,0.010091419,0.979690741,0.020393204,0.030588141,0.988789453
144,0.999985068,0.968706703,0.01072171,0.030596314,0.021323456,0.978886506,0.999274666,1.13E-05,0.020998372,0.030280109,0.01072171
145,0.999984967,0.999970539,0.000125513,0.020698916,0.030280411,0.968899009,0.000918548,0.968809011,0.010302491,0.030475643,0.000125513
146,0.999984866,0.000408322,0.989593082,0.02120773,0.020992924,0.999082158,0.020607808,0.96891152,0.989179816,0.021320328,0.989593082
147,0.999984765,3.23E-06,0.00021188,0.030484219,0.030495217,0.979392091,0.989288178,0.969014231,0.011116714,0.021314275,0.00021188
148,0.999984664,0.979197162,0.020607303,0.010708291,0.030370107,0.988976816,0.011008353,0.999274666,0.000220859,0.011122162,0.020607303
149,0.999984563,0.001135069,2.02E-05,0.030494107,0.030282732,0.988979741,0.020589243,0.000706265,0.020613861,0.010598719,2.02E-05
150,0.999984462,0.969515074,0.000119561,0.030581987,0.020596003,0.98898973,0.020691551,0.978698337,0.020692862,0.030583904,0.000119561
151,0.999984361,0.989191924,0.020281917,0.020990402,0.021318008,0.979096973,0.989193034,0.978887414,0.020989494,0.030483513,0.020281917
152,0.99998426,0.989283032,0.979803239,0.021190779,0.030384031,0.979197061,0.020293015,0.989884064,0.010192516,0.030277586,0.979803239
153,0.999984159,0.989699426,0.010914218,0.020992823,0.020886177,0.98898065,0.98937979,0.969423361,0.010525268,0.030494107,0.010914218
154,0.999984059,0.96940187,0.989187686,0.021008159,0.030493704,0.969517496,0.999778636,0.978690972,0.010719188,0.030592076,0.989187686
155,0.999983958,0.010315305,0.01060891,0.02069377,0.030476249,0.989290296,0.989187686,0.978993253,0.011127005,0.030497033,0.01060891
156,0.999983857,0.98958047,0.010714647,0.020701136,0.021100478,0.988884698,0.00102358,0.999482711,3.23E-06,0.030596616,0.010714647
157,0.999983756,0.999769051,0.001020452,0.011107734,0.021209848,0.999083066,0.000509217,0.999778031,0.000321048,0.030483412,0.001020452
158,0.999983554,0.968804874,0.010299061,0.020299775,0.021006343,0.989479374,0.989286967,0.96879993,0.030589251,0.020502372,0.010299061
159,0.999983453,0.998973696,0.000124,0.030278898,0.030276073,0.978984778,0.999977803,1.98E-05,0.021011791,0.030279907,0.000124
160,0.999983352,0.021009269,0.988999012,0.011122364,0.020796784,0.999385348,0.999387668,0.968903953,0.000821084,0.020808791,0.988999012
161,0.999983251,2.07E-05,0.020484918,0.021318714,0.020609321,0.978993253,0.989393007,0.999384439,0.000830568,0.030591067,0.020484918
162,0.999983151,0.000407515,0.000210366,0.020200091,0.030471708,0.989187888,0.998981667,0.9798102,0.001011775,0.021089178,0.000210366
163,0.99998305,0.9798102,1.98E-05,0.021011791,0.030593287,0.999783681,0.000719281,0.96880669,0.999275776,0.030582592,1.98E-05
164,0.999982949,0.020401982,0.010394911,0.020607808,0.021109256,0.968898303,0.000412257,0.969716663,0.010524359,0.999673907,0.010394911
165,0.999982848,0.988976008,0.010620109,0.030471305,0.020505198,0.968698127,0.999385852,0.999383431,0.000831476,0.030583803,0.010620109
166,0.999982747,0.999885787,0.010694973,0.011011884,0.030280714,0.968804874,0.00030662,0.97961285,0.030388571,0.010395214,0.010694973
167,0.999982646,0.01071152,0.010700522,0.030590966,0.020990402,0.999977702,0.000209357,0.968595719,0.020812826,0.030286162,0.010700522
168,0.999982545,0.999672495,0.999276986,0.020793455,0.020591463,0.968700044,0.010301886,0.969015745,0.000119359,0.021320429,0.999276986
169,0.999982444,0.010198872,0.010612441,0.021110164,0.030485632,0.999265383,0.00072039,0.969614859,0.999074894,0.010710006,0.010612441
170,0.999982343,0.969525265,0.020488752,0.021208133,0.02060135,0.979706783,0.989902931,0.999885787,0.021094021,0.03028253,0.020488752
171,0.999982242,0.999384641,0.999470806,0.011116714,0.030474433,0.979193328,0.98919041,0.999970539,0.030475946,0.999782975,0.999470806
172,0.999982142,0.000116937,0.010495302,0.030486338,0.020700228,0.000124,0.989786094,0.96869954,0.988784409,0.021293087,0.010495302
173,0.99998194,0.978993253,0.010611735,0.020805865,0.020610633,0.989390283,0.020281917,0.968800031,0.979791938,0.011121355,0.010611735
174,0.999981839,0.96891152,0.988986804,0.030577346,0.021190376,0.989297359,0.999779746,0.999971648,0.030473726,0.021205106,0.988986804
175,0.999981738,0.999379395,0.98958047,0.020293923,0.030471305,0.988975706,0.000422851,0.978999509,0.010201798,0.030385645,0.98958047
176,0.999981637,0.999385247,0.010502768,0.011203787,0.020593481,0.998974099,0.000408928,0.979193328,0.010509124,0.020613357,0.010502768
177,0.999981536,0.010197964,0.998873507,0.030371217,0.020795069,0.000206936,0.988980549,0.968907787,0.000116937,0.011002198,0.998873507
178,0.999981435,0.010604874,0.979594285,0.030596818,0.021208133,0.969010801,0.988984887,0.989783572,0.000209357,0.020991814,0.979594285
179,0.999981334,0.988992454,0.02038483,0.021310441,0.030587536,0.989698114,0.999387265,0.999384641,0.000408423,0.030594397,0.02038483
180,0.999981234,0.010498934,0.000116836,0.030273349,0.021001197,0.999285361,0.999891941,0.000119561,0.979806467,0.020802031,0.000116836
181,0.999981133,0.000706265,0.000125413,0.021010984,0.020604781,0.000209256,0.000624944,0.968592389,0.999367388,0.030490071,0.000125413
182,0.999981032,0.968802957,0.010601746,0.021201777,0.021009471,0.999182549,0.020295538,0.968807296,0.020809396,0.030587031,0.010601746
183,0.999980931,0.978690972,0.00073048,0.011099158,0.020701035,0.988878846,0.989881642,0.000122083,0.020992823,0.030473726,0.00073048
184,0.99998083,0.978783896,0.989486234,0.030276073,0.030384434,0.979591056,0.999869845,0.000124706,0.988777144,0.011005931,0.989486234
185,0.999980729,0.000914008,0.020285448,0.030280311,0.020683883,0.999790744,0.988981457,0.979612951,0.001116,0.020687212,0.020285448
186,0.999980628,0.969014231,0.020298565,0.030282732,0.021189064,0.00072029,0.99977793,0.989584002,0.001127805,0.020193028,0.020298565
187,0.999980527,0.000317416,0.999184163,0.030590462,0.020703154,0.998868563,0.020200091,0.968802049,0.001133354,0.03057331,0.999184163
188,0.999980426,0.968809011,0.020185966,0.020496319,0.020800013,0.998870783,0.98979689,0.968806589,0.020193028,0.03049552,0.020185966
189,0.999980325,0.968912832,0.999673907,0.020998372,0.021295105,0.989288178,0.030574319,0.988789453,0.020592573,0.030285759,0.999673907
190,0.999980225,0.999673907,0.989803953,0.020685396,0.021003821,0.978690972,0.999886897,0.988892467,0.010308343,0.021198447,0.989803953
191,0.999980124,0.021205813,0.010197964,0.030578354,0.0207084,0.98889166,0.010205935,0.999085084,0.000406405,0.030369804,0.010197964
192,0.999980023,0.989177496,0.000914008,0.021092608,0.030471809,0.968998996,0.989484923,0.000918851,0.000719281,0.001028726,0.000914008
193,0.999979922,0.968899009,0.000507199,0.030379793,0.030577346,0.969618492,0.01061012,0.979794259,0.999571802,0.030293528,0.000507199
194,0.999979821,0.969716663,0.999977702,0.020891827,0.021011388,0.978999509,0.010712932,0.999672495,0.989489867,0.030595204,0.999977702
195,0.99997972,1.98E-05,0.010618192,0.021118034,0.021008159,0.999086396,0.98898408,0.989090928,0.000112498,0.000622421,0.010618192
196,0.999979619,0.000720491,0.01031702,0.021213783,0.030372024,0.999673605,0.011202979,0.968912731,0.030472616,0.030576236,0.01031702
197,0.999979518,0.969614859,0.010814534,0.030587536,0.030596818,0.988979035,0.988986804,0.969218342,0.0205957,0.01100008,0.010814534
198,0.999979417,0.01071263,0.010493486,0.021008058,0.021005939,0.988994472,0.020382812,0.97908981,0.020613054,0.0104049,0.010493486
199,0.999979317,0.000918851,0.999473025,0.030593691,0.030574117,0.969621418,0.999586936,0.979197162,0.988996187,0.020805663,0.999473025
200,0.999979115,0.989783572,0.98898973,0.03047191,0.02050207,0.99897864,0.0205957,0.969714645,0.000810893,0.011025101,0.98898973
201,0.999979014,0.000122083,0.020390883,0.020603066,0.021005738,0.999367287,0.989581479,0.9996731,0.001018333,0.020905549,0.020390883
202,0.999978913,0.969523751,0.989905857,0.030475744,0.021011993,0.989196565,0.989291608,0.000720491,0.998966633,0.020784979,0.989905857
203,0.999978812,0.020687212,0.979612951,0.030494309,0.021299948,0.998968954,0.011025101,0.968903751,0.020808992,0.021005031,0.979612951
204,0.999978711,0.021010379,0.020201806,0.021303882,0.02070729,0.998977126,0.000206734,0.989290296,0.010497824,0.030386654,0.020201806
205,0.99997861,0.02111642,0.020182838,0.021012397,0.030283539,0.989191823,0.989283133,0.969310157,0.989385239,0.020689734,0.020182838
206,0.999978509,0.999971648,0.979704967,0.030595406,0.030593791,0.000611727,0.001022067,0.988980549,0.989785792,0.000616368,0.979704967
207,0.999978408,0.000119561,0.020193028,0.000210366,0.020904944,0.988983878,0.020404202,0.988992454,0.000621211,0.020810909,0.020193028
208,0.999978308,0.000410239,0.010201697,0.020499144,0.030286364,0.979798799,0.000825927,0.98908215,0.000826128,0.021291674,0.010201697
209,0.999978207,0.969423361,0.000202395,0.020994236,0.02061487,0.969714645,5.35E-06,0.968705089,0.000932169,0.999069344,0.000202395
210,0.999978106,0.989393714,0.020482395,0.020696595,0.021008058,0.999583001,0.989492389,0.969113613,0.999577452,0.021009773,0.020482395
211,0.999978005,0.979193328,0.989086287,0.030285658,0.020892634,0.989888301,0.999282334,0.999385247,0.999690656,0.020700833,0.989086287
212,0.999977904,0.979690741,0.020493695,0.030577144,0.020613054,0.978783997,0.999276078,0.979704462,0.999773894,0.030488659,0.020493695
213,0.999977803,0.969107862,0.000416293,0.021099267,0.030592581,0.979803239,0.988992152,0.968803664,0.999983857,0.030387562,0.000416293
214,0.999977702,0.000116836,0.010597004,0.021008462,0.020995144,0.989885577,0.021005031,0.968807598,0.010315305,0.020989292,0.010597004
215,0.9999775,0.000124706,0.989489867,0.010509124,0.021307212,0.998873507,0.989480887,0.968914749,0.010412265,0.99999778,0.989489867
216,0.9999774,0.969015745,0.000408322,0.021189064,0.030487347,0.000308941,0.010909375,0.979798698,0.010914924,0.020390883,0.000408322
217,0.999977299,0.969310157,0.001021461,0.020505198,0.030582592,0.98968641,0.988972982,0.968609945,2.13E-05,0.020602158,0.001021461
218,0.999977198,0.999384439,0.010314901,0.030372327,0.030280512,0.98929746,0.010914117,0.968900321,0.998865637,0.030571191,0.010314901
219,0.999977097,0.999482711,0.989897684,0.030383123,0.030571796,0.010194534,0.020201503,0.999084983,0.010914319,0.010715757,0.989897684
220,0.999976996,0.999383431,0.010401167,0.02130358,0.021112384,0.988996591,0.98969882,0.989479071,0.030379894,0.010605984,0.010401167
221,0.999976895,0.989290296,0.98958158,0.020886984,0.021213783,0.979612951,0.000508713,0.000404085,0.020609321,0.020683983,0.98958158
222,0.999976794,0.968903953,0.000112599,0.020794867,0.020997767,0.020486734,0.989784783,0.979296342,0.010720096,0.0305835,0.000112599
223,0.999976592,0.979794259,0.000710099,0.020587326,0.02069821,0.988891963,0.998875121,0.969015846,0.011000281,0.020692862,0.000710099
224,0.999976491,0.979798698,0.988890651,0.020487036,0.020889406,0.969717772,0.010708291,0.969100598,0.011203282,0.021293894,0.988890651
225,0.999976391,1.13E-05,0.989278189,0.020986467,0.020200091,0.000511033,0.001021663,0.020290997,0.999586936,0.000731287,0.989278189
226,0.99997629,0.978999509,0.001127805,0.030488558,0.021010984,0.989596311,0.999065006,0.989699426,0.010706374,0.010696587,0.001127805
227,0.999976189,0.979704462,0.999478373,0.000913403,0.030293931,0.999184163,0.010090713,0.979791837,0.030486338,0.030596415,0.999478373
228,0.999976088,0.999778031,0.998980052,0.020991713,0.01090887,0.969015745,0.020507518,0.968897799,0.02050207,0.030477459,0.998980052
229,0.999975987,0.96879993,0.020300986,0.020186571,0.020487036,0.989084975,0.988975201,0.969309551,0.999791652,0.01060669,0.020300986
230,0.999975886,0.998873507,0.989286059,0.021217012,0.030488558,0.968706703,0.030492594,0.969411556,0.988994472,0.030573814,0.989286059
231,0.999975785,0.020487036,0.02029473,0.02109049,0.02058329,0.989285151,0.010595894,0.999674815,0.01090201,0.030580372,0.02029473
232,0.999975684,0.000102408,0.010710914,0.010716161,0.021095837,0.979798698,0.99907338,0.001135069,0,0.030490878,0.010710914
233,0.999975583,0.968806589,0.000821992,0.021110568,0.021309734,0.97981464,0.989188392,0.999574526,0.030471708,0.0212044,0.000821992
234,0.999975483,0.96880669,0.010601241,0.02129349,0.021316696,0.96971414,0.999783378,0.989190511,0.999367792,0.010719188,0.010601241
235,0.999975382,0.988892467,0.010896965,0.021095332,0.030483816,0.020295639,0.000418714,0.978685322,0.010307637,0.030473424,0.010896965
236,0.999975281,0.979791837,0.988999618,0.021208638,0.021294903,0.968699439,0.001113074,0.978697934,0.979299672,0.030378078,0.988999618
237,0.99997518,0.988980549,0.020400973,0.020812826,0.020701741,0.989697912,0.020401175,0.000116836,0.000715245,0.011124382,0.020400973
238,0.999975079,0.989090928,0.988879149,0.030286364,0.020888094,0.989493701,0.99998305,0.978783291,0.03028253,0.021012397,0.988879149
239,0.999974978,0.968800031,0.020290796,0.020903228,0.021097149,0.999875092,0.001028322,0.999070151,0.021103808,0.030593691,0.020290796
240,0.999974877,0.968807296,0.999081553,0.020293419,0.030391598,1.98E-05,0.000230848,0.99937213,0.021108852,0.021201171,0.999081553
241,0.999974776,0.020899495,0.979197061,0.020901816,0.030284952,0.999084479,0.010800913,0.999987287,0.010716161,0.020899092,0.979197061
242,0.999974675,0.979296342,0.999377881,0.011222149,0.03047756,0.989278189,0.030371217,0.989187686,0.979509533,0.030379894,0.999377881
243,0.999974574,0.97961285,0.000831476,0.021008664,0.021188963,0.998974705,0.021302672,0.000209256,0.030483816,0.030576437,0.000831476
244,0.999974474,0.001028726,0.00051063,0.030597222,0.030286566,0.999572508,0.999384641,0.001034678,0.999078728,0.020989796,0.00051063
245,0.999974272,0.989584002,0.000721399,0.020193533,0.021314174,0.020290997,0.999386962,0.97981464,0.999083268,0.020897175,0.000721399
246,0.999974171,0.989593082,0.999389686,0.030471708,0.020992823,0.989191016,0.030278898,0.969019276,0.020697604,0.0213059,0.999389686
247,0.99997407,0.000404085,0.969620207,0.021094223,0.030574621,0.989178807,0.989093955,0.969517496,0.020701035,0.030372327,0.969620207
248,0.999973969,0.968907787,0.989291608,0.021311752,0.0210128,0.999282031,0.989891933,0.989492389,0.01029331,0.030482706,0.989291608
249,0.999973868,0.999085084,0.0001127,0.030483614,0.020795472,0.998864729,0.020687918,0.979294929,0.010294319,0.020689634,0.0001127
250,0.999973767,0.999674815,0.000824817,0.030475946,0.030371318,0.988998003,0.989482199,0.969108871,0.010518608,0.020299977,0.000824817
251,0.999973666,0.98908215,0.010709805,0.030472616,0.030269414,0.000408322,0.998968853,3.23E-06,0.010705668,0.030586325,0.010709805
252,0.999973465,0.969517496,0.001117009,0.020501363,0.020785181,0.97898609,0.999780452,0.999688436,0.011116411,0.021198245,0.001117009
253,0.999973364,0.020591463,8.17E-06,0.020904036,0.030474332,0.020585813,0.0005185,0.979096973,0.000418109,0.020886581,8.17E-06
254,0.999973263,0.000220557,0.989480887,0.020285852,0.030492493,2.07E-05,0.98929524,0.000914008,0.979098386,0.030383123,0.989480887
255,0.999973162,0.96869954,0.000716456,0.030282934,0.020600543,0.989597219,0.02049642,0.968697926,0.000716456,0.021117731,0.000716456
256,0.999973061,0.968802049,0.999373846,0.010603966,0.030577144,0.999384036,0.000514766,0.969098277,0.001123567,0.030277486,0.999373846
257,0.99997296,0.968903751,0.989182944,0.03057563,0.03028021,0.9996731,0.020791437,5.25E-06,0.030284952,0.010524359,0.989182944
258,0.999972859,0.999084983,0.010409137,0.021294903,0.030578354,0.998966734,0.020801728,0.978695411,0.030492594,0.020693871,0.010409137
259,0.999972758,0.989187686,0.989187888,0.010497824,0.030573915,5.25E-06,0.000124,0.97929382,0.020401982,0.030588545,0.989187888
260,0.999972657,0.989492389,0.989089919,0.021318613,0.011099562,0.989480584,0.999996368,0.020401982,0.999876404,0.021099772,0.989089919
261,0.999972557,0.000607691,0.010292503,0.020899495,0.02049077,0.988789453,0.010509124,0.99948705,0.98990505,0.021095332,0.010292503
262,0.999972456,0.968595719,0.01030229,0.020798903,0.030579565,0.96891152,0.989900711,0.010315305,0.000220557,0.030596314,0.01030229
263,0.999972355,0.968912731,0.979494197,0.020589142,0.030380096,0.998981162,0.999879229,0.01071263,0.001022067,0.01080404,0.979494197
264,0.999972254,0.978697934,0.00082855,0.010414989,0.021193806,0.020298565,0.000123596,0.989900409,0.001130932,0.021312963,0.00082855
265,0.999972153,0.001130932,0.998968651,0.020785181,0.02120097,0.969217737,0.020586216,0.000108059,0.001135069,0.97981696,0.998968651
266,0.999972052,0.969714645,0.010497219,0.021108852,0.030494107,1.93E-05,0.989904848,0.978904567,0.979809494,0.999366884,0.010497219
267,0.999971951,0.999773894,0.020890011,0.030592581,0.021323355,0.97981696,0.021108953,0.969009388,0.020196862,0.030390791,0.020890011
268,0.999971749,0.989479071,0.988981457,0.030584307,0.030280109,0.988996187,0.001129318,0.999673605,0.020593481,0.020809396,0.988981457
269,0.999971648,0.020689734,0.010918052,0.030274257,0.020497529,0.020591463,0.020693266,0.000112599,0.020992924,0.030284952,0.010918052
270,0.999971548,0.000210366,0.999879632,0.030290703,0.011099158,0.988976008,0.010295933,0.000205422,0.010903624,0.020494402,0.999879632
271,0.999971447,0.001016215,0.001115798,0.010504786,0.030486036,0.999085084,0.020399964,0.969001014,0.011017635,0.020900403,0.001115798
272,0.999971346,0.969621519,0.999476658,0.030585114,0.030594498,0.989887696,0.010516691,0.969514267,0.000222171,0.010613752,0.999476658
273,0.999971245,0.020794867,0.000217832,0.011218921,0.02128895,0.999689445,0.998966633,0.999674008,0.000626356,0.989897684,0.000217832
274,0.999971144,0.999987287,1.03E-05,0.030278293,0.030590361,0.969608604,0.989900509,0.999979922,0.00082855,0.030497235,1.03E-05
275,0.999971043,0.978685322,0.989091331,0.021300452,0.020796683,0.989279803,0.999386356,0.989076399,0.000922382,0.020888397,0.989091331
276,0.999970942,0.000707476,0.979495711,0.020991512,0.030497033,0.000407515,0.020396534,0.00021188,0.001012078,0.030574722,0.979495711
277,0.99997074,0.969015846,0.979817364,0.030277385,0.030590865,0.998868261,0.000727554,0.97909435,0.00112165,0.030289896,0.979817364
278,0.99997064,0.020290997,0.988975201,0.020905044,0.030392102,0.989795377,0.020299271,0.000528589,0.979803037,0.020607202,0.988975201
279,0.999970539,0.020890011,0.999891941,0.030490273,0.030590765,0.97949793,0.020288172,0.968903852,0.020596003,0.030598231,0.999891941
280,0.999895271,0.999674008,0.998961689,0.030269414,0.030592278,0.989780444,0.010716161,0.969308038,0.999570692,0.020298766,0.998961689
281,0.99989517,0.97908981,0.989090928,0.020592472,0.030583601,0.999070959,0.998976925,0.010297951,0.021214389,0.020613761,0.989090928
282,0.999895069,0.00082744,0.98937979,0.021091599,0.020907062,0.99927174,0.010412063,0.989077307,0.01009939,0.030573108,0.98937979
283,0.999894968,0.968592389,0.999083268,0.010905844,0.030589049,0.999266191,0.000916833,0.989386348,0.010605984,0.020804149,0.999083268
284,0.999894867,0.969113613,0.02038372,0.021301461,0.021009269,0.010618797,0.989792148,0.000206936,0.979093039,0.021211866,0.02038372
285,0.999894666,0.999381312,1.61E-06,0.020895964,0.020891726,0.989478768,0.000609406,0.00051063,0.979095964,0.021295508,1.61E-06
286,0.999894565,0.020797389,0.020298867,0.020586216,0.020697302,7.06E-06,0.000313784,0.000707476,0.000607085,0.030383526,0.020298867
287,0.999894363,0.021109559,0.000410239,0.011211959,0.030379894,0.968898202,0.030475744,0.968910511,0.030276477,0.020906961,0.000410239
288,0.999894262,0.010502768,0.000510831,0.020687212,0.020887489,0.968914749,0.999583304,0.96931621,0.030372024,0.030269313,0.000510831
289,0.999894161,0.989190511,0.001130932,0.021311248,0.020603974,0.998971375,0.0103937,0.988791875,0.021193806,0.030276477,0.001130932
290,0.99989406,0.989291608,0.98990616,0.011214582,0.021005637,0.979491473,0.020692862,0.989291204,0.01050973,0.030492493,0.98990616
291,0.999893959,0.98937979,0.99957947,0.011119337,0.020492888,0.000312371,0.999085286,0.010912906,0.000221868,0.030571796,0.99957947
292,0.999893858,0.98949138,0.00031005,0.021118538,0.030272037,0.989176588,0.020699017,0.99908125,0.979086279,0.010710107,0.00031005
293,0.999893758,0.979096973,0.979791837,0.0205957,0.030497336,0.999083974,0.000303492,0.020890011,0.000514766,0.030381609,0.979791837
294,0.999893657,0.969218342,0.989487445,0.02109614,0.030584307,0.969617079,0.989288884,0.98958945,0.00062908,0.030471809,0.989487445
295,0.999893556,0.999570893,0.000206734,0.010211181,0.020784677,0.001016618,0.000628879,0.999073178,0.979391587,0.010495907,0.000206734
296,0.999893455,0.988994472,0.999784791,0.021093819,0.030278595,0.968802655,0.999768749,0.989286059,0.979504892,0.030482202,0.999784791
297,0.999893253,0.97981464,0.020199586,0.030496024,0.020897881,0.989279501,0.00010483,0.000116937,0.001129318,0.020684084,0.020199586
298,0.999893152,0.9996731,0.000110278,0.020280101,0.030483614,0.999286975,0.989784278,0.000424062,0.020610633,0.020994034,0.000110278
299,0.999893051,0.000205422,0.000408423,0.020687918,0.011203787,0.999368094,0.999466568,0.001024589,0.999281728,0.021101588,0.000408423
300,0.99989295,0.000206936,0.988978329,0.021189165,0.030571191,0.000713832,0.989884669,0.968906778,0.999478373,0.030273954,0.988978329
301,0.999892849,0.0004284,0.020389067,0.020584501,0.021007957,0.989701948,0.011214784,0.969113209,0.021107137,0.020807277,0.020389067
302,0.999892749,0.000611727,0.01071152,0.030493603,0.030597121,0.010308444,0.989080031,0.969622528,0.021307716,0.030497437,0.01071152
303,0.999892648,0.979294929,0.000310353,0.020989494,0.021209747,0.96869954,0.000817754,0.999570893,0.010504584,0.001135573,0.000310353
304,0.999892547,0.968900321,0.999568775,0.030379894,0.020885471,0.988978934,0.989284747,0.0004284,0.010712125,0.999871762,0.999568775
305,0.999892446,0.020385536,0.989698719,0.020592573,0.030588444,0.989684291,0.011016525,0.000511538,0.989480887,0.021323456,0.989698719
306,0.999892244,0.020393204,0.97969064,0.021114402,0.021092608,0.989491582,0.999981234,0.979194337,0.010917951,0.020887287,0.97969064
307,0.999892143,0.000528589,0.020396937,0.02038715,0.030491181,0.999377881,0.989783572,0.98937979,0.011027523,0.020811817,0.020396937
308,0.999892042,0.001129722,0.010396929,0.020593178,0.021318714,0.96921249,0.011122364,0.978886506,0.001016215,0.020686304,0.010396929
309,0.999891941,0.969309551,0.01049621,0.011027523,0.020800114,0.978695411,0.989890218,0.978994767,0.001025598,0.021304891,0.01049621
310,0.999891841,0.99937213,0.0205957,0.020993731,0.02120107,0.968802957,0.021096341,0.001017829,0.97970083,0.020590857,0.0205957
311,0.99989174,0.999879229,0.020807883,0.020901412,0.021108852,0.969110586,0.989277684,0.999367287,0.020200091,0.030480486,0.020807883
312,0.999891639,0.999986985,0.010311269,0.020995648,0.021311752,0.98958158,0.011116714,0.999581084,0.020698916,0.030597222,0.010311269
313,0.999891538,0.989076399,0.989685906,0.020201806,0.030386149,0.989580975,0.001029432,0.999879229,0.021006343,0.01051881,0.989685906
314,0.999891437,0.000209256,0.000419017,0.030488659,0.021300553,0.999577452,0.00052415,0.00072029,0.999983756,0.000913403,0.000419017
315,0.999891336,0.978994767,0.020694275,0.010599324,0.030392506,0.020295235,0.001117412,0.969000611,0.989074381,0.010815643,0.020694275
316,0.999891235,0.00051063,0.989888604,0.020604781,0.020901412,0.969710003,0.010698,0.969523953,0.010703852,0.0005186,0.989888604
317,0.999891134,0.979698409,0.989188695,0.011026312,0.020496319,0.020297858,0.021299948,0.969601844,0.010711621,0.000706568,0.989188695
318,0.999891033,0.999070151,0.988876223,0.021112384,0.030271634,0.989805971,0.999375056,0.020297858,0.000214906,0.00111943,0.988876223
319,0.999890932,0.999673605,0.010801316,0.011025808,0.011003005,0.000225601,0.988979035,0.999999395,0.000825422,0.030582895,0.010801316
320,0.999890832,0.978783291,0.999883365,0.010605984,0.021201878,0.00093338,0.989091432,0.989593082,0.020281211,0.030581987,0.999883365
321,0.999890731,0.979098386,0.979808384,0.020986971,0.020704768,0.999272749,0.000611424,0.98969993,0.998966028,0.03048654,0.979808384
322,0.99989063,0.010297951,0.999876202,0.011015012,0.02069377,0.97909435,0.000714337,0.978796205,0.999073481,0.999367792,0.999876202
323,0.999890529,0.00021188,0.988980145,0.030382618,0.030491282,0.979003948,0.01009374,0.000404993,0.020505198,0.020988989,0.988980145
324,0.999890428,0.000609709,0.99988609,0.021305396,0.03029262,0.988981457,0.000410037,0.968798114,0.999278702,0.030491787,0.99988609
325,0.999890327,0.988986501,0.989092744,0.020992924,0.020692459,0.969514267,0.021008664,0.999381312,0.020800013,0.020903733,0.989092744
326,0.999890226,0.989386348,0.001129722,0.02038594,0.03047413,0.979205436,0.98979578,2.04E-05,0.020904036,0.030574117,0.001129722
327,0.999890125,0.001024589,0.010308343,0.020600644,0.021102395,0.000714337,0.010599324,0.978802864,0.021009773,0.999888511,0.010308343
328,0.999890024,0.968705089,0.000311059,0.021202079,0.030385342,0.00062,0.000306418,0.000204817,0.02130025,0.020602864,0.000311059
329,0.999889924,0.969019276,0.010192919,0.030280512,0.020696595,0.979791837,0.020202311,0.978905273,0.999988599,0.020607808,0.010192919
330,0.999889823,0.969108871,0.010804141,0.030593892,0.021002105,0.020587326,0.001027212,0.97920372,0.010210677,0.030579061,0.010804141
331,0.999889722,0.979194337,0.000918548,0.999275372,0.021318613,0.989182944,0.98929746,0.969400962,0.010414989,0.020992823,0.000918548
332,0.999889621,0.020587326,0.989385239,0.020703557,0.020905044,0.001024589,0.99948029,0.020585813,0.010516086,0.030371217,0.989385239
333,0.999889419,0.010201596,0.000222978,0.010514573,0.021289051,0.989702049,0.000103619,0.020709106,0.01052446,0.01040722,0.000222978
334,0.999889318,0.989083058,0.001031752,0.020904944,0.020496117,0.988984887,0.99907903,7.06E-06,0.010801215,0.030278091,0.001031752
335,0.999889217,0.010594885,0.999986985,0.020794766,0.020894652,0.98898408,0.011106625,0.000607691,0.01090655,0.030372024,0.999986985
336,0.999889116,0.010614156,0.000427896,0.030490071,0.020706382,0.989585011,0.020486734,0.02040743,0.011014911,0.021199759,0.000427896
337,0.999889015,0.000424465,0.010701531,0.020487743,0.020499144,0.989794065,0.999991626,0.020591463,0.011026312,0.030491181,0.010701531
338,0.999888915,0.979803239,0.010292301,0.020905852,0.021314577,0.98948916,0.021322245,0.999982343,0.000204918,0.979590955,0.010292301
339,0.999888814,0.968897799,0.989805971,0.010598719,0.020810909,0.989884164,0.020299069,0.010092327,0.000422851,0.030583601,0.989805971
340,0.999888713,0.999073178,0.010501255,0.011222049,0.030594296,0.989679953,0.98958037,0.979089205,0.979404804,0.030589655,0.010501255
341,0.999888612,0.010509932,0.000814626,0.020808992,0.020689129,0.010613147,0.98958158,0.968801747,0.979501159,0.999379395,0.000814626
342,0.999888511,0.978695411,0.999574526,0.021097149,0.021294499,0.969515074,0.9895838,0.968998895,0.000920263,0.020801223,0.999574526
343,0.99988841,0.979089205,0.989082352,0.021213279,0.020179307,0.969308038,0.010606791,0.988986501,0.030492695,0.979594285,0.989082352
344,0.999888309,0.97929382,0.001024589,0.020692459,0.020701136,0.978905172,0.000606379,0.989178101,0.020199586,0.021213884,0.001024589
345,0.999888208,0.968803664,0.989083058,0.010703448,0.011122364,0.999071867,0.010294319,0.989793258,0.999184163,0.010706273,0.989083058
346,0.999888107,0.998968651,0.010315507,0.01052325,0.02089556,0.020589142,0.999368094,0.989889915,0.0210015,0.021087866,0.010315507
347,0.999888007,0.999685107,0.999669266,0.0210128,0.011116714,0.999384439,0.989179413,0.000407111,0.999677943,0.021011791,0.999669266
348,0.999887906,0.988996187,0.989899803,0.020893845,0.020501363,0.97909092,0.999778132,0.000609709,0.021314275,0.02061487,0.989899803
349,0.999887805,0.01050862,0.989889915,0.010612643,0.020991814,0.968912832,0.989801027,0.00062,0.010109479,0.010525268,0.989889915
350,0.999887704,5.25E-06,0.988890449,0.020484211,0.020890213,0.968806589,0.000611525,0.000713731,0.000414679,0.021318411,0.988890449
351,0.999887603,0.978904567,0.999280518,0.01051881,0.021094828,0.989188796,0.989887696,0.00073159,0.979107366,0.020886984,0.999280518
352,0.999887502,0.978905273,0.000421943,0.010525268,0.011221241,0.989090524,0.999373846,0.968602983,0.0005186,0.988878746,0.000421943
353,0.999887401,0.97898609,0.000810187,0.021207528,0.021203189,0.000622421,0.000116332,0.969605779,0.000822799,0.02111652,0.000810187
354,0.9998873,0.000424062,0.999285361,0.020179307,0.021318411,0.999891941,1.03E-05,0.969611126,0.001034376,0.020702044,0.999285361
355,0.999887199,0.968609945,0.969606082,0.020692358,0.021091902,0.98909234,0.02069377,0.998876635,0.020292511,0.020297959,0.969606082
356,0.999887098,0.968807598,0.999872368,0.020607101,0.011003712,0.999574526,0.000123798,0.999282031,0.998968651,0.020812826,0.999872368
357,0.999886998,0.968914749,0.979593074,0.020612953,0.020906255,0.999679961,0.021094223,0.99957049,0.021295105,0.98988588,0.979593074
358,0.999886897,0.988999416,0.001016618,0.021193806,0.03047191,0.999770262,0.011211253,0.999972254,0.99998305,0.000125513,0.001016618
359,0.999886796,0.989187888,0.000102408,0.010820385,0.02060246,0.988879654,0.988999416,0.010201596,0.988973284,0.030472516,0.000102408
360,0.999886695,0.978796205,0.999887805,0.020803443,0.020908576,0.999999395,0.989399667,0.98947897,0.010595289,0.030471708,0.999887805
361,0.999886594,0.000407111,0.999468889,0.020808892,0.020611743,0.988974192,0.999884374,0.000611727,0.00061435,0.030490778,0.999468889
362,0.999886493,0.979497527,0.999581891,0.010804949,0.030293629,0.001114991,0.989295442,0.979392091,0.001037302,0.021010782,0.999581891
363,0.999886392,0.969411556,0.999999798,0.021105826,0.020592673,0.000828348,0.000626356,0.969621519,0.020587326,0.021118236,0.999999798
364,0.999886291,0.020496016,0.999996368,0.030293931,0.011214582,0.968609945,0.999385348,0.999680869,0.020607808,0.010704659,0.999996368
365,0.99988619,0.999366884,0.001133354,0.011221241,0.030375757,0.978796205,0.000404185,0.010502768,0.020612651,0.030593892,0.001133354
366,0.99988609,0.999574526,0.998863821,0.020284641,0.030573612,0.979594285,0.998971678,0.989279501,0.021113393,0.020890213,0.998863821
367,0.999885989,0.000112599,0.01060669,0.020299271,0.020994236,0.98988366,0.999973162,0.000424465,0.99977228,0.9999887,0.01060669
368,0.999885888,0.97909435,0.988778153,0.021009773,0.021007756,0.978696622,0.99937889,0.968799224,0.030276073,0.021115411,0.988778153
369,0.999885787,0.000511538,0.010310967,0.021293894,0.021106935,0.968801747,0.011099158,0.999985774,0.989699426,0.021189064,0.010310967
370,0.999885686,0.001034678,0.989482905,0.021107137,0.021206014,0.999769051,0.999477666,0.989291608,0.00010483,0.01030239,0.989482905
371,0.999885585,0.020507115,0.010397736,0.021005334,0.030589554,0.999067226,0.998972182,8.37E-06,0.000525461,0.021323254,0.010397736
372,0.999885484,0.999389484,0.999082158,0.030384737,0.011217206,0.989592881,0.98990616,0.969620207,0.000616267,0.020899697,0.999082158
373,0.999885383,0.999688436,1.93E-05,0.011213876,0.020593178,0.989295644,0.020390076,0.020295639,0.000914008,0.030593388,1.93E-05
374,0.999885282,0.999979922,0.00083087,0.030471809,0.021200667,0.978783896,0.999676026,0.989803953,0.979710718,0.030372932,0.00083087
375,0.999885181,0.978886506,0.010308444,0.010797281,0.030277385,0.000217832,0.011205199,0.978783997,0.02039956,0.030372125,0.010308444
376,0.999885081,0.000713731,0.98918698,0.020796078,0.030481798,0.998866243,0.010194534,0.97898609,0.030273349,0.030478973,0.98918698
377,0.99988498,0.001018434,0.020296748,0.010302491,0.030572402,0.989280711,0.999380505,0.99987943,0.021118538,0.020899495,0.020296748
378,0.999884879,0.001124374,0.999285865,0.010703246,0.020995648,0.968903852,0.999674916,0.979105247,0.988888431,0.030281622,0.999285865
379,0.999884677,0.969098277,0.010708291,0.011224571,0.020893845,0.969614859,0.989291507,0.001129722,0.010307536,0.030587536,0.010708291
380,0.999884576,0.969100598,0.989584002,0.030277889,0.021289656,0.999085387,0.999086396,0.979803239,0.989079628,0.030591975,0.989584002
381,0.999884475,0.030489466,0.989694784,0.020600039,0.020707492,0.969525265,0.00112276,0.969217838,0.989079829,0.010301684,0.989694784
382,0.999884374,0.030496024,0.988877232,0.020612348,0.030375354,0.989797395,0.989782866,0.020300986,0.010708291,0.020994942,0.988877232
383,0.999884273,0.988791875,0.010510234,0.010700522,0.021190981,0.969310964,0.021114603,0.999781966,0.011008353,0.030593287,0.010510234
384,0.999884173,0.000213998,0.010497824,0.02098909,0.030390084,0.969714846,0.999384036,0.999873881,0.989801935,0.011026413,0.010497824
385,0.999884072,0.000406405,0.010198065,0.021211866,0.02129349,0.010918052,0.999994753,0.989277684,8.27E-06,0.021191889,0.010198065
386,0.999883971,0.00073159,0.989484116,0.030571494,0.021191082,0.968900321,0.989800321,0.01071152,0.979704967,0.020186571,0.989484116
387,0.99988387,0.969605779,0.979798799,0.020893341,0.021111778,0.000916833,0.999995056,0.98949138,0.030278898,0.030371621,0.979798799
388,0.999883769,0.999581084,0.989492389,0.020791941,0.010807673,0.999795587,0.010594683,0.989888301,0.999084277,0.020904338,0.989492389
389,0.999883668,0.988978026,0.988978026,0.021091801,0.030482706,0.999474841,0.99938787,0.979698409,0.020589949,0.999999496,0.988978026
390,0.999883567,0.001017829,0.999381312,0.011109147,0.011107734,0.999982343,0.001131739,0.968704181,0.999480088,0.010997961,0.999381312
391,0.999883466,0.968910511,0.020586216,0.01081635,0.030290703,0.96879993,0.998970165,0.969314798,0.020895964,0.021200869,0.020586216
392,0.999883365,0.988998205,0.010614055,0.020886581,0.020705878,0.989701847,0.030573915,0.989295644,0.020901614,0.021001197,0.010614055
393,0.999883264,0.98919041,0.00071696,0.030490677,0.030592076,0.988773008,0.999878422,0.978984778,0.010198368,0.021100882,0.00071696
394,0.999883164,0.000821386,0.999086396,0.02049531,0.011222049,0.9797989,0.999172863,0.978994161,0.988887221,0.011017736,0.999086396
395,0.999883063,0.999264778,0.010704659,0.030494914,0.020903127,0.020887186,0.999974272,0.979001426,0.988983777,0.030279302,0.010704659
396,0.999882962,7.06E-06,0.989781958,0.030597121,0.030371217,0.969707078,0.998974099,0.979101514,0.010597912,0.03058128,0.989781958
397,0.999882861,0.00072029,0.999570692,0.030287474,0.020791033,0.968800031,0.989386248,0.999264778,0.989388972,0.030275569,0.999570692
398,0.99988276,0.999999395,0.989392907,0.021209848,0.020986971,0.989277987,0.000113507,0.020794968,0.011114999,0.010100096,0.989392907
399,0.999882659,0.989889915,0.001116504,0.011000584,0.030489365,0.989385541,0.999679961,0.010197964,0.001113982,0.030494208,0.001116504
400,0.999882558,0.00062,0.988872692,0.030494006,0.021315889,0.96880669,0.999671889,0.988877131,0.998981667,0.020993731,0.988872692
401,0.999882457,0.000623128,0.010191305,0.020598626,0.021110164,0.989292819,0.989293525,0.98919041,0.999484931,0.030392102,0.010191305
402,0.999882356,0.000932169,0.98899195,0.02048179,0.020689936,0.010201697,0.001020049,0.978998903,0.030476249,0.000408423,0.98899195
403,0.999882256,0.969099891,0.020394213,0.020295538,0.030273954,0.989588946,0.98909234,0.968813551,0.988996288,0.021002206,0.020394213
404,0.999882155,0.969514267,0.000617881,0.011003712,0.020293923,0.979698409,0.020808992,0.969300269,0.0103937,0.030374244,0.000617881
405,0.999882054,0.020496319,0.010518306,0.021004123,0.010902312,0.989579159,0.99907449,0.988978026,0.98929978,0.030586022,0.010518306
406,0.999881953,0.999172863,0.01051881,0.001126392,0.020986265,0.988778759,0.989285958,0.98948119,0.011213876,0.010615165,0.01051881
407,0.999881751,0.020589142,0.999893959,0.021313165,0.030286465,0.998875626,5.65E-06,0.000317416,0.98988588,0.030488961,0.999893959
408,0.99988165,0.97879893,0.999286672,0.030478569,0.030571494,0.979497527,0.999470705,0.000409634,2.14E-05,0.010203412,0.999286672
409,0.999881549,0.979105247,0.000623329,0.01091442,0.020887993,0.989184457,0.999383431,0.979706783,0.000204212,0.021101689,0.000623329
410,0.999881448,0.00073048,0.001034678,0.011114999,0.021008664,0.988986804,0.999182448,0.968607423,0.000909569,0.010308343,0.001034678
411,0.999881347,0.001021461,0.010804242,0.000822799,0.021103808,0.988877131,0.010903119,0.96881345,0.000921777,0.020993429,0.010804242
412,0.999881247,0.02040743,0.020193533,0.021196934,0.02130358,0.969113209,0.989391595,0.969099891,0.979798597,0.020794867,0.020193533
413,0.999881146,0.99908125,0.000107554,0.030482706,0.02078952,1.13E-05,0.000113406,0.969617584,0.969621519,0.989805164,0.000107554
414,0.999881045,0.999367287,0.020391993,0.000721399,0.020288172,0.968607221,0.998874112,0.020298565,0.020489559,0.020990301,0.020391993
415,0.999880944,0.99948705,0.989289287,0.01040722,0.020385536,0.99906662,0.989491784,0.989390283,0.999272345,0.030381912,0.989289287
416,0.999880843,0.999569178,0.998974705,0.010092024,0.020687212,0.020496319,0.011016828,0.989582186,0.010207751,0.000104225,0.998974705
417,0.999880742,0.999689445,0.989179715,0.0213171,0.021109861,0.989594798,0.00112952,0.000405094,0.988872389,0.030475139,0.989179715
418,0.999880641,0.999972254,0.001128208,0.030284952,0.030598433,0.968807296,0.01059539,0.979101615,0.010394205,0.010412265,0.001128208
419,0.99988054,0.999982343,0.02038261,0.021095837,0.030588545,0.98928848,0.999277289,0.000917035,0.01050862,0.021098258,0.02038261
420,0.999880439,0.989077307,0.979798597,0.010518608,0.030478569,0.999778031,0.989275969,0.979815548,0.010509932,0.020605689,0.979798597
421,0.999880339,0.98947897,0.99957049,0.01030239,0.021306808,0.989881642,5.45E-06,0.969202401,0.011107734,0.030379087,0.99957049
422,0.999880238,0.98958945,0.010706778,0.011203988,0.030278898,0.979695886,0.000211375,0.999569178,0.030376867,0.030573915,0.010706778
423,0.999880137,0.98969993,5.25E-06,0.020798398,0.021002005,0.989785691,0.989188695,0.99967078,0.020193533,0.021193806,5.25E-06
424,0.999880036,0.979001426,0.010808379,0.011003914,0.021095332,0.02039724,0.989582186,0.999773894,0.020286356,0.030577951,0.010808379
425,0.999879935,0.979299672,0.000406607,0.010611735,0.030494208,0.969523953,0.010308242,0.988998205,0.999071564,0.021118437,0.000406607
426,0.999879834,0.969009388,0.999584514,0.020481689,0.030379793,0.999181338,0.989295139,0.001016215,0.020594893,0.030386149,0.999584514
427,0.999879733,0.969308038,0.020591463,0.030378078,0.030591067,0.969203511,0.000727453,0.001130932,0.999286773,0.011011884,0.020591463
428,0.999879632,0.969400962,0.001025598,0.021010379,0.03028818,0.020487036,0.030388571,0.010498833,0.01051881,0.030597323,0.001025598
429,0.999879531,0.020297858,0.010614963,0.030477459,0.03028697,0.989181632,0.021314174,0.989278189,0.010622228,0.030490677,0.010614963
430,0.99987943,0.020709106,0.999483922,0.010912906,0.020990805,0.000409634,0.001013289,0.989486234,0.989276474,0.020203925,0.999483922
431,0.99987933,0.020794968,0.000230545,0.000719281,0.021105826,0.989391595,0.000607085,0.989792148,0.98978105,0.021319319,0.000230545
432,0.999879229,0.999567261,0.010494293,0.010900395,0.02109614,0.98958037,0.999893556,0.979195043,7.67E-06,0.021300553,0.010494293
433,0.999879128,0.010194534,0.020507821,0.030385241,0.021208335,0.999065712,0.010797684,0.97939189,0.000110278,0.03059591,0.020507821
434,0.999879027,0.988984584,0.989280005,0.010089704,0.020891827,0.968810121,0.998967339,0.979610428,0.001128208,0.02098909,0.989280005
435,0.999878926,0.989277684,0.998872599,0.011213372,0.021107137,0.000108361,0.001125686,0.968805581,0.030494006,0.00073048,0.998872599
436,0.999878825,0.989803953,0.000322561,0.030490778,0.030596314,0.979810099,0.998872801,0.969208757,0.02058329,0.001034174,0.000322561
437,0.999878724,0.989888301,0.000720491,0.021305093,0.021290161,0.999269116,0.999474539,0.96922036,0.020801728,0.030489668,0.000720491
438,0.999878623,0.000108059,0.000611727,0.020298363,0.021309936,0.989700334,0.999474841,0.998873507,0.999584514,0.020191515,0.000611727
439,0.999878522,0.968697926,0.988993564,0.021005031,0.030490071,0.010708291,0.010514573,0.999389484,0.010100903,0.021094929,0.988993564
440,0.999878422,0.020613861,0.999685107,0.010614358,0.021108348,0.998862409,0.021002509,0.999978005,0.010414081,0.030283842,0.999685107
441,0.999878321,0.99957049,0.979296342,0.02120107,0.021097249,0.989188695,0.020295639,0.988999618,0.010600031,0.03027456,0.979296342
442,0.99987822,0.989178101,0.999973969,0.021089884,0.021305497,0.020204429,0.020299775,0.989885577,0.01081191,0.030493401,0.999973969
443,0.999878119,0.989900409,0.000527782,0.010803738,0.021292986,0.000421842,0.998977126,0.000220557,0.989487546,0.020599635,0.000527782
444,0.999878018,0.978802864,0.989191318,0.021107743,0.020604478,0.97908981,0.001118926,0.97949793,0.989597723,0.0205957,0.989191318
445,0.999877917,0.969113209,0.999893556,0.030598332,0.02120773,0.999082864,0.021011993,0.969208454,0.000726848,0.021213985,0.999893556
446,0.999877816,0.020390883,0.010605277,0.0103937,0.021009773,0.989485326,0.000207642,0.969406309,0.000817754,0.020992016,0.010605277
447,0.999877715,0.010308444,0.000310958,0.030491181,0.020587326,0.979694272,0.989184457,0.020295235,0.030575731,0.020795271,0.000310958
448,0.999877614,0.01060669,0.988783299,0.021295508,0.021001702,0.000119561,0.000828348,0.999084479,0.02029473,0.030590361,0.988783299
449,0.999877513,0.010708291,0.010515884,0.020605386,0.030480991,0.999075701,0.998982676,0.020487036,0.999471411,0.010720096,0.010515884
450,0.999877413,0.010709199,0.000220557,0.030481798,0.030484119,0.02050439,0.999070454,0.989091634,0.01040036,0.030580171,0.000220557
451,0.999877312,0.000404993,0.000206936,0.021109256,0.020687918,0.979499645,0.989903738,0.010498934,0.010409137,0.010309554,0.000206936
452,0.99987711,0.979086279,0.000209357,0.021091902,0.030385241,0.998861803,0.01090201,0.98979578,0.989187888,0.010202504,0.000209357
453,0.999877009,0.00061435,0.010105645,0.011106927,0.02109281,0.989176487,0.020994135,0.978988713,0.01071263,0.000913907,0.010105645
454,0.999876908,0.979311577,0.010601141,0.021006444,0.021195219,0.969605779,0.02019999,0.968913841,0.011002501,0.020896973,0.010601141
455,0.999876807,0.968903852,0.999484931,0.020406623,0.021105725,0.979092635,0.020280605,0.969610117,0.000104225,0.999983857,0.999484931
456,0.999876706,0.968906778,0.010594986,0.020285045,0.030490172,0.999680869,0.999467476,0.020496016,0.000425373,0.011203585,0.010594986
457,0.999876504,0.969001014,0.000202295,0.021005637,0.030471507,0.988983273,0.020991108,0.988883689,0.000623128,0.020894047,0.000202295
458,0.999876404,0.010395214,0.979706884,0.030585922,0.020908475,0.998970366,0.011108844,0.989083058,0.000718171,0.021307716,0.979706884
459,0.999876303,0.989291204,0.989890723,0.010617889,0.021305396,0.999873579,0.999779242,0.989277785,0.999065309,0.030493603,0.989890723
460,0.999876202,0.989792148,0.999177706,0.010918355,0.020893341,0.989088809,0.000429308,0.978792674,0.020683983,0.021319622,0.999177706
461,0.999876101,0.020295639,0.020284338,0.021108348,0.020612953,0.989884366,0.000625448,0.978800645,0.02070497,0.020690643,0.020284338
462,0.999876,0.020298565,0.999264778,0.020900605,0.030493401,0.968794179,0.020593178,0.978802764,0.020805865,0.021110063,0.999264778
463,0.999875899,0.999086396,0.979197162,0.021195319,0.030275569,0.020388765,0.020991512,0.000213998,0.999473429,0.030588444,0.979197162
464,0.999875798,0.999574122,0.999678851,0.030384434,0.020803443,0.020388966,0.999073481,0.97909092,0.010196652,0.021007655,0.999678851
465,0.999875697,0.010092327,0.000627163,0.010520828,0.030495318,0.999688436,0.001010464,0.968696009,0.010615367,0.021317402,0.000627163
466,0.999875596,0.010702944,0.020487036,0.02060357,0.020988989,0.989793258,0.999569077,0.969618593,0.010804242,0.021201575,0.020487036
467,0.999875496,0.000313784,0.020198779,0.010499842,0.020708905,0.001124677,0.030595103,0.96971071,0.000426685,0.010409945,0.020198779
468,0.999875294,0.96931621,0.000626558,0.000716456,0.021210252,0.999272345,0.010711621,0.999086396,0.979197162,0.000624944,0.000626558
469,0.999875193,0.020585813,0.010301079,0.03047756,0.030470901,1.59E-05,0.010398745,0.020496319,0.001020049,0.021112081,0.010301079
470,0.999875092,0.988996288,0.999979115,0.020800719,0.02129914,0.989381102,0.020791941,0.999172863,0.001121549,0.030577043,0.999979115
471,0.999874991,0.010496815,0.000321048,0.011211253,0.030490677,0.989388064,0.000224895,0.020587326,0.001126291,0.010702944,0.000321048
472,0.99987489,0.989385239,0.999265686,0.020588638,0.020601149,0.968907787,0.999775307,0.020589142,0.030494309,0.021189972,0.999265686
473,0.999874789,0.000204817,0.989295442,0.03047413,0.020902421,0.979798597,0.989385844,0.999689445,0.02038715,0.02019323,0.989295442
474,0.999874688,0.979101514,0.000106545,0.010903119,0.020801526,0.000222171,0.989496728,0.999873679,0.020590353,0.020590353,0.000106545
475,0.999873881,0.979399759,0.999869644,0.010817359,0.021006444,0.979691043,0.989580975,0.010814534,0.020591463,0.020888498,0.999869644
476,0.99987378,0.001133354,0.989290296,0.020591261,0.020686708,0.998872801,0.000819772,0.989884467,0.999385852,0.030598332,0.989290296
477,0.999873679,0.969000611,0.010412467,0.020203824,0.020987173,0.989397245,0.989579159,0.000609608,0.999685107,0.020588537,0.010412467
478,0.999873579,0.030477459,0.998981667,0.010193525,0.030493804,0.978698337,0.998969458,0.000622421,0.9999887,0.030383425,0.998981667
479,0.999873478,0.998876635,0.999477566,0.011210647,0.020200595,0.989399162,0.000915219,0.998868664,0.010523956,0.021005637,0.999477566
480,0.999873377,0.998968954,0.98949138,0.011203282,0.020584501,0.97879893,0.998860996,0.998971375,0.000524957,0.030285658,0.98949138
481,0.999873276,0.988986703,0.97981575,0.020702952,0.020702952,0.999175385,0.030572503,0.988999416,0.979303506,0.030485733,0.97981575
482,0.999873175,0.98898973,0.988979641,0.020800013,0.020896065,0.979196153,0.999181338,0.989484923,0.000930252,0.010800005,0.988979641
483,0.999873074,0.989484923,0.020197569,0.020700127,0.030275669,0.989299276,2.14E-05,0.989784783,0.979698409,0.021010278,0.020197569
484,0.999872973,0.989793258,0.020201705,0.010307637,0.020697604,0.989286462,0.999583001,0.97868855,0.00112276,0.030494309,0.020201705
485,0.999872872,0.000917035,4.04E-06,0.011000887,0.020690743,0.989803247,0.999889924,0.979191209,0.030489668,0.030382618,4.04E-06
486,0.999872771,0.969523953,0.999282233,0.021092507,0.030374547,0.969708187,0.989701948,0.000821386,0.020201201,0.021201373,0.999282233
487,0.99987267,0.969601844,0.989699426,0.020605689,0.020689331,0.020481992,0.989176083,0.96921249,0.020288273,0.000930757,0.989699426
488,0.99987257,0.999570692,0.999065309,0.021318411,0.021188459,0.999783782,0.010202908,0.969622729,0.020299977,0.020701842,0.999065309
489,0.999872469,0.99999778,0.000932169,0.020611844,0.0303918,0.979093644,0.989803247,0.010524057,0.999286975,0.020612146,0.000932169
490,0.999872368,0.988975201,0.010599728,0.010811406,0.020812524,0.979312183,0.020686708,0.989393007,0.020690542,0.020500052,0.010599728
491,0.999872267,0.98990505,0.988791875,0.021005939,0.02089667,0.000406607,0.99896744,0.989479374,0.020701842,0.011009362,0.988791875
492,0.999872166,0.0001127,0.010493587,0.020601451,0.010998162,0.999671889,0.999475346,0.000119964,0.020797087,0.010620109,0.010493587
493,0.999872065,0.97920372,0.989084975,0.030491585,0.030382618,0.989894557,0.021201474,0.97961063,0.020807883,0.988980145,0.989084975
494,0.999871964,0.000726848,0.020190203,0.020288172,0.03048432,0.978792674,0.011203787,0.968700751,0.999768749,0.020999079,0.020190203
495,0.999871863,0.979495004,0.001018434,0.020205943,0.020299775,0.97961285,0.989193942,0.969202502,0.999891941,0.030583197,0.001018434
496,0.999871762,0.020300986,0.989884366,0.011202979,0.021214389,0.00051063,0.999182549,0.969403384,0.021321943,0.02090565,0.989884366
497,0.999871662,0.020396534,0.000713832,0.010307536,0.030290299,0.989091634,0.010504786,0.998870783,0.988778153,0.030494006,0.000713832
498,0.999871561,0.999873679,0.999077416,0.020609725,0.020589142,0.989801027,0.99947353,0.99906551,0.988875214,0.021118337,0.999077416
499,0.99987146,0.99987943,0.989285554,0.020204934,0.030492392,0.968607423,0.989795377,0.020486734,0.988986098,0.020592875,0.989285554
500,0.999871359,0.989278189,0.010200486,0.01009939,0.021296719,0.020393204,0.999769858,0.988975201,0.010501355,2.13E-05,0.010200486
501,0.999871157,0.011025101,0.999769051,0.021006545,0.030586224,0.968912731,0.989686108,0.01050862,0.010703448,0.030484219,0.999769051
502,0.999871056,0.989784783,0.000607691,0.021214389,0.020705676,0.000720491,0.030577346,0.989196565,0.010713437,0.030286566,0.000607691
503,0.999870955,0.98979578,0.010611331,0.011205199,0.021298031,0.998875121,0.998973393,0.010618797,0.010917648,0.030278898,0.010611331
504,0.999870854,1.93E-05,0.010301987,0.021318008,0.030579061,0.988984584,0.021190174,0.989399263,0.000223785,0.030494914,0.010301987
505,0.999870753,0.978783997,0.999886594,0.020686708,0.020807277,0.99896744,0.010417411,0.989884366,0.979498435,0.021314577,0.999886594
506,0.999870653,0.978984778,0.010604874,0.011106625,0.021094929,0.979607603,0.989399263,0.000123294,0.020295538,0.03047867,0.010604874
507,0.999870552,0.000624944,0.02059449,0.011199448,0.02131831,0.968704484,0.999164287,0.978795903,0.020585914,0.020988485,0.02059449
508,0.999870451,0.030381912,0.001119128,0.000908358,0.021290463,0.000609709,0.98958047,0.97879893,0.99947464,0.030475038,0.001119128
509,0.99987035,0.969622528,0.010414989,0.02089324,0.020612651,0.978690467,0.999679053,0.978802965,0.021009471,0.030575126,0.010414989
510,0.999870249,0.020602662,0.020382005,0.001025598,0.020407733,0.978802965,0.999071867,0.978990227,0.021192091,0.020300683,0.020382005
511,0.999870148,0.02061487,0.999083066,0.020403596,0.011000584,0.989394521,0.020591564,0.979591056,0.030471809,0.020708905,0.999083066
512,0.999870047,0.988872692,0.000217631,0.021192091,0.030484724,0.020390076,0.989889915,0.979812723,0.010310159,0.020692358,0.000217631
513,0.999869946,2.04E-05,0.010613147,0.021197035,0.030482302,0.989285958,0.02038715,0.969607595,0.010310967,0.030592278,0.010613147
514,0.999869845,0.000710402,0.989591367,0.011118328,0.030483412,0.001028322,0.989597219,0.999986581,0.010617486,0.001128208,0.989591367
515,0.999869745,0.000223987,0.979803037,0.02069821,0.030473424,0.020404,0.010299263,0.010194534,0.000220153,0.020698916,0.979803037
516,0.999869644,0.969611126,0.020589243,0.021310642,0.021099267,0.999578562,0.998870783,0.010308444,0.000230848,0.020683479,0.020589243
517,0.999795788,0.021112081,0.989695592,0.021199759,0.030597525,0.989581479,0.999971648,0.988978228,0.979501058,0.011108542,0.989695592
518,0.999795688,0.999985774,0.010401469,0.020484918,0.011003914,0.020382509,0.000207339,0.988990134,0.000912797,0.021192595,0.010401469
519,0.999795587,0.988980145,0.010603966,0.020507821,0.02121005,0.01020422,0.010514976,0.989184357,0.979802532,0.030578153,0.010603966
520,0.999795486,0.989184357,0.010518608,0.021204198,0.020900101,0.969621519,0.989284344,0.989386248,0.03029262,0.020798298,0.010518608
521,0.999795385,0.989390283,0.979191108,0.030474533,0.02131377,0.000707678,0.001124677,0.978690467,0.020408136,0.030271936,0.979191108
522,0.999795284,0.000104225,0.999387265,0.030271634,0.02060811,0.979498737,0.999486545,0.978698236,0.021006444,0.010201798,0.999387265
523,0.999795183,0.00021985,0.979497527,0.020992722,0.030387663,0.998866344,0.010999878,0.000123193,0.02109049,0.030291308,0.979497527
524,0.999795082,0.000609608,0.010705668,0.020801728,0.020889305,0.978998903,0.000206936,0.978894477,0.021322245,0.021307212,0.010705668
525,0.999794981,0.000707678,0.010407523,0.02119199,0.020507821,0.020691349,0.000717464,0.000319333,0.01081635,0.001127805,0.010407523
526,0.99979488,0.969618593,0.000612029,0.030490172,0.020998171,0.978792876,0.030492695,0.979490161,0.00010372,0.030585821,0.000612029
527,0.99979478,0.020295235,0.010913512,0.011002501,0.021118135,0.989593082,0.01112075,0.969724331,0.000629787,0.020487137,0.010913512
528,0.999794679,0.999084479,0.988996591,0.021096442,0.030269515,3.23E-06,0.021093819,0.999081553,0.000715346,0.010307637,0.988996591
529,0.999794477,0.020589243,0.999783378,0.021190174,0.030583097,0.979194337,0.021012094,0.010198872,0.979388358,0.030287575,0.999783378
530,0.999794376,0.010618797,0.001131235,0.020399964,0.021199759,0.020405816,0.010313388,0.988979641,0.979404401,0.030277889,0.001131235
531,0.999794275,0.989386248,0.999388677,0.030484724,0.020690441,0.969309248,0.020792647,0.010509932,0.001031652,0.021310441,0.999388677
532,0.999794174,0.010905844,0.989883155,0.030489769,0.020612348,0.989176083,0.010605176,0.989477961,0.020186571,0.020999886,0.989883155
533,0.999794073,0.989885577,0.97950913,0.021295105,0.030282934,0.989884064,0.010716262,0.978905374,0.020201806,0.030280916,0.97950913
534,0.999793972,0.978698236,0.999486747,0.001027212,0.03048765,0.979090516,1.38E-05,0.000303997,0.020690643,0.030479175,0.999486747
535,0.999793871,0.000124,0.000920263,0.011102791,0.021005334,0.969404493,0.020382509,0.978988612,0.020694275,0.030494511,0.000920263
536,0.999793771,0.978988713,0.99957392,0.021298031,0.020591059,0.989582186,0.998971073,0.001117009,0.020796784,0.03048876,0.99957392
537,0.99979367,0.979610428,0.020886076,0.000912797,0.020804351,0.989293727,0.989703764,0.979813025,0.021001197,0.030285961,0.020886076
538,0.999793569,0.968801747,0.989390283,0.020592875,0.020997565,0.000313784,0.99927063,0.968900018,0.999877715,0.010910586,0.989390283
539,0.999793468,0.968913841,0.988880864,0.030384031,0.020795876,0.969608503,0.011014911,0.999065006,0.999991626,0.011027523,0.988880864
540,0.999793367,0.998868664,0.98929978,0.010313287,0.020481992,0.999971144,0.999379395,0.988984584,0.988872692,0.020396534,0.98929978
541,0.999793266,0.999282031,0.988885102,0.010310058,0.021006545,0.998978942,0.021318714,0.988986703,0.011119438,0.030595002,0.988885102
542,0.999793165,0.020684387,0.999476758,0.011103396,0.030491585,0.000117946,0.020613861,0.010709199,0.989897382,0.010718381,0.999476758
543,0.999793064,0.020998372,0.000813012,0.020401679,0.020502372,0.999387668,0.010619604,0.010803233,0.000709191,0.020611036,0.000813012
544,0.999792963,0.99999102,0.000821084,0.020404,0.020695284,0.998982676,0.010613147,0.979098386,0.979400667,0.021002005,0.000821084
545,0.999792863,0.989188695,0.999776316,0.000209357,0.021211866,0.968802049,0.989897583,0.979594285,0.979698812,0.989295644,0.999776316
546,0.999792762,0.010597307,0.00031681,0.01071263,0.020490568,0.99948705,0.999487756,0.001021461,0.001117917,0.030486944,0.00031681
547,0.999792661,0.010708695,0.020689734,0.020904338,0.011199448,0.998968248,0.999483821,0.969421343,0.020396836,0.020200999,0.020689734
548,0.99979256,0.989780444,0.989686208,0.010519012,0.011121053,0.979611538,0.000808573,0.999574122,0.999083873,0.020997061,0.989686208
549,0.999792459,8.37E-06,0.00052647,0.010605681,0.020204429,0.969001014,0.021010076,0.000223987,0.999778132,0.010100903,0.00052647
550,0.999792358,0.978994161,0.010616073,0.030575529,0.021194411,0.000123596,0.999476658,0.9789872,0.999883164,0.01090887,0.010616073
551,0.999792257,0.000405094,0.010696991,0.000813012,0.020703759,0.968997281,0.000523746,0.97898841,0.999997881,0.030391093,0.010696991
552,0.999792156,0.000715245,0.020500758,0.011020864,0.020703557,0.99907338,0.021316696,0.979002132,0.010093235,0.021001904,0.020500758
553,0.999792055,0.979392091,0.010611129,0.0210015,0.020197367,0.989395328,0.989883458,0.979089608,0.010103022,0.020388866,0.010611129
554,0.999791954,0.979810099,0.989794166,0.020196862,0.020404403,0.99927063,0.000106041,0.979093644,0.988779566,0.010900395,0.989794166
555,0.999791854,0.968798114,0.000105435,0.021190376,0.030596011,0.999769758,0.999369911,0.979098083,0.010292301,0.020504592,0.000105435
556,0.999791753,0.969217838,0.989196565,0.011100066,0.030372327,0.969214004,0.00032125,0.979311577,0.010403386,0.020787603,0.989196565
557,0.999791652,0.969314798,0.999384641,0.021308221,0.030385443,0.999583304,0.000104729,0.96879761,0.010602049,0.999570692,0.999384641
558,0.99979145,0.969610117,0.998872902,0.010600031,0.030384737,0.999370213,0.989396135,0.968803966,0.010706778,0.020689835,0.998872902
559,0.999791349,0.999065006,0.010108268,0.021201474,0.0304708,0.979086279,0.999972254,0.969116035,0.989393916,0.030269414,0.010108268
560,0.999791248,0.02060135,0.001014903,0.021294297,0.02079628,0.989185164,0.99937324,0.969310056,0.98969882,0.030596011,0.001014903
561,0.999791046,0.020610633,0.001037302,0.021005738,0.020685396,0.989703663,0.001021158,0.969420637,0.011203988,0.030577749,0.001037302
562,0.999790946,0.99967078,0.020196358,0.010508216,0.011221746,0.999881247,0.021195319,0.969707178,0.978887414,2.14E-05,0.020196358
563,0.999790845,0.999680869,0.001034174,0.01090655,0.021012599,0.999995561,0.020390984,0.020404,0.000408726,0.020695082,0.001034174
564,0.999790744,0.999873881,0.000931362,0.010599425,0.021097855,0.010299061,0.98949138,0.999685107,0.979502773,0.030475542,0.000931362
565,0.999790643,0.010720096,0.989794872,0.020806773,0.020811515,0.99928647,0.02039724,0.010597307,0.979590148,0.021191183,0.989794872
566,0.999790542,0.989487546,0.020614265,0.000608195,0.021300048,0.978905374,0.030596314,0.989694784,0.001012986,0.021301461,0.020614265
567,0.999790441,0.010918052,0.000627466,0.021322245,0.030589352,0.020383518,0.998966734,0.978695613,0.001014903,0.011109046,0.000627466
568,0.99979034,0.9898882,0.999787112,0.021002509,0.021300654,2.05E-05,0.021309633,0.979088196,0.001136683,0.02060014,0.999787112
569,0.999790239,0.000721399,0.000313279,0.030383425,0.020608615,0.010096766,0.98969993,0.000729471,0.030282732,0.010914924,0.000313279
570,0.999790138,0.000810893,0.010596701,0.020595499,0.03027799,0.010097069,0.9893922,0.979399759,0.999086799,0.030388571,0.010596701
571,0.999790037,0.97949793,0.020795069,0.020590958,0.020280605,0.979305927,0.010308141,0.001012179,0.020586216,0.020590151,0.020795069
572,0.999789937,0.001010565,0.000406102,0.030286465,0.020488752,0.969423361,7.67E-06,0.97969185,0.999380303,0.021192091,0.000406102
573,0.999789836,0.001016618,0.001026203,0.020290594,0.021010682,0.969618593,1.31E-05,0.979694272,0.02089778,0.021316595,0.001026203
574,0.999789735,0.96881345,0.000204212,0.03048432,0.020702346,0.998965725,0.000827541,0.979695886,0.021110063,0.010503272,0.000204212
575,0.999789634,0.968813551,0.000406405,0.03057442,0.020389067,0.999581084,0.999477566,0.968597838,0.988983878,0.021107137,0.000406405
576,0.999789533,0.020404,0.999784186,0.030474634,0.021203593,0.989190511,0.01030239,0.968908796,0.010522039,0.010308545,0.999784186
577,0.999789432,0.999579974,0.020499144,0.011210042,0.021320732,0.989493196,0.999178109,0.968997281,0.989179413,0.010619403,0.020499144
578,0.999789331,0.99968551,0.010413577,0.020810909,0.021206821,0.000821084,0.999770565,0.020388966,0.011218921,0.000307225,0.010413577
579,0.999789029,0.988983878,0.020292511,0.020481992,0.030480587,0.968903953,0.988990134,0.010410247,0.000216521,0.021088673,0.020292511
580,0.999788928,0.988990134,0.020497227,0.021207124,0.030386856,0.989074381,0.999682483,0.989187888,0.000222675,0.011124584,0.020497227
581,0.999788827,0.989393007,0.000410037,0.011126198,0.030496024,0.989893144,0.999075701,0.989400171,0.000418714,0.010801215,0.000410037
582,0.999788726,0.989486234,0.010111497,0.020604478,0.021095938,0.989799413,0.999082158,0.979092635,0.979495004,0.021321943,0.010111497
583,0.999788625,0.978690467,0.989887191,0.01009374,0.021306607,0.989887191,0.010297043,0.97920029,0.001013289,0.021323053,0.989887191
584,0.999788524,0.000123193,0.020180618,0.011021066,0.030575529,0.969099891,0.021112787,0.00093338,0.001023782,0.021208738,0.020180618
585,0.999788423,0.978791867,0.989280711,0.011103194,0.030381206,0.999873881,0.020685396,0.979701335,0.979697501,0.020200091,0.989280711
586,0.999788322,0.000321048,0.020496016,0.020703154,0.030587031,0.998972082,0.989283032,0.979711222,0.030277486,0.010905844,0.020496016
587,0.999788221,0.978990227,0.998962597,0.02060468,0.030272239,0.989790736,0.011112073,0.968709831,0.998974705,0.021111879,0.998962597
588,0.99978812,0.000406708,0.989702957,0.020503583,0.030588948,0.000115424,0.989790736,0.96890133,0.02038594,0.030270423,0.989702957
589,0.99978802,0.000813214,0.989295139,0.000426685,0.021294398,0.989482602,0.000223684,0.998968651,0.999072876,0.010603966,0.989295139
590,0.999787919,0.001125484,0.999165296,0.020490568,0.021201676,0.989882651,4.04E-06,0.999575736,0.020603974,0.021300452,0.999165296
591,0.999787818,0.968602983,0.979510946,0.010812617,0.020806773,0.999071463,0.989885577,0.99968551,0.999273657,0.030383829,0.979510946
592,0.999787616,0.968998895,0.000509116,0.021206216,0.021114402,0.000713731,0.000505181,0.988876728,0.020687918,0.030269717,0.000509116
593,0.999787515,0.96921249,0.989479071,0.020701539,0.021322144,0.99937213,0.989780444,0.988994472,0.999369003,0.021203795,0.989479071
594,0.999787313,0.969300269,0.999869946,0.01071828,0.02120783,0.010502768,0.999369103,0.989383422,0.010207852,0.020908071,0.999869946
595,0.999787212,0.998870783,0.001115193,0.020384224,0.021197035,0.989694381,0.010614055,0.010918052,0.010300272,0.000720592,0.001115193
596,0.999787112,0.998971375,0.999087203,0.00112276,0.021206216,0.020394213,0.000119863,1.59E-05,0.01049964,0.030474433,0.999087203
597,0.999787011,0.020486734,0.999876807,0.010091419,0.021312055,0.999991626,0.030284952,0.000213494,0.010502768,0.011006335,0.999876807
598,0.99978691,0.999584111,0.010804949,0.001012986,0.030485935,0.988999618,0.999671789,0.000312371,0.010519012,0.021289051,0.010804949
599,0.999786809,0.999781966,0.020604478,0.020385536,0.020600644,0.968803966,0.998863619,0.000410239,0.989280711,0.020492888,0.020604478
600,0.999786708,0.999978005,0.001033165,0.020694174,0.020399964,0.000108059,0.999488059,0.979301387,0.011099158,0.010712125,0.001033165
601,0.999786607,0.010498833,0.999071564,0.020796683,0.021300149,0.968910511,0.011222149,0.979817364,0.011113586,0.010493587,0.999071564
602,0.999786506,0.010613147,0.989496324,0.021002005,0.02130247,0.968996575,0.020295235,0.968700347,0.00021874,0.030385241,0.989496324
603,0.999786405,0.010803233,0.989176588,0.030391295,0.020498538,0.969617584,0.999882054,0.968794785,0.000404185,0.030389681,0.989176588
604,0.999786304,0.98948119,0.010396425,0.020894652,0.030590058,0.999995662,0.999071463,0.969715149,0.000523544,0.021306808,0.010396425
605,0.999786203,0.989884467,0.988786326,0.010904229,0.020886581,0.010605681,0.020610734,0.999074793,0.000707678,0.010701027,0.988786326
606,0.999786103,0.000528185,0.000810086,0.030575731,0.020897679,0.000908963,0.989076903,0.010308041,0.00072937,0.011121053,0.000810086
607,0.999786002,0.000830568,0.98929524,0.021112989,0.011009866,0.000416495,0.010807975,0.988976816,0.979611639,0.020290796,0.98929524
608,0.999785901,0.000913403,0.020292309,0.010903018,0.021200162,0.999172863,0.020501363,0.989185265,0.00101904,0.010604369,0.020292309
609,0.9997858,0.001124172,0.010210475,0.01090998,0.020896267,0.989904949,0.999566959,0.98969085,0.979796176,0.030387663,0.010210475
610,0.999785699,0.001127805,0.999070051,0.011111266,0.021295508,0.010500044,0.999267199,0.989882247,0.998871187,0.020997263,0.999070051
611,0.999785598,0.96971071,0.000209862,0.020887993,0.020789318,0.998982474,0.00022318,0.978888524,0.02049198,0.02109049,0.000209862
612,0.999785497,0.020588537,0.989278996,0.01071152,0.021189165,0.989291507,0.989384532,0.979000215,0.999375258,0.030389277,0.989278996
613,0.999785396,0.020689634,0.988983676,0.030384535,0.020611844,0.998966129,0.000508107,0.979098285,0.021005031,0.011109651,0.988983676
614,0.999785295,0.999877715,0.999885686,0.020784374,0.021117731,0.9789872,0.98908215,0.000623128,0.999791046,0.00071585,0.999885686
615,0.999785195,0.010308041,0.999999395,0.020504895,0.020609725,0.000230545,0.030287171,0.000831879,0.021299544,0.03027466,0.999999395
616,0.999785094,0.989279501,0.999476153,0.020404202,0.021096442,0.969113613,0.010602553,0.97949006,0.010096867,0.030473625,0.999476153
617,0.999784993,0.00011391,0.979706783,0.020802737,0.021109962,0.989089818,0.999473025,0.979703655,0.988783702,0.011016828,0.979706783
618,0.999784892,0.978802764,0.998975714,0.010701935,0.030479982,0.001034678,0.01020765,0.968701255,0.010401671,0.020583492,0.998975714
619,0.999784791,0.978998903,0.98908215,0.001124172,0.021202987,0.000921777,0.000213393,0.968895175,0.010409541,0.021216911,0.98908215
620,0.99978469,0.979090718,0.999176697,0.020690542,0.020586216,0.988981154,0.999075297,0.969096663,0.010599324,0.02120097,0.999176697
621,0.999784589,0.979101615,0.01009939,0.03028818,0.020612146,0.000120166,0.010903018,0.969404493,0.010907357,0.999084277,0.01009939
622,0.999784488,0.000511033,0.010601544,0.020401175,0.0213171,0.968900018,0.989386348,0.969510736,0.011016828,0.000507199,0.010601544
623,0.999784387,0.979706783,0.999689546,0.020385637,0.020698916,0.969014231,0.999480391,0.969519615,0.011205199,0.010714647,0.999689546
624,0.999784286,0.999074793,0.000424667,0.010909375,0.020611541,0.999183154,0.989090928,0.020482395,0.989900711,0.01100462,0.000424667
625,0.999784186,0.999082158,0.999976491,0.001136482,0.021008865,0.000707779,0.011221746,0.999182549,0.000202395,0.02131831,0.999976491
626,0.999784085,0.020481992,0.010198872,0.030381912,0.011205905,0.989481089,0.021007453,0.999485032,0.00031005,0.010796473,0.010198872
627,0.999783883,0.999370617,0.999383431,0.020404403,0.020688625,0.988874609,0.000314389,0.999678851,0.000408928,0.02080193,0.999383431
628,0.999783782,0.999786203,0.000824514,0.020703961,0.02119199,0.999773894,0.020604781,0.999871056,0.000507704,0.030585518,0.000824514
629,0.999783681,0.988876728,1.94E-05,0.020598122,0.021109054,0.998976925,0.010499842,0.010392591,0.000522132,0.020588739,1.94E-05
630,0.99978358,0.988979641,0.010405505,0.011123272,0.030589655,0.989492086,0.000824312,0.000117038,0.000611727,0.000916631,0.010405505
631,0.999783479,0.988999618,0.999884374,0.030591067,0.020908071,0.999474539,0.020503583,0.000406708,0.000626558,0.010811305,0.999884374
632,0.999783378,0.989400171,0.020704364,0.020807883,0.020897578,0.988996288,0.989478768,0.000528185,0.979392293,0.030578455,0.020704364
633,0.999783277,0.000110278,0.000608195,0.030282228,0.030387562,0.979701335,0.999869946,0.000813214,0.000821285,0.021113393,0.000608195
634,0.999783177,0.000123294,0.000511033,0.011112073,0.020903228,0.979101615,0.989684493,0.979607603,0.000933783,0.001012078,0.000511033
635,0.999783076,0.000223382,8.27E-06,0.000613543,0.020583997,0.000207238,0.000216924,0.001016618,0.998862308,0.010917648,8.27E-06
636,0.999782975,0.978894477,0.000230848,0.030571595,0.020694174,0.969406915,0.010193525,0.979700023,0.020407632,0.030597928,0.000230848
637,0.999782874,0.97939189,0.020181728,0.010518104,0.030291207,0.999176495,0.020193533,0.001125484,0.020498034,0.02110522,0.020181728
638,0.999782773,0.000831879,0.99947464,0.010816753,0.030585114,0.979499545,0.011015416,0.969417004,0.020599635,0.020907466,0.99947464
639,0.999782672,0.001022067,0.988975706,0.010610221,0.030474533,0.010198065,6.46E-06,0.969607393,0.0211029,0.02129349,0.988975706
640,0.999782571,0.979803037,0.99907903,0.010900496,0.020793455,0.989397144,0.999170643,0.969718277,0.999793771,0.020287567,0.99907903
641,0.99978247,0.968704181,0.988976816,0.030391598,0.02132164,0.979604879,0.020797188,0.988785922,0.999869845,0.030370107,0.988976816
642,0.999782369,0.020388966,0.999668156,0.030387663,0.020895359,0.999071564,0.999770363,0.010292503,0.999996368,0.020989494,0.999668156
643,0.999782269,0.020403798,0.999885787,0.02039159,0.01060669,0.988992454,0.020683883,0.010405808,0.010093639,0.010395416,0.999885787
644,0.999782168,0.988976816,0.000825422,0.020280605,0.03057442,4.04E-06,0.999176697,0.010496815,0.010111497,0.0211029,0.000825422
645,0.999782067,0.989084975,0.000624944,0.020801829,0.021314476,0.999869745,0.989181632,0.989780444,0.010205935,0.020592976,0.000624944
646,0.999781966,0.989277785,0.989585313,0.030370107,0.021296214,0.020403798,0.010110791,1.93E-05,0.98898973,0.030278293,0.989585313
647,0.999781865,0.010814534,0.989793258,0.011207822,0.030276779,0.020484211,0.021202079,0.000124,0.989083058,0.021316192,0.989793258
648,0.999781663,0.989489867,2.16E-05,0.020795069,0.021315485,0.969213903,0.98899195,0.979095662,0.010499842,0.030283943,2.16E-05
649,0.999781562,0.98969085,0.000928638,0.011218416,0.020285852,0.001020452,0.998871187,0.979601348,0.010514573,0.000606278,0.000928638
650,0.999781461,0.989694784,0.988986501,0.010493486,0.021112989,0.999788524,0.989697912,0.97981696,0.010516893,0.021100781,0.988986501
651,0.99978136,0.000319333,0.98947897,0.020500758,0.021005031,0.969523751,0.021001197,0.968592793,0.010520828,0.020197064,0.98947897
652,0.99978126,0.979095662,0.989286261,0.000630493,0.020908273,0.969310157,0.020404,0.96940641,0.010698403,0.021208335,0.989286261
653,0.999781159,0.979710819,0.010408028,0.021009269,0.02100937,0.98948351,0.03057442,0.969413877,0.010700522,0.020898285,0.010408028
654,0.999781058,0.979815548,0.001028726,0.020899193,0.021110467,0.978802864,0.010506501,0.020383518,0.989482199,0.021311248,0.001028726
655,0.999780957,0.968799224,0.010525268,0.021090893,0.020507215,0.000416293,0.000618386,0.99928647,0.011106322,0.01009939,0.010525268
656,0.999780856,0.969406309,0.000819671,0.01081524,0.021198145,0.989389274,0.000813012,0.988987107,0.00021985,0.030583399,0.000819671
657,0.999780654,0.03047978,0.97980455,0.020200595,0.010598719,0.000216521,0.989184357,0.988998003,0.000313784,0.030477762,0.97980455
658,0.999780553,0.030488861,0.999178008,0.021003821,0.021293894,0.001110854,0.021098561,0.010410348,0.979191108,0.99968884,0.999178008
659,0.999780452,0.969508415,0.000317416,0.030280714,0.030282127,0.02039946,0.020406623,0.989285151,0.000816644,0.011003308,0.000317416
660,0.999780352,0.999286975,0.020292612,0.020489559,0.020607101,0.998963707,0.000203404,0.989480584,0.001120237,0.020403092,0.020292612
661,0.999780251,0.020686304,0.979388358,0.020386747,0.021112586,0.979197162,0.999893758,0.010911897,0.030391598,0.020788309,0.979388358
662,0.99978015,0.999384036,0.020690239,0.011214381,0.030474634,0.969218342,0.989082251,0.000223886,0.020397442,0.021189266,0.020690239
663,0.999780049,0.999876404,0.989699224,0.010201798,0.030476753,0.000317517,0.020588638,0.000225601,0.020583492,0.021000188,0.989699224
664,0.999779948,0.021320429,0.020505198,0.020201503,0.030586527,0.969098277,0.989088002,0.979108576,0.020598626,0.020299573,0.020505198
665,0.999779847,0.989285151,0.999571297,0.020891726,0.030471002,0.010609111,0.000214705,0.000622926,0.999267906,0.000726141,0.999571297
666,0.999779746,0.011005931,0.989284344,0.020198779,0.020805158,0.979304716,0.988979741,0.979499645,0.020794766,0.020186874,0.989284344
667,0.999779645,0.000118047,0.01052325,0.011224773,0.0209902,0.999380303,0.989188796,0.001010565,0.999579974,0.030492594,0.01052325
668,0.999779544,0.000209357,0.999164993,0.030493704,0.021307414,0.97969407,0.021099267,0.979691043,0.02119199,0.010903523,0.999164993
669,0.999779443,0.000222171,0.999078728,0.030483412,0.021198952,0.9796072,0.021103909,0.968601873,0.0213171,0.020893139,0.999078728
670,0.999779343,0.000821084,0.999385045,0.010409945,0.0305835,0.000821992,0.020893845,0.968811029,0.010092024,0.988885102,0.999385045
671,0.999779242,0.97961063,0.010099491,0.020888498,0.021313468,0.001134766,0.989480584,0.968898908,0.010313388,0.030272441,0.010099491
672,0.999779141,0.97969185,0.010516086,0.030597625,0.030574319,0.989291204,0.000216319,0.969101001,0.010395819,0.010313388,0.010516086
673,0.99977904,0.979695886,0.99998305,0.021306607,0.020600039,0.96971071,0.989191318,0.969309248,0.010600737,0.020684992,0.99998305
674,0.999778939,0.969208757,0.999677237,0.00102358,0.021089884,0.010598719,0.989396236,0.969524155,0.01060891,0.010697899,0.999677237
675,0.999778838,0.969417004,0.989288783,0.010110791,0.020892937,0.020406623,0.999067427,0.999370617,0.011015012,0.999586936,0.989288783
676,0.999778737,0.020886581,0.000930151,0.030483816,0.021102092,0.969623436,0.000718171,0.999578562,0.011203585,0.021009471,0.000930151
677,0.999778636,0.010302794,0.988996288,0.010714748,0.021207124,0.978995574,0.989701746,0.989188695,0.000315196,0.030481193,0.988996288
678,0.999778535,0.010308343,0.010605176,0.011126501,0.020689734,0.97898841,0.020990805,0.010613147,0.979090718,0.000723417,0.010605176
679,0.999778435,0.010497824,0.999075499,0.030488861,0.020700127,0.010504786,0.000611121,0.010708695,0.000607691,0.020696898,0.999075499
680,0.999778334,0.989399263,0.010697899,0.010610019,0.020594691,0.989688428,0.010101307,0.000118047,0.00072039,0.030591874,0.010697899
681,0.999778233,0.989884366,8.48E-06,0.021201676,0.020401679,0.978905273,0.000413367,0.978798122,0.97939643,0.988879149,8.48E-06
682,0.999778132,0.978988612,0.979700326,0.020202714,0.020484918,0.979000013,0.000908358,0.000221666,0.979494601,0.010413476,0.979700326
683,0.999778031,0.000409634,0.998975815,0.011218114,0.020787704,0.969725037,0.000230343,0.000313784,0.979810099,0.021215297,0.998975815
684,0.99977793,0.979089608,0.999672495,0.020997565,0.020789621,0.00101117,0.010798189,0.000625852,0.030491181,0.03058461,0.999672495
685,0.999777829,0.979798597,0.979797387,0.010805857,0.020796885,0.000611525,0.000314994,0.968600663,0.030594498,0.030280311,0.979797387
686,0.999777728,0.969403384,0.00021985,0.000917338,0.030473625,0.979812924,0.989189099,0.96860369,0.030597625,0.999579369,0.00021985
687,0.999777627,0.969622729,0.000408827,0.03059813,0.011222149,0.989189099,0.989585011,0.969199374,0.020299775,0.030578052,0.000408827
688,0.999777526,0.999081553,0.98978902,0.011021469,0.020299271,0.02048411,0.999064703,0.969220562,0.020699925,0.021104413,0.98978902
689,0.999777426,0.999083571,0.001018838,0.021306405,0.030573007,0.010520828,0.99957836,0.998968954,0.999385247,0.030493804,0.001018838
690,0.999777325,0.999480088,0.020282018,0.021094828,0.021307313,1.22E-05,0.000922483,0.020393204,0.020889103,0.000208651,0.020282018
691,0.999777224,0.010303702,0.02050207,0.030277586,0.020809194,0.989191318,0.999273959,0.020403798,0.020899394,0.010907357,0.02050207
692,0.999777123,0.010605984,0.999570893,0.01101925,0.021303983,0.98990505,0.999173165,0.999082158,0.021101588,0.020281211,0.999570893
693,0.999777022,1.59E-05,0.988983878,0.020886076,0.03058007,0.968813551,0.998976521,0.020498538,0.99977793,0.020792446,0.988983878
694,0.999776921,0.000408423,0.010302794,0.020787199,0.021209243,0.01081302,0.000119661,0.978693999,0.010202504,0.021091599,0.010302794
695,0.99977682,0.979601348,0.010720096,0.021307313,0.020614366,0.979817263,0.001020452,0.978791968,0.988879351,0.030370713,0.010720096
696,0.999776719,0.979817364,0.999986379,0.020406421,0.030371621,0.010097775,0.99997629,0.97889367,0.988995078,0.020697604,0.999986379
697,0.999776618,0.968805581,0.989895061,0.000626356,0.020992722,0.98949592,0.000605975,0.000410845,0.989188897,0.021095837,0.989895061
698,0.999776417,0.96940641,0.000302887,0.020507922,0.030369905,0.989075693,0.021207528,0.000710402,0.010612037,0.989593082,0.000302887
699,0.999776316,0.998974705,0.020709106,0.011007848,0.020797087,0.97980455,0.999266191,0.000726747,0.010909375,0.021100478,0.020709106
700,0.999776215,0.020383518,0.999987287,0.020693266,0.020693669,0.989278391,0.021090893,0.00082633,0.020499144,0.021193402,0.999987287
701,0.999776114,0.999074894,0.998967339,0.020789318,0.01090998,0.979799203,0.999669064,0.979497527,0.010997961,0.02110744,0.998967339
702,0.999776013,0.999385348,0.999079131,0.030478973,0.0213059,0.999182145,0.011111972,0.001026203,0.011016424,0.011025606,0.999079131
703,0.999775811,0.999581387,0.000404085,0.010516691,0.030391699,0.989396236,0.989181128,0.979810099,0.000203707,0.020197871,0.000404085
704,0.99977571,0.010292503,0.010099995,0.010613147,0.020805259,0.010406312,0.989195657,0.979817263,0.978898109,0.010899689,0.010099995
705,0.999775609,0.989477961,0.999377074,0.021118135,0.030475341,0.989189906,0.010506804,0.968904559,0.000306418,0.01121095,0.999377074
706,0.999775509,0.978905374,0.999581387,0.010705668,0.021316797,0.979088196,0.010604773,0.968911722,0.00031116,0.011001593,0.999581387
707,0.999775408,0.97898841,0.000320947,0.03028021,0.020812927,0.969309551,0.030392506,0.969508415,0.000725738,0.030471002,0.000320947
708,0.999775307,0.979312183,0.989586827,0.010414888,0.030575731,0.000920768,0.000919759,0.998868563,0.979592368,0.020803241,0.989586827
709,0.999775206,0.979704967,0.000515473,0.010394709,0.030497235,0.010497824,0.011222049,0.020481992,0.0010146,0.020293015,0.000515473
710,0.999775105,0.001126291,0.010090511,0.00011391,0.030280815,0.989905151,0.998861803,0.999993946,0.001033165,0.011210244,0.010090511
711,0.999774903,0.968900018,0.00073159,0.010204926,0.000913403,0.979812723,1.22E-05,0.988884698,0.001034174,0.030586628,0.00073159
712,0.999774802,0.969516487,0.999985068,0.020697302,0.021305093,0.97929382,0.020298565,0.988979741,0.969516487,0.020810607,0.999985068
713,0.999774701,0.969617584,0.010805857,0.021320732,0.021010278,0.020610633,0.01090887,0.989176487,0.999067427,0.010800408,0.010805857
714,0.999774601,0.969715149,0.989894658,0.020991108,0.030268708,0.979000215,0.989185971,0.9891893,0.999176495,0.011113586,0.989894658
715,0.9997745,0.020394818,0.0009357,0.021299544,0.021303378,0.98979568,0.999178311,0.989580975,0.999474539,0.020587023,0.0009357
716,0.999774399,0.0205957,0.999386962,0.021322144,0.030278293,0.020690743,0.020583997,0.000116736,0.999672697,0.989890723,0.999386962
717,0.999774298,0.021212572,0.988783198,0.020612852,0.020595499,0.979708801,0.999883365,0.978792876,0.021095837,0.010700522,0.988783198
718,0.999774197,0.010524057,0.999876404,0.030579061,0.020385637,0.978783291,0.999873579,0.978798021,0.021206216,0.030287171,0.999876404
719,0.999774096,0.989377571,0.999880641,0.021302773,0.021297526,0.010902312,0.999384339,0.00021309,0.999890226,0.021205409,0.999880641
720,0.999773995,0.010914924,0.988876728,0.001113276,0.020801627,0.000817451,0.020200595,0.00061435,0.010089704,0.020901614,0.988876728
721,0.999773894,0.978800645,0.989888301,0.030495318,0.030594901,0.969603458,0.000919658,0.979312183,0.010093033,0.020887388,0.989888301
722,0.999773793,0.979088196,0.989491582,0.010205531,0.020991713,0.000831678,0.999681273,0.979494096,0.010112809,0.989382716,0.989491582
723,0.999773692,0.97909092,0.999272143,0.010698,0.010703751,0.988981961,0.989496627,0.979611538,0.988885102,0.020798701,0.999272143
724,0.999773592,0.97910222,0.998963304,0.020809396,0.021190174,0.010612441,0.001134867,0.968697522,0.010299263,0.020490971,0.998963304
725,0.999773491,0.000525461,0.020393709,0.020709005,0.021189669,0.98980476,0.000323167,0.968802554,0.988985392,0.020905852,0.020393709
726,0.99977339,0.979195043,0.989799614,0.030473424,0.030384232,0.010524057,0.999372937,0.968806287,0.988990436,0.020993126,0.989799614
727,0.999773289,0.979309963,0.99937657,0.021294398,0.021112182,0.999178311,0.999267906,0.96920008,0.988999416,0.030373033,0.99937657
728,0.999773188,0.000916833,0.989178807,0.030386654,0.021112787,0.989295442,0.989495719,0.999385348,0.010394709,0.010716161,0.989178807
729,0.999773087,0.979813025,0.999484124,0.020403798,0.021307716,0.999778636,0.989285151,0.999673907,0.989188392,0.010600031,0.999484124
730,0.999772986,0.968607423,0.000619596,0.010501355,0.021196833,0.97889367,0.020204934,0.999675925,0.989279702,0.01009152,0.000619596
731,0.999772885,0.968997281,0.999984563,0.010315507,0.020812322,0.020903127,0.989684291,0.99988619,0.98929524,0.030282934,0.999984563
732,0.999772784,0.030487549,0.000916228,0.001017526,0.020903531,0.998874112,0.030471204,0.99999102,0.98949138,0.021313468,0.000916228
733,0.999772684,0.969510736,0.978990227,0.010800913,0.021309835,0.000205422,0.999568876,0.988979035,0.989493398,0.02130025,0.978990227
734,0.999772583,0.969607393,0.998965523,0.000511033,0.020801829,0.979309963,0.989584204,0.010513564,0.98958158,0.021092911,0.998965523
735,0.999772482,0.020199586,0.999568976,0.010397736,0.020994337,0.999164287,0.020492888,0.989803448,0.989786094,0.989686208,0.999568976
736,0.999772381,0.020800013,0.999690858,0.010299061,0.020703961,0.968998895,0.021203189,0.978791867,0.000111085,0.020600846,0.999690858
737,0.99977228,0.010395819,0.010203211,0.010618595,0.011119337,0.979191209,0.999885686,0.978800039,0.000405598,0.020598727,0.010203211
738,0.999772179,0.989276373,0.97879893,0.020807983,0.020890011,0.978994767,0.03028364,0.000308941,0.000412257,0.021089581,0.97879893
739,0.999771977,0.000316003,0.010619705,0.020694275,0.021005536,0.978904567,0.010194433,0.000316003,0.000612029,0.011208831,0.010619705
740,0.999771775,0.979003948,0.999480592,0.021295407,0.021092507,0.989701746,0.020690542,0.978984879,0.979294526,0.030595103,0.999480592
741,0.999771675,0.979098285,0.000321452,0.021302672,0.020803544,0.999381312,0.999285461,0.97960165,0.001009152,0.020684387,0.000321452
742,0.999771574,0.979107366,0.999783681,0.001037302,0.020607303,0.000527782,0.989397144,0.97980455,0.001017526,0.010207347,0.999783681
743,0.999771473,0.979191209,0.979695886,0.021096341,0.030486338,0.999778334,0.000101601,0.968794079,0.979691548,0.010501355,0.979695886
744,0.999771372,0.000810086,0.989187383,0.020604882,0.020393204,0.979311577,0.999168322,0.969603458,0.020182636,0.030283438,0.989187383
745,0.99977117,0.979499545,0.999264576,0.020789621,0.011108239,0.01020089,0.021297728,0.969722514,0.020299069,0.021008159,0.999264576
746,0.999771069,0.979591056,0.000105133,0.010090713,0.020796078,0.999487756,0.011225883,0.969724431,0.999071261,0.000516583,0.000105133
747,0.999770968,0.001037403,0.010701935,0.020996455,0.030389277,0.979089205,0.999995662,0.999283948,0.999080745,0.000810691,0.010701935
748,0.999770867,0.979812723,0.989192933,0.011005931,0.020790428,0.978990227,0.000109976,0.999568775,0.020612852,0.021203593,0.989192933
749,0.999770767,0.969203208,0.99908125,0.030380096,0.010708291,0.989189401,0.021209243,0.010102114,0.020708299,0.020283128,0.99908125
750,0.999770666,0.969420637,0.000123193,0.020206346,0.021100983,0.010308041,0.010904734,0.988773008,0.999372635,0.000629484,0.000123193
751,0.999770565,0.969421343,0.998968853,0.010308041,0.02090676,0.000817754,0.989083361,0.988784611,0.99937324,0.010703448,0.998968853
752,0.999770363,0.969607595,0.989399263,0.010718784,0.020701842,0.010314397,0.999673403,0.989396438,0.999466568,0.020992319,0.989399263
753,0.999770262,0.969724331,0.999689243,0.010394407,0.01051881,0.968592389,0.999686519,0.989478768,0.021005637,0.030495721,0.999689243
754,0.999770161,0.020596003,0.020503583,0.010608001,0.020484211,0.000116332,0.99907106,0.989888099,0.021097552,0.020709005,0.020503583
755,0.99977006,0.999369003,0.968609945,0.020198174,0.030277586,0.98958945,0.000207238,0.978802461,0.021204198,0.010196753,0.968609945
756,0.999769959,0.999575736,0.001135069,0.010902312,0.021205106,0.999177605,0.030386553,0.000228225,0.021213884,0.030475946,0.001135069
757,0.999769858,0.020989494,0.000608901,0.010998162,0.021093415,0.989083361,0.000914916,0.000318727,0.999894363,0.020988586,0.000608901
758,0.999769758,0.021012397,0.978995776,0.021316696,0.011109147,0.989802641,0.999164589,0.979086279,0.010099692,0.030492392,0.978995776
759,0.999769556,0.999678851,0.000707678,0.010909577,0.02079749,0.98909113,0.999685813,0.000628071,0.010202908,0.021314779,0.000707678
760,0.999769455,0.010307637,0.999895069,0.020794665,0.020806571,0.968594407,0.999372433,0.979288775,0.010204119,0.999478373,0.999895069
761,0.999769354,0.988987107,0.988791976,0.030592076,0.011011884,0.000211375,0.020886177,0.000713832,0.010205531,0.010518608,0.988791976
762,0.999769253,0.010595289,0.000307528,0.010697294,0.03057331,0.020394818,0.020501565,0.97939986,0.010511344,0.011116815,0.000307528
763,0.999769152,0.989479374,0.999174275,0.020407733,0.030581886,0.000822799,0.989179715,0.001114991,0.010611129,0.010405001,0.999174275
764,0.999769051,0.98958158,0.988974798,0.030583097,0.03059702,0.010524158,0.99928526,0.001124172,0.010710914,0.01090655,0.988974798
765,0.99976895,0.000116736,0.000412257,0.030473625,0.030585014,0.999873679,0.010898276,0.979811714,0.010818771,0.03038625,0.000412257
766,0.99976885,0.978792674,0.998979649,0.020689734,0.020489962,0.968913841,0.021313468,0.969017359,0.989487445,0.021003821,0.998979649
767,0.999768749,0.978795903,0.989283133,0.011099562,0.011008353,0.010315507,0.999067831,0.969105239,0.01090887,0.020893845,0.989283133
768,0.999690858,0.978802965,0.000723014,0.021210252,0.020613761,0.969000611,0.000810994,0.96911664,0.011009059,0.988877131,0.000723014
769,0.999690757,0.000221666,0.010905844,0.020292511,0.021100781,0.979089608,0.000120872,0.969315807,0.000118148,0.030590462,0.010905844
770,0.999690656,0.9789872,0.000420631,0.021005536,0.021195319,0.979104541,0.989794872,0.969415491,0.000120065,0.030375152,0.000420631
771,0.999690555,0.979093644,0.979601852,0.010493687,0.030381609,0.00073048,0.999070252,0.969420334,0.000317517,0.020788107,0.979601852
772,0.999690454,0.979108576,0.988984584,0.030589352,0.020486532,0.010605176,0.030580473,0.969515881,0.979001829,0.030287474,0.988984584
773,0.999690353,0.000515674,0.979592267,0.020289686,0.020893038,1.01E-07,0.98949582,0.02039724,0.00062454,0.010807067,0.979592267
774,0.999690252,0.979198877,0.010299767,0.010500044,0.030482,0.010610019,0.999183154,0.020405816,0.979400163,0.030578556,0.010299767
775,0.999690151,0.000626356,0.999073178,0.000611727,0.030478368,0.989083058,0.021118034,0.999083571,0.00082068,0.030489062,0.999073178
776,0.99969005,0.000714337,0.988993968,0.020698613,0.03049108,0.989400171,0.989493196,0.010198065,0.979499545,0.021198145,0.988993968
777,0.99968995,0.000928537,0.9798102,0.030593791,0.021308524,0.989597623,0.011219022,0.98898973,0.001129722,0.000226408,0.9798102
778,0.999689849,0.001028322,0.999286975,0.000623128,0.021314678,0.000623128,0.010524158,0.989899097,0.030489769,0.030391295,0.999286975
779,0.999689748,0.001031652,0.99968884,0.011212968,0.021214691,0.000312875,0.021213279,0.978889331,0.030589049,0.010110387,0.99968884
780,0.999689546,0.96890133,0.000115827,0.000514766,0.011118631,0.000122083,0.00092218,0.000515674,0.030598332,0.000810591,0.000115827
781,0.999689445,0.969116035,0.010712932,0.011000281,0.020584198,0.989780545,0.998962698,0.979198877,0.999076508,0.021096442,0.010712932
782,0.999689344,0.030372327,0.0001015,0.020495512,0.021291674,0.968906778,0.030584105,0.979299369,0.020496016,0.021201979,0.0001015
783,0.999689243,0.999083974,0.000109269,0.011201163,0.020593279,0.969420637,0.989694381,0.979299672,0.999164993,0.030580675,0.000109269
784,0.999689142,0.020808992,0.000711915,0.011127611,0.020902018,0.97939986,0.000627668,0.979309963,0.999174881,0.01071152,0.000711915
785,0.999689042,0.999468586,0.989885678,0.020812322,0.02089778,0.988784611,0.999676329,0.000707678,0.020603066,0.020895964,0.989885678
786,0.999688941,0.999871762,0.999285562,0.000222171,0.020812826,0.989789828,0.999478978,0.000711613,0.999386962,0.021191485,0.999285562
787,0.99968884,0.999983756,0.98978337,0.030388975,0.01009939,0.000707476,0.000102913,0.000828348,0.020795069,0.0101005,0.98978337
788,0.999688739,0.988784611,0.999171854,0.00111267,0.021094021,0.979794259,0.000931362,0.968694394,0.999473025,0.03028818,0.999171854
789,0.999688638,0.988979035,0.989385037,0.021300048,0.020406623,0.969314798,0.02059903,0.96891485,0.020886984,0.030579565,0.989385037
790,0.999688537,0.010513564,0.989288178,0.010299263,0.021293087,0.010410247,0.010495302,0.969211481,0.030369804,0.020886379,0.989288178
791,0.999688436,0.010524359,0.989184054,0.030575126,0.030479175,0.979193227,0.999971447,0.969604972,0.021008462,0.020891726,0.989184054
792,0.999688335,0.010597912,0.978887414,0.021114099,0.020282825,0.999987388,0.000708081,0.020691349,0.999777426,0.021006444,0.978887414
793,0.999688234,0.010800005,0.989587836,0.011014709,0.0210015,0.000105234,0.010298355,0.98897732,0.999786203,0.00060537,0.989587836
794,0.999688133,0.000107554,0.010315406,0.000717464,0.020797995,0.999893556,0.989805971,0.988996187,0.021190779,0.030391598,0.010315406
795,0.999688033,0.978802461,0.999376973,0.020806571,0.030275165,0.988992353,0.999473933,0.010594885,0.021216608,0.01090201,0.999376973
796,0.999687932,0.000303997,0.999978106,0.010712125,0.021297022,0.000213494,0.010520223,0.010597508,0.999886594,0.030588343,0.999978106
797,0.999687831,0.000318727,0.010306729,0.020297455,0.030473323,0.998965523,0.989692767,0.989286462,0.021294903,0.021313972,0.010306729
798,0.99968773,0.000322561,0.989789323,0.010796978,0.030389378,0.988785922,0.989789828,2.02E-05,0.021301461,0.011203988,0.989789323
799,0.999687629,0.000430923,0.000312371,0.030590865,0.030596616,0.989582791,0.999281627,2.16E-05,0.999977803,0.01060891,0.000312371
800,0.999687528,0.979391587,0.000715245,0.020405816,0.020692358,0.0103937,0.020590756,0.000107554,0.030577144,0.01121771,0.000715245
801,0.999687427,0.000828348,0.999983756,0.010906045,0.02131034,0.9798102,0.998980759,0.000117341,0.010091015,0.020796784,0.999983756
802,0.999687326,0.97949006,0.988978934,0.030290299,0.021204198,0.000107453,0.989598833,0.979003948,0.010110791,0.010105645,0.988978934
803,0.999687225,0.00093338,0.010194534,0.020185159,0.030475139,0.989076399,0.011207621,0.979205436,0.988783198,0.021005738,0.010194534
804,0.999687125,0.979607603,0.978802057,0.001118926,0.021094525,0.999083571,0.000908963,0.979309559,0.010305518,0.030291813,0.978802057
805,0.999687024,0.979611538,0.01030239,0.010514976,0.030385645,0.998866646,0.999580378,0.979495004,0.988992152,0.021009067,0.01030239
806,0.999686923,0.001012179,0.999164287,0.010301886,0.030282026,0.978791867,0.00102691,0.969416803,0.98908437,0.030488053,0.999164287
807,0.999686822,0.001020452,0.999786203,0.001129318,0.030583803,0.989490068,0.999769758,0.969608301,0.010493587,0.989888604,0.999786203
808,0.999686721,0.001131235,0.999775206,0.010595289,0.021002509,0.979396531,0.020600644,0.99897864,0.010501961,0.030588948,0.999775206
809,0.99968662,0.968696009,0.000821386,0.03057331,0.030578052,0.999678851,0.999673706,0.999083974,0.010502465,0.999389282,0.000821386
810,0.999686519,0.969202401,0.001118825,0.00111711,0.020407632,0.989693876,0.999382724,0.99927174,0.010507006,0.021295105,0.001118825
811,0.999686418,0.96922036,0.989275969,0.030595002,0.021295407,0.99987378,0.999583203,0.999468586,0.010513967,0.021313165,0.989275969
812,0.999686317,0.969525467,0.989298872,0.00072039,0.030573108,0.969508415,0.989094863,0.9997858,0.989292617,0.02131034,0.989298872
813,0.999686216,0.999568775,0.989598732,0.020295033,0.020991209,0.988979641,0.000728765,0.999986682,0.010811002,0.030275468,0.989598732
814,0.999686116,0.9997858,0.000315196,0.010511344,0.001027212,0.978994161,0.020891827,0.969216122,0.010903523,0.030282732,0.000315196
815,0.999686015,0.999891941,0.999466568,0.0303918,0.021323557,0.979495004,0.021005132,0.988872692,0.010912099,0.030372428,0.999466568
816,0.999685914,0.989184457,0.988791774,0.020505097,0.030596717,0.9793029,0.02048633,0.988879654,0.989598833,0.030382114,0.988791774
817,0.999685813,0.010597508,0.988881268,0.010795969,0.021305194,1.38E-05,0.021217315,0.988880864,0.011008756,0.011015012,0.988881268
818,0.999685712,0.000202395,0.000713731,0.030598433,0.021099772,0.999676329,0.021112384,0.988996288,0.011014709,0.020285852,0.000713731
819,0.999685611,0.00031005,0.000303694,0.020583997,0.020887085,0.020600947,0.00102812,0.989277987,0.011113385,0.010599324,0.000303694
820,0.99968551,0.000410845,0.010599022,0.020600543,0.03047524,0.00102358,0.988890449,0.98948351,0.01111742,0.020705979,0.010599022
821,0.999685409,0.979093039,0.999578461,0.030492493,0.02029473,0.989481291,0.999570692,0.989794065,0.989799514,0.030480789,0.999578461
822,0.999685308,0.979490161,0.988974394,0.021190981,0.030374345,0.989700737,0.011207318,0.979090718,0.01120308,0.021300048,0.988974394
823,0.999685208,0.979711222,0.000408928,0.021111879,0.030491484,0.969515781,0.010206237,0.000511033,0.989888806,0.021093718,0.000408928
824,0.999685107,0.001117009,0.989091533,0.030491282,0.030478771,0.989591569,0.021211261,0.9796072,0.000622522,0.010504382,0.989091533
825,0.999685006,0.001117917,2.13E-05,0.010520223,0.021293995,0.999281728,0.989884467,0.979710819,0.000717464,0.999887401,2.13E-05
826,0.999684905,0.968803966,0.010096766,0.01049964,0.021006242,0.989092139,0.999478675,0.001113881,0.000908358,0.010394911,0.010096766
827,0.999684804,0.969524155,0.979299672,0.010900597,0.021294701,0.99907903,0.989785691,0.001131235,0.001131739,0.010806462,0.979299672
828,0.999684703,0.969707178,0.000609709,0.010408128,0.030592883,0.000404085,0.020298867,0.969008884,0.998875323,0.030474332,0.000609709
829,0.999684602,0.998874213,0.989701242,0.030285759,0.020404,0.98929524,0.020288677,0.969106853,0.998968954,0.020201705,0.989701242
830,0.999684501,0.02039946,0.020289686,0.000929647,0.021009067,0.99988619,0.989297056,0.969203208,0.998969559,0.020996254,0.020289686
831,0.9996844,0.99906551,0.999576544,0.020488045,0.030576236,0.020613861,0.989381102,0.969406915,0.020590857,0.020799609,0.999576544
832,0.999684299,0.999182549,0.001022672,0.020702851,0.02119764,0.999881953,0.000302887,0.969410547,0.020592976,0.030483009,0.001022672
833,0.999684199,0.999677943,0.001018636,0.021009471,0.020691349,0.969622729,0.030573612,0.969515377,0.02070386,0.020797087,0.001018636
834,0.999684098,0.988777144,0.02019777,0.021296719,0.020888397,0.999177706,0.989089818,0.998970366,0.020800114,0.030478569,0.02019777
835,0.999683896,0.988784409,0.00022883,0.020394818,0.030594397,0.989487143,0.021004123,0.998974099,0.020803241,0.020389269,0.00022883
836,0.999683694,0.988978228,0.010313388,0.021089985,0.030384535,0.969107862,0.01081978,0.020382509,0.020889406,0.010615064,0.010313388
837,0.999683593,0.98898065,0.01090655,0.010099087,0.020693468,0.020298968,0.0105177,0.020394818,0.999573416,0.030378683,0.01090655
838,0.999683492,0.988987208,0.010307536,0.020287365,0.030288887,0.97939189,0.000411652,0.999377881,0.021003821,0.01059428,0.010307536
839,0.999683391,0.010410247,0.010596096,0.020587528,0.030388975,0.98979689,0.99908468,0.999384036,0.021198145,0.030482403,0.010596096
840,0.999683291,0.989176487,0.988874306,0.010498228,0.020696696,0.010711822,0.001113175,0.999579974,0.021201474,0.030474937,0.988874306
841,0.99968319,0.989192025,0.0004284,0.030385645,0.02049531,0.999986985,0.000713832,0.999786203,0.021306607,0.99977228,0.0004284
842,0.999683089,0.989196565,0.020703759,0.020704768,0.030581684,0.010302088,0.989195556,0.969214004,0.988984584,0.021306405,0.020703759
843,0.999682988,0.989279803,0.000912999,0.011009059,0.020390883,0.998865637,0.999578259,0.988880562,0.010397736,0.021004527,0.000912999
844,0.999682887,0.989580975,0.999877715,0.020701741,0.030388571,0.9989742,0.999087001,0.989279803,0.010415494,0.000524856,0.999877715
845,0.999682786,0.989892841,0.999379597,0.020285448,0.030374748,0.99957392,0.000126522,0.989297359,0.989084975,0.021189165,0.999379597
846,0.999682685,0.000119964,0.979592671,0.020408136,0.020992016,0.979001426,0.999690151,0.010708291,0.010508216,0.021116823,0.979592671
847,0.999682584,0.978792876,0.010310563,0.020887489,0.030583197,0.989584405,0.999680264,0.989377571,0.989179211,0.999773995,0.010310563
848,0.999682483,0.000303896,0.010416099,0.02018304,0.030571998,0.998972586,0.9894936,0.989590762,0.989290095,0.998975007,0.010416099
849,0.999682382,0.000312976,0.999265888,0.010597912,0.020591261,0.989494306,0.00020744,0.989689134,0.010704659,0.000303694,0.999265888
850,0.999682282,0.000418109,0.010800106,0.010618999,0.020889002,0.989481492,0.0207084,0.989701242,0.989495719,0.010808076,0.010800106
851,0.999682181,0.000622926,0.989192025,0.000220153,0.030387865,0.979106155,0.989904949,2.62E-06,0.011213069,0.010615367,0.989192025
852,0.99968208,0.979701335,0.998875626,0.030594296,0.02048179,0.989195556,0.998865436,0.00021985,0.989900509,0.000933582,0.998875626
853,0.999681979,0.968794785,0.020291098,0.021198952,0.010613147,0.98929978,0.020612852,0.979001123,0.000223382,0.020498034,0.020291098
854,0.999681878,0.969202502,0.99977228,0.010508923,0.020794665,0.01020765,0.011217206,0.000406002,0.000418311,0.010498934,0.99977228
855,0.999681777,0.969208454,0.989890319,0.020482799,0.03059813,0.000421943,0.000425979,0.000406405,0.979306331,0.010201495,0.989890319
856,0.999681676,0.969718277,0.00083198,0.011104102,0.020702851,0.989780243,0.989477961,0.979088902,0.000807967,0.999083268,0.00083198
857,0.999681575,0.998861501,0.998971375,0.010899084,0.01090655,0.969611126,0.010101408,0.979308853,0.000832485,0.020286356,0.998971375
858,0.999681474,0.998865637,0.00032236,0.030289896,0.030470296,0.98949138,0.030571796,0.979388156,0.979495307,0.021204097,0.00032236
859,0.999681374,0.020394213,0.001016215,0.000921777,0.021322952,0.989882247,0.010096867,0.979798799,0.979500251,0.020707492,0.001016215
860,0.999681273,0.020406623,0.989803045,0.011223057,0.030274257,0.999279105,0.999081956,0.968995768,0.001021461,0.020904036,0.989803045
861,0.999681172,0.020687918,0.020290997,0.030571191,0.030387461,0.020986265,0.02088537,0.969318026,0.97969064,0.021314476,0.020290997
862,0.999681071,0.999687831,0.998865637,0.021198145,0.020382005,0.000424062,0.000110884,0.969510938,0.001113276,0.001123163,0.998865637
863,0.99968097,0.988883689,0.000313784,0.020885471,0.021320328,0.989882147,0.000308941,0.969525467,0.001125686,0.020610128,0.000313784
864,0.999680869,0.010412265,0.010497925,0.020614164,0.030596415,0.000311967,0.999369204,0.020388765,0.030382114,0.989393714,0.010497925
865,0.999680768,0.989091634,0.989580975,0.030487347,0.020888195,0.9894936,0.999978106,0.999583001,0.030473625,0.020204833,0.989580975
866,0.999680667,0.010495403,0.000515876,0.011125189,0.020489559,0.989195657,0.999370314,0.999985673,0.030497033,0.030479881,0.000515876
867,0.999680566,0.98929978,0.999971144,0.030597525,0.010089704,0.000404993,0.020696293,0.999998587,0.030593892,0.020486835,0.999971144
868,0.999680465,0.989803448,0.001124374,0.001020452,0.010509124,0.000213393,0.010316112,0.988774117,0.998862409,0.021088169,0.001124374
869,0.999680365,0.000109269,0.99956938,0.030275569,0.011224773,0.000510428,1.51E-06,0.010302794,0.999387265,0.99917145,0.99956938
870,0.999680264,0.000216319,0.979698711,0.021011993,0.010597004,0.979098083,0.000405497,0.98898065,0.020805663,0.021322245,0.979698711
871,0.999680163,0.000308941,0.999686822,0.02089556,0.030596919,0.989387458,1.93E-05,0.989084874,0.020893139,0.030277687,0.999686822
872,0.999680062,0.00082633,0.010494696,0.030269515,0.021190678,0.00051295,0.000625953,0.989181632,0.020901816,0.999772179,0.010494696
873,0.999679961,0.001112166,0.979098386,0.010801215,0.020694678,0.978802764,0.010293411,0.989493701,0.021108953,0.030586123,0.979098386
874,0.99967986,0.979811714,0.989188998,0.021306102,0.020705575,0.988981558,0.030583904,0.978786318,0.999883264,0.021089884,0.989188998
875,0.999679759,0.99896744,0.989692968,0.010299364,0.030483009,0.020296244,0.99906662,0.978997491,0.99999102,0.999581891,0.989692968
876,0.999679658,0.02039724,0.99977793,0.010798189,0.030587233,0.020484918,0.030372024,0.97910222,0.01010171,0.000422851,0.99977793
877,0.999679557,0.020405816,0.000924804,0.020906053,0.030284649,0.010410348,0.010105948,0.00051295,0.010406514,0.010306527,0.000924804
878,0.999679457,0.020484918,0.979491473,0.02131377,0.01120863,0.999070252,0.01031359,0.000518399,0.989291608,0.030492695,0.979491473
879,0.999679356,0.999275776,0.979700527,0.02060811,0.020701539,0.999085185,0.99957947,0.979300479,0.01071384,0.020812625,0.979700527
880,0.999679255,0.020788006,0.000715346,0.030482,0.021093617,0.969202401,0.000119762,0.000726848,0.010797281,0.030590664,0.000715346
881,0.999679154,0.999573315,0.00060759,0.020890011,0.011116613,0.968794785,0.999272749,0.979499746,0.010906853,0.010608607,0.00060759
882,0.999679053,0.999998184,0.000709494,0.020391489,0.020788713,0.000617377,0.030589554,0.000916833,0.989593082,0.000613644,0.000709494
883,0.999678952,0.010111497,0.000407515,0.03029262,0.021100175,0.989079829,0.999480492,0.000925611,0.011001593,0.021100377,0.000407515
884,0.999678851,0.01049964,0.989086186,0.021109054,0.020290594,0.999071766,0.99967875,0.979700326,0.011011884,0.02060801,0.989086186
885,0.99967875,0.010518608,0.000820983,0.021290161,0.020705373,0.999473025,0.020600342,0.968593499,0.011102791,0.03047756,0.000820983
886,0.999678649,0.989287976,0.979610428,0.000116937,0.021209647,0.969601844,0.999083974,0.969306323,0.011111367,0.021200062,0.979610428
887,0.999678548,0.989689134,0.00112841,0.011104405,0.030577245,0.999486545,0.010299464,0.969711517,0.989789424,0.011099663,0.00112841
888,0.999678448,0.978695613,0.988878846,0.020687616,0.020380996,0.000204918,0.02058773,0.020390076,0.011217407,0.011114999,0.988878846
889,0.999678347,0.000228225,0.010091217,0.030595103,0.020996657,0.999989305,0.020694174,0.020406623,0.011221746,0.020407531,0.010091217
890,0.999678246,0.979002132,0.000116332,0.010112809,0.021216911,0.999387365,0.011205098,0.020488651,0.989890723,0.999672697,0.000116332
891,0.999678145,0.979098083,0.98978105,0.000815837,0.020797389,0.000710402,0.010721105,0.999573315,0.000213696,0.030278696,0.98978105
892,0.999678044,0.979309559,0.999890327,0.000625953,0.020610734,0.0009356,0.998968248,0.999581387,0.000310353,0.020800517,0.999890327
893,0.999677943,0.000711613,0.010311774,0.00082744,0.03048997,0.999078828,0.98949471,0.999687831,0.000312976,0.020992722,0.010311774
894,0.999677842,0.000711915,0.999374047,0.021207931,0.020899394,0.978891248,0.989083159,0.999778334,0.000314086,0.01081191,0.999374047
895,0.999677741,0.000831476,0.978792876,0.021290463,0.010912906,0.978700456,0.989075693,0.99997518,0.000408221,0.020507215,0.978792876
896,0.99967764,0.969309248,0.000102913,0.02109846,0.021207931,0.999983756,0.020696091,0.999993845,0.000418916,0.010804242,0.000102913
897,0.99967754,0.969413877,0.989482199,0.001037403,0.0205957,0.999470705,0.011106927,0.999998184,0.000419824,0.010414989,0.989482199
898,0.999677439,0.969724431,0.988987208,0.000920263,0.020807883,0.969718277,0.989390283,0.988984685,0.000506796,0.030577144,0.988987208
899,0.999677338,0.99897864,0.010904835,0.020907062,0.020588638,0.99977228,0.020285448,0.988993968,0.000610314,0.020689432,0.010904835
900,0.999677237,0.02039956,0.010594885,0.020206246,0.020196459,0.989694482,0.999577956,0.989084975,0.000619395,0.020690542,0.010594885
901,0.999677136,0.999078728,0.000216521,0.020701035,0.020585813,0.97920372,0.999769051,0.989178807,0.979311577,0.989579966,0.000216521
902,0.999677035,0.020613357,0.010100399,0.020996254,0.030380298,0.998971073,0.989595605,0.989287673,0.979399759,0.020186773,0.010100399
903,0.999676934,0.020903127,1.24E-05,0.030572503,0.020703053,0.979391587,0.011024193,3.43E-06,0.000809178,0.010707484,1.24E-05
904,0.999676833,0.999578562,0.000826128,0.020497529,0.020505097,0.98969882,0.010203412,0.000216319,0.000928537,0.010698,0.000826128
905,0.999676732,0.999679961,0.989584809,0.010092125,0.020708299,0.968700751,0.999174679,0.000421943,0.000932573,0.011119237,0.989584809
906,0.999676631,0.999986581,0.000617377,0.020496117,0.021098561,0.998860996,2.05E-05,0.979303102,0.001028322,0.021000088,0.000617377
907,0.999676531,0.988975706,0.999366884,0.01090201,0.011021066,0.969608301,0.020996758,0.979307945,0.030292317,0.020907567,0.999366884
908,0.99967643,0.010495302,0.978993758,0.020703053,0.011106927,0.999884374,0.000720491,0.000932169,0.030490172,0.011200053,0.978993758
909,0.999676329,0.989285554,0.999468586,0.020191818,0.021194916,0.999476658,0.00021198,0.979596202,0.969702739,0.020586216,0.999468586
910,0.999676228,0.989388972,0.989784884,0.02029352,0.020603066,0.999577855,0.999971749,0.968996575,0.020403092,0.030584812,0.989784884
911,0.999676026,0.989478768,0.020284137,0.030473525,0.030595103,1.03E-05,0.010108975,0.969198567,0.020492888,0.020905347,0.020284137
912,0.999675925,0.97868855,0.989080031,0.020707492,0.020290291,0.988993968,0.999772684,0.969204519,0.999165195,0.020802737,0.989080031
913,0.999675824,0.978700456,0.000212788,0.010614156,0.020582786,0.969722514,0.011018543,0.969421141,0.020598828,0.020988081,0.000212788
914,0.999675723,0.000125513,0.989089818,0.021203189,0.020501767,0.020689331,0.020483909,0.020383821,0.020605689,0.010598215,0.989089818
915,0.999675623,0.000203707,0.000936709,0.020389067,0.02110744,0.998968853,0.999070959,0.02048411,0.999279811,0.021194916,0.000936709
916,0.999675522,0.000204212,0.989384532,0.011011783,0.020614265,0.989484317,0.999480592,0.999175385,0.02069377,0.020789419,0.989384532
917,0.999675421,0.978995776,0.999778939,0.020286255,0.030383022,0.001129419,0.999577855,0.020685093,0.020700833,0.030491484,0.999778939
918,0.99967532,0.979097276,0.989286967,0.010907357,0.021217113,0.979397842,0.020698916,0.999585624,0.020907062,0.020897982,0.989286967
919,0.999675118,0.979190806,0.000506695,0.020807277,0.010698,0.999366177,0.999468889,0.020995043,0.020997767,0.021189669,0.000506695
920,0.999675017,0.979308853,0.999083571,0.02069256,0.030584105,0.999081149,0.010617889,0.988791774,0.021296921,0.010509124,0.999083571
921,0.999674916,0.000717464,0.98907539,0.021111274,0.020297959,0.978685322,0.011006234,0.988891963,0.021299948,0.010811709,0.98907539
922,0.999674815,0.000729471,0.989903738,0.02100483,0.020612247,0.0002255,0.999386861,0.98990505,0.021308221,0.030486338,0.989903738
923,0.999674714,0.000825422,0.999980225,0.020991814,0.020180618,0.998862711,0.010299061,0.000102408,0.021314476,0.999988599,0.999980225
924,0.999674614,0.979498737,0.999780251,3.23E-06,0.010816753,0.969620207,0.000908459,0.000104527,0.999988296,0.979506103,0.999780251
925,0.999674513,0.979694272,0.979107467,0.020790428,0.020906053,0.998981364,0.001018132,0.000125513,0.030573612,0.021005334,0.979107467
926,0.999674412,0.968700751,0.000709191,0.011217004,0.020694275,0.000119964,0.000527782,0.979197868,0.010294521,0.020998372,0.000709191
927,0.999674311,0.96879761,0.999175385,0.021001399,0.030289896,0.010805857,0.999586633,0.000613139,0.989080031,0.030370612,0.999175385
928,0.99967421,0.968904559,0.989177496,0.02049077,0.020196661,0.989393916,0.999372837,0.000707779,0.989088002,0.021000693,0.989177496
929,0.999674109,0.969220562,0.989083562,0.020692156,0.021112888,0.000418714,0.000219749,0.000714337,0.989092139,0.021093012,0.989083562
930,0.999674008,0.969404493,0.999477364,0.030369905,0.010909577,0.998868664,0.998863922,0.000731388,0.010808379,0.000102408,0.999477364
931,0.999673907,0.998974099,0.999284856,0.010518709,0.020405211,0.001017829,0.010314397,0.001110854,0.010897873,0.021214288,0.999284856
932,0.999673806,0.020382509,0.999367287,0.011214784,0.010701531,0.989178101,0.00072029,0.969204116,0.011099663,0.989179816,0.999367287
933,0.999673706,0.020589949,0.00051295,0.001013289,0.020288576,0.96881345,0.999063795,0.969205125,1.93E-05,0.021000592,0.00051295
934,0.999673605,0.999385852,0.020496319,0.020397643,0.030571595,0.000317416,0.010089704,0.9693038,0.978700456,0.999282334,0.020496319
935,0.999673504,0.01011069,0.979813631,0.000316003,0.020905852,0.998869774,0.030378078,0.998981162,0.000213998,0.000715749,0.979813631
936,0.999673403,0.988880864,0.999791652,0.030386856,0.02048744,0.999483922,0.999284856,0.999177907,0.979101917,0.021011993,0.999791652
937,0.999673302,0.988979741,0.000726848,0.03028475,0.030578153,0.999569178,0.030293931,0.020903127,0.979288876,0.021103505,0.000726848
938,0.999673201,0.0103937,0.989805063,0.011105414,0.020993731,0.988998306,0.02088991,0.999786002,0.000713025,0.020288172,0.989805063
939,0.9996731,0.010399451,0.989387156,0.001132042,0.020598626,0.979490161,0.020292511,0.989073877,0.000813012,0.021213279,0.989387156
940,0.999672999,0.989074381,0.989090322,0.00010483,0.010599324,0.989902729,0.020592976,0.010495302,0.00081836,0.021318613,0.989090322
941,0.999672898,0.989287673,0.979703352,0.011221746,0.030282429,0.010208861,0.000410845,0.989485326,0.000821386,0.03029151,0.979703352
942,0.999672797,0.989395126,0.999366177,0.020801526,0.020592371,0.999264778,0.011209235,0.989487546,0.000936104,0.020293923,0.999366177
943,0.999672697,0.000222675,0.02019656,0.020699017,0.020191818,0.979291398,0.011016021,0.989794267,0.001027212,0.020800114,0.02019656
944,0.999672596,0.000312371,0.010517398,0.000715346,0.020284641,0.999877816,0.000308234,0.000223382,0.979705976,0.021201474,0.010517398
945,0.999672495,0.000321452,0.010796272,0.010720096,0.021012397,0.010193827,0.011123272,0.978896192,0.001119128,0.021309129,0.010796272
946,0.999672394,0.00052647,0.010403487,0.020282825,0.021116823,0.999793367,0.011127611,0.000430923,0.001124172,0.010807572,0.010403487
947,0.999672293,0.000613139,0.969417004,0.010807673,0.021087463,0.989495214,0.000230041,0.979097276,0.030369905,0.011119438,0.969417004
948,0.999672192,0.000628071,0.999584111,0.020501767,0.021207023,0.96879761,0.010396525,0.97910898,0.030571796,0.999578057,0.999584111
949,0.999672091,0.979299369,0.989589248,0.000223684,0.021217315,0.999568775,0.99978802,0.000526975,0.030597222,0.010711621,0.989589248
950,0.99967199,0.000709494,0.999370516,0.010721105,0.030586022,0.979711222,0.030287272,0.979710415,0.020299271,0.021290161,0.999370516
951,0.999671889,0.000713832,0.020407733,0.010502364,0.010504786,0.999674008,0.000117946,0.968606515,0.020489962,0.989479172,0.020407733
952,0.999671789,0.979691043,0.989590257,0.000622421,0.011105414,0.969622528,0.99907671,0.968710537,0.020593178,0.020381298,0.989590257
953,0.999671688,0.030473726,0.989700334,0.020897578,0.030293225,0.979098285,0.021319824,0.969005353,0.020597315,0.010698605,0.989700334
954,0.999671486,0.020182132,0.00081836,0.010797381,0.010313287,0.99906551,0.010498228,0.969005857,0.020897175,0.999367388,0.00081836
955,0.999671385,0.998875323,0.998875323,0.021296214,0.021117529,0.989089919,0.99927174,0.969516487,0.99958633,0.999073279,0.998875323
956,0.999671284,0.020390076,0.999780352,0.011116411,0.020809699,0.979603366,0.011221241,0.998862005,0.999774096,0.021302874,0.999780352
957,0.999671183,0.999071564,0.979810907,0.030374042,0.000813012,0.999570893,0.999082057,0.020600947,0.021313468,0.020407027,0.979810907
958,0.999671082,0.030277889,0.000305813,0.011219123,0.030585922,0.989697206,0.030286364,0.020689331,0.988876223,0.000231554,0.000305813
959,0.999670981,0.020795069,0.989290599,0.00060537,0.02069256,0.999370617,2.07E-05,0.020690743,0.988992454,0.021098763,0.989290599
960,0.99967088,0.99947464,0.010112506,0.030280411,0.030591572,0.96890133,0.021106633,0.999483922,0.010398039,0.03059248,0.010112506
961,0.99967078,0.999791652,0.001123971,0.020206145,0.030594699,0.979090718,0.000818965,0.010201697,0.010405505,0.010703145,0.001123971
962,0.999670679,0.010109479,0.001120237,0.021103808,0.030575126,0.999575736,0.999780553,0.0108108,0.989082453,0.030381206,0.001120237
963,0.999670578,0.988785922,0.010902312,0.020590756,0.021001904,0.969000812,0.989293727,0.989701948,0.989093955,0.010317121,0.010902312
964,0.999670477,0.010201798,0.000316104,0.021007453,0.021319622,0.969400962,0.010614156,0.989892841,0.010504786,0.999784791,0.000316104
965,0.999670376,0.988880562,0.000528085,0.010619705,0.030477661,0.000509217,0.021300452,0.978700759,0.989192025,0.010801014,0.000528085
966,0.999670275,0.98897732,0.000424566,0.030574319,0.020799004,0.00021309,0.03047756,0.000104225,0.010601746,0.021204904,0.000424566
967,0.999670174,0.988993968,0.010618797,0.020995144,0.020598122,0.999488059,0.999070353,0.000109269,0.010708695,0.010313287,0.010618797
968,0.999670073,0.010405808,0.99886372,0.021314174,0.030386553,0.001030744,0.000103317,0.978996381,0.010796473,0.030290905,0.99886372
969,0.999669972,0.989480584,0.000606379,0.010716262,0.021307515,0.999085488,0.010208962,0.000810086,0.010805857,0.010897873,0.000606379
970,0.999669871,0.989701242,0.000528185,0.011016828,0.01052325,0.999574122,0.999082864,0.979498737,0.010815643,0.010409541,0.000528185
971,0.999669771,0.989794065,0.979807073,0.021112586,0.030292317,0.999173771,0.000711007,0.979701234,0.010904229,0.03058007,0.979807073
972,0.99966967,0.989799514,0.989384129,0.020299473,0.010603966,1.79E-05,0.020293923,0.001124374,0.011008857,0.01120873,0.989384129
973,0.999669569,2.02E-05,0.989687318,0.010898276,0.020691551,0.989688226,1.27E-05,0.969707078,0.011025808,0.030374849,0.989687318
974,0.999669468,0.978693999,0.989689033,0.030596919,0.021212572,0.000118148,0.989685502,0.969708187,0.011211959,0.02131266,0.989689033
975,0.999669266,0.978791968,0.999674815,0.030471507,0.00082744,0.989703764,0.989591569,0.969721506,0.01121206,0.010497824,0.999674815
976,0.999669165,0.978888524,0.010710107,0.010502667,0.020614164,0.979700326,0.999478373,0.998974806,0.98989829,0.010297245,0.010710107
977,0.999669064,0.000315196,0.989285151,0.01059539,0.020709005,0.989289691,0.999081553,0.998977126,0.978698337,0.021215801,0.989285151
978,0.999668963,0.979000215,0.010609515,0.010804848,0.021193503,0.000220153,0.001134766,0.02039946,0.000220254,0.021111173,0.010609515
979,0.999668863,0.000421842,0.020396836,0.010193827,0.020993832,0.979304111,0.030486036,0.020484918,0.000406607,0.010602049,0.020396836
980,0.999668762,0.000425373,0.979802532,0.000711007,0.030288382,0.978786318,1.94E-05,0.02050439,0.979104137,0.030487347,0.979802532
981,0.999668661,0.000506695,0.000424062,0.021307918,0.020610935,0.968704181,0.000205523,0.999379395,0.000620101,0.020605487,0.000424062
982,0.99966856,0.979301387,0.999973666,0.020390984,0.021110265,0.998971678,0.020397643,0.01030683,0.000622724,0.020389874,0.999973666
983,0.999668459,0.979392293,0.001112166,0.010611835,0.011027523,0.99908125,0.998980658,0.988975706,0.979298057,0.999780856,0.001112166
984,0.999668358,0.001017728,0.98969085,0.021099772,0.011205199,0.000124706,0.020705878,0.988983878,0.000710402,0.020701035,0.98969085
985,0.999668257,0.979791938,0.999673605,0.021097855,0.020496016,0.999086698,0.999477364,0.988989629,0.000808573,0.021294499,0.999673605
986,0.999668156,0.97980455,0.979497728,0.020390883,0.020397139,0.010498228,0.989479273,0.988994674,0.001020452,0.020885471,0.979497728
987,0.999668055,0.968908796,0.999972355,0.030477056,0.021193604,0.989083159,0.011002501,0.989288178,0.979792645,0.021190779,0.999972355
988,0.999667854,0.969515881,0.001113477,0.001024589,0.020405614,0.999065309,0.020589142,0.989389274,0.979799909,0.00031792,0.001113477
989,0.999588046,0.969707078,0.999176495,0.02089778,0.020601451,5.55E-06,0.989082352,0.010812314,0.03048765,0.020890415,0.999176495
990,0.999587945,0.020396836,0.999993644,0.000522132,0.020996254,0.999066015,0.989599741,0.978683001,0.030490273,0.979802532,0.999993644
991,0.999587844,0.02050207,0.96971414,0.010716968,0.02131599,0.969715149,0.02132275,0.000108159,0.030585518,0.021194714,0.96971414
992,0.999587541,0.020603974,0.999892749,0.021093617,0.021312559,0.969613649,0.010611735,0.978891652,0.020179307,0.020806874,0.999892749
993,0.99958744,0.999272345,0.978894477,0.030576236,0.020597214,0.999780452,0.999168928,0.000304098,0.020293923,0.020988787,0.978894477
994,0.999587339,0.021011791,0.979105247,0.020805259,0.030471103,0.989487445,0.989793258,0.000313279,0.020382812,0.000718171,0.979105247
995,0.999587238,0.988791774,0.020380996,0.02050207,0.020885975,0.020607101,0.020901816,0.000315297,0.020399964,0.020903531,0.020380996
996,0.999587138,0.010198065,0.000711411,0.001113982,0.030584408,0.978996381,0.010497723,0.000424566,0.020405614,0.021200667,0.000711411
997,0.999587037,0.010211181,0.968697522,0.0305835,0.030278394,0.999884879,0.010502667,0.979100404,0.999075297,0.03057674,0.968697522
998,0.999586936,0.010302491,0.999999496,0.020885975,0.020904338,0.979610428,0.000317819,0.979101312,0.020501363,0.01031591,0.999999496
999,0.999586835,0.988986804,0.010906045,0.010608809,0.000719281,0.000628879,0.999889419,0.00052647,0.02060811,0.020489861,0.010906045
1000,0.999586633,0.010504786,0.98907761,0.030491484,0.02019777,0.999786203,0.97981696,0.000614249,0.999381312,0.03028021,0.98907761
1001,0.999586532,0.989179816,0.010106553,0.011118631,0.020394818,0.98969085,0.989297359,0.000620706,0.02090565,0.010193928,0.010106553
1002,0.99958633,0.989182944,0.000213797,0.010314397,0.021289555,0.978889029,0.999064501,0.9793029,0.021091599,0.010200083,0.000213797
1003,0.99958623,0.989185265,0.01030118,0.010093235,0.02028232,0.001032055,0.999269116,0.000711915,0.021191082,0.011214481,0.01030118
1004,0.999586028,0.010605681,0.000213998,0.020699925,0.021091801,0.969724331,0.020606294,0.979499545,0.021211866,0.001027212,0.000213998
1005,0.999585927,0.989396438,0.999468283,0.02039946,0.011021469,0.999282233,0.010399048,0.979508222,0.010101408,0.020901816,0.999468283
1006,0.999585826,0.010911897,0.989190511,0.030291207,0.030477056,0.999571297,0.000811801,0.96879428,0.010495403,0.010601948,0.989190511
1007,0.999585725,0.989781958,0.989780444,0.01112075,0.021097552,0.979612446,0.999370718,0.968905164,0.010496815,0.021206216,0.989780444
1008,0.999585624,0.000220153,0.020295538,0.011120346,0.02129793,0.97910222,0.020488752,0.969011205,0.010514976,0.020602662,0.020295538
1009,0.999585523,0.000412257,0.99896623,0.021091095,0.02089324,0.000506695,0.010506703,0.969304305,0.989285554,0.020489559,0.99896623
1010,0.999585422,0.979191108,0.000410744,0.021312055,0.021010076,0.989384129,0.000722307,0.969608604,0.010899487,0.011222149,0.000410744
1011,0.999585321,0.979306331,0.00071242,0.020610935,0.010605984,0.000102408,0.000113709,0.020298665,0.011018543,0.021323759,0.00071242
1012,0.999585221,0.000731388,0.999795587,0.020589546,0.020589949,0.979105247,0.99897864,0.99896744,0.011204291,0.010205531,0.999795587
1013,0.99958512,0.000822799,0.999568674,0.000611424,0.030577547,0.010807673,0.989482501,0.9989742,0.978791867,0.020603772,0.999568674
1014,0.999585019,0.979499645,0.000810893,0.020809699,0.020503583,0.979817465,0.030497033,0.020394213,0.000427896,0.979604677,0.000810893
1015,0.999584918,0.000921777,0.989801128,0.000422851,0.021091398,0.989599741,0.98909113,0.020490063,0.000511033,0.02038594,0.989801128
1016,0.999584817,0.000930252,0.999780452,0.021199053,0.021313367,0.989086186,0.999269016,0.999280215,0.000626962,0.020295538,0.999780452
1017,0.999584716,0.001013692,0.001017829,0.021101891,0.021205611,0.989891025,0.999989709,0.020996052,0.000723014,0.02029473,0.001017829
1018,0.999584615,0.979703655,0.999979922,0.021316797,0.02070497,0.000223684,0.999580983,0.999679961,0.000810086,0.020497227,0.999979922
1019,0.999584514,0.001131739,0.010608001,0.001126796,0.021194714,0.979501058,0.999176898,0.999777829,0.000827137,0.020789217,0.010608001
1020,0.999584413,0.969101001,0.010524359,0.000315196,0.021213884,0.01071263,0.999062685,0.999877715,0.00082966,0.020704465,0.010524359
1021,0.999584313,0.969622628,0.989902729,0.001119531,0.021320227,0.999675925,0.020893139,0.010097069,0.979708599,0.999769152,0.989902729
1022,0.999584212,0.969722514,0.979397842,0.010818468,0.020797289,0.999770767,0.010092226,0.01049621,0.979803239,0.020901412,0.979397842
1023,0.999584111,0.998966633,0.999871762,0.030278595,0.020683983,0.968898908,0.999567867,0.989276373,0.030384434,0.03059359,0.999871762
1024,0.99958401,0.020482395,0.979607603,0.010410752,0.020498034,0.978997087,0.99908347,0.98929746,0.030596919,0.01040036,0.979607603
1025,0.999583909,0.020498538,0.999871157,0.020694981,0.02101048,0.000315196,0.99938565,0.989384129,0.020297051,0.000617578,0.999871157
1026,0.999583808,0.020592573,0.999084277,0.020488247,0.020600947,0.000405094,0.989692464,0.989596311,0.02038261,0.000527782,0.999084277
1027,0.999583707,0.999368094,0.000223987,0.020193028,0.020805663,0.020406421,0.010107663,0.989889815,0.020396937,0.020785988,0.000223987
1028,0.999583606,0.999583001,0.979086279,0.021197136,0.021308625,0.99968551,0.989390082,0.978685826,0.020496319,0.020891121,0.979086279
1029,0.999583505,0.021003114,0.001123567,0.020697907,0.020597315,0.979097276,0.999871157,0.000230545,0.020589142,0.000616267,0.001123567
1030,0.999583404,0.99977228,0.000528488,0.000719583,0.011203988,0.989080031,0.989083764,0.000231958,0.020601653,0.030384636,0.000528488
1031,0.999583304,0.999778334,0.999971648,0.021200162,0.020797894,0.999382018,0.001025699,0.978905172,0.02060357,0.999484931,0.999971648
1032,0.999583203,0.999993946,0.020489559,0.020613357,0.011016223,0.989084874,0.998977227,0.000711512,0.020685396,0.020199586,0.020489559
1033,0.999583102,0.988791976,0.979800313,0.011205905,0.020483001,0.999466568,0.00071363,0.000929949,0.020699622,0.030290097,0.979800313
1034,0.999583001,0.989288178,0.010092327,0.030583601,0.021299544,0.999073178,0.988981961,0.97969407,0.999389484,0.030573612,0.010092327
1035,0.9995829,0.010719188,0.999073481,0.021215196,0.0302791,0.010595289,0.000315297,0.968901834,0.02079295,0.001129318,0.999073481
1036,0.999582799,0.989887696,0.999484023,0.020684992,0.020490063,0.989784884,0.020587629,0.969100194,0.020805259,0.011216197,0.999484023
1037,0.999582698,0.989897382,0.010098583,0.000808573,0.010497824,0.968809011,0.989703663,0.969515781,0.021097149,0.01050862,0.010098583
1038,0.999582597,2.13E-05,0.97959822,0.020396836,0.011202979,0.998876635,0.989891025,0.969716864,0.021294297,0.03057442,0.97959822
1039,0.999582496,0.00021309,0.010299263,0.020407632,0.021213481,0.020498538,0.000918649,0.999286067,0.021300452,0.020683681,0.010299263
1040,0.999582396,0.97889367,0.000422851,0.030588343,0.020996455,0.020683883,0.02130025,0.999487252,0.030582592,0.020299271,0.000422851
1041,0.999582295,0.000421943,0.000607186,0.020196459,0.010499842,0.989704773,0.010601746,0.999570692,0.010192112,0.000820478,0.000607186
1042,0.999582194,0.000729067,0.989884064,0.020297959,0.030597424,0.999984059,0.999375662,0.010395819,0.01019746,0.999784488,0.989884064
1043,0.999582093,0.979700326,0.999366278,0.021320026,0.021090893,0.010102114,0.011121658,0.989086993,0.010204926,0.989588542,0.999366278
1044,0.999581992,0.969711517,0.999972254,0.021009067,0.02100483,0.999273859,0.000928133,0.989091331,0.010302794,0.011203787,0.999972254
1045,0.999581891,0.998982676,2.22E-06,0.010619403,0.010804949,0.020300986,0.999778334,0.989702049,0.010313287,0.01110501,2.22E-06
1046,0.99958179,0.020490063,0.010099692,0.020705878,0.020808892,0.010307637,0.010201697,0.000207137,0.010404799,0.010300574,0.010099692
1047,0.999581689,0.999176495,0.999370011,0.021109861,0.020493695,0.978795903,0.989483409,0.000311967,0.989184457,0.010703246,0.999370011
1048,0.999581588,0.999281728,0.001129318,0.020900706,0.021210151,0.989699325,0.010513866,0.000506695,0.010608001,0.001136683,0.001129318
1049,0.999581387,0.999671889,0.020700833,0.011027624,0.03057674,0.979811714,0.999084479,0.000529699,0.010612643,0.020695284,0.020700833
1050,0.999581286,0.021100478,0.999368094,0.020788713,0.000210366,0.999178109,0.999980124,0.979602659,0.989293424,0.010612945,0.999368094
1051,0.999581185,0.010292301,0.999389081,0.021105422,0.011125189,0.010700522,0.011015113,0.001028322,0.989293525,0.021211967,0.999389081
1052,0.999581084,0.030277586,0.020699622,0.020601149,0.030598332,0.978695613,0.98988255,0.979701435,0.989494306,0.021306909,0.020699622
1053,0.999580983,0.988994674,0.001117513,0.020691349,0.02039946,0.000511538,0.999581084,0.968599856,0.010998162,0.021299948,0.001117513
1054,0.999580882,0.989089919,0.999787616,0.00092218,0.020706685,0.999979922,0.988973082,0.968700145,0.011126501,0.010914319,0.999787616
1055,0.999580781,2.62E-06,0.000930252,0.021289051,0.030473525,0.979596202,0.989780545,0.968708721,0.011214784,0.021320631,0.000930252
1056,0.99958068,0.978683909,0.000913907,0.020184049,0.020592573,0.998967339,0.000121175,0.969010902,4.04E-06,0.010405404,0.000913907
1057,0.999580579,0.00010483,0.999778233,0.020489962,0.020390682,0.999781159,0.011106221,0.969303699,0.000101904,0.021318815,0.999778233
1058,0.999580479,0.000225601,0.020299271,0.020383922,0.020482395,0.989291911,0.988986703,0.969624545,0.97879893,0.999480088,0.020299271
1059,0.999580378,0.978905172,0.978997491,0.021112182,0.020489054,0.98897732,0.000105032,0.020181728,0.000206734,0.020702245,0.978997491
1060,0.999580277,0.000406102,0.010498228,0.030587031,0.021108045,0.97900304,0.030587233,0.998982676,0.97898609,0.021301158,0.010498228
1061,0.999580176,0.97920029,0.001116908,0.000425373,0.021190275,0.001028019,0.989277987,0.020582786,0.000421842,0.020399964,0.001116908
1062,0.999580075,0.000617377,0.969723624,0.020505702,0.021096341,0.999070151,0.021309734,0.020701741,0.00060537,0.021290665,0.969723624
1063,0.999579974,0.000621211,0.020201503,0.000203707,0.020586822,0.99938676,0.999286269,0.999366177,0.000630796,0.000607085,0.020201503
1064,0.999579873,0.979401374,0.99886483,0.000421842,0.03037041,0.989378378,0.020404504,0.999671889,0.000731287,0.010710713,0.99886483
1065,0.999579772,0.979494601,0.000610112,0.020597315,0.020500657,8.17E-06,0.999783782,0.999870653,0.001019141,0.000309243,0.000610112
1066,0.999579671,0.9796072,0.988976008,0.02048411,0.020500254,0.978798122,0.010510133,0.999982848,0.001026001,0.02068469,0.988976008
1067,0.99957957,0.979700023,0.999275776,0.021112081,0.021199053,0.989483409,0.989495012,0.999984059,0.979808788,0.000414679,0.999275776
1068,0.99957947,0.001110854,0.000822799,0.021007957,0.030283943,0.989284747,0.998875021,0.988790765,0.030598433,0.010609515,0.000822799
1069,0.999579369,0.979806467,0.000718776,0.01050973,0.021105422,0.968595719,0.000715346,0.010399451,0.969606082,0.021298031,0.000718776
1070,0.999579268,0.968911722,0.989803549,0.010513866,0.020594086,0.979697299,0.999476153,0.989089919,0.020198779,0.021095938,0.989803549
1071,0.999579167,0.969199374,0.999988599,0.030486036,0.030476652,0.999385247,0.999086295,0.989090524,0.020293419,0.021095534,0.999988599
1072,0.999579066,0.969310056,0.999389484,0.020500254,0.020798903,0.99916691,0.020689936,0.989091937,0.999169634,0.001037403,0.999389484
1073,0.999578965,0.030572906,0.010107259,0.010711621,0.020481689,0.000116736,0.989584002,0.010605681,0.020704768,0.021289959,0.010107259
1074,0.999578864,0.020609321,0.000623128,0.010208962,0.020800618,0.010518608,0.00101682,0.989280005,0.02070618,0.010089704,0.000623128
1075,0.999578763,0.99927174,0.020382711,0.02089667,0.020811817,0.998874213,0.020704263,0.989283637,0.999477666,0.999583102,0.020382711
1076,0.999578662,0.999377881,0.010597307,0.001016618,0.020292612,0.000608901,0.03057331,0.989385239,0.999583304,0.021099469,0.010597307
1077,0.999578562,0.021000693,0.020488247,0.020793253,0.011102791,0.02049642,0.998868261,0.989597219,0.021118034,0.021316797,0.020488247
1078,0.999578461,0.999870653,0.000105234,0.001120338,0.020684084,0.000412257,0.010302088,0.97879338,0.988785619,0.020499648,0.000105234
1079,0.99957836,0.999871056,0.969418619,0.030483009,0.030391396,0.999269016,0.999278702,0.978793582,0.010311673,0.010414081,0.969418619
1080,0.999578259,0.999971144,0.999781966,0.011008857,0.010516691,0.978899825,0.011213372,0.000427593,0.988992353,0.01101481,0.999781966
1081,0.999578158,0.99997518,0.000525562,0.000317517,0.030283438,0.969622628,0.011114797,0.979090415,0.010516691,0.020490467,0.000525562
1082,0.999578057,0.010099692,0.000517692,0.000314086,0.030377674,0.988878947,0.00043173,0.979293113,0.010620109,0.010299162,0.000517692
1083,0.999577956,0.988888936,0.000415082,0.02120218,0.020798398,0.96922036,0.000119258,0.000729067,0.989276373,0.999576342,0.000415082
1084,0.999577855,0.010509124,0.020299775,0.020399661,0.020806672,0.000514766,0.999080645,0.979488951,0.010709199,0.000923593,0.020299775
1085,0.999577754,0.010611835,0.989681668,0.010597004,0.010811406,0.010914117,0.000807665,0.00101117,0.010710006,0.020593884,0.989681668
1086,0.999577653,0.989700334,0.010521635,0.021293995,0.020596608,0.989684493,0.021113695,0.001018434,0.011201163,0.020299775,0.010521635
1087,0.999577553,0.989701948,0.989187283,0.020604276,0.020502171,0.989904848,0.020485422,0.001124677,0.989889108,0.001031248,0.989187283
1088,0.999577452,1.01E-07,0.989176487,0.010506804,0.011213372,0.998872498,0.010806361,0.979798597,0.00022994,0.00041599,0.989176487
1089,0.999577351,4.04E-06,0.000213191,0.020281211,0.020383821,0.010493082,0.989293929,0.968802856,0.979203014,0.021306304,0.000213191
1090,0.99957725,8.17E-06,0.989699728,0.000714337,0.02070275,0.000410845,0.999273859,0.969101506,0.000608195,0.021208638,0.989699728
1091,0.999577149,2.16E-05,0.999581084,0.010802527,0.021308221,0.989496324,0.999578562,0.969221571,0.000611424,0.020807883,0.999581084
1092,0.999577048,0.000204918,0.020590353,0.000215411,0.030375152,0.010299263,0.999993845,0.969722817,0.000718776,0.999685611,0.020590353
1093,0.999576947,0.000223886,0.999877917,0.020706382,0.011008857,0.989890218,0.011110358,0.998868261,0.001010565,0.010907155,0.999877917
1094,0.999576846,0.979092635,0.9997745,0.020812524,0.001020452,0.999985774,0.999775408,0.998974705,0.001020856,0.020204127,0.9997745
1095,0.999576745,0.000620706,0.000207339,0.000817754,0.020384224,0.969199374,0.998973797,0.998978942,0.979796378,0.000618688,0.000207339
1096,0.999576644,0.000625852,0.010902918,0.000321452,0.020688423,0.999876404,0.020383014,0.020391993,0.030388975,0.021201777,0.010902918
1097,0.999576544,0.9793029,0.020887489,0.011121456,0.02130025,0.000106242,0.020891726,0.020610633,0.030490778,0.020808992,0.020887489
1098,0.999576443,0.000726747,0.998979951,0.020593279,0.0203927,0.99897531,0.989481291,0.020794867,0.030593287,0.021000289,0.998979951
1099,0.999576342,0.000817754,0.99967078,0.021100478,0.020289686,0.979703655,0.020488247,0.999684199,0.020280605,0.020986467,0.99967078
1100,0.999576241,0.000826128,0.999674008,0.030493804,0.021200869,0.000824312,0.999782369,0.999688133,0.020288172,0.989395126,0.999674008
1101,0.99957614,0.000936104,0.989780848,0.030488961,0.010918052,0.010091419,0.010099087,0.999873478,0.02039946,0.011107734,0.989780848
1102,0.999576039,0.96920008,0.979101514,0.010696587,0.020403798,0.999284352,0.999384843,0.988888936,0.999078223,0.020796078,0.979101514
1103,0.999575938,0.969415491,3.43E-06,0.020488752,0.020590555,0.010602553,0.021189669,0.988985694,0.030271432,0.988872995,3.43E-06
1104,0.999575837,0.020502372,0.989395126,0.001009455,0.010611735,0.010315305,0.011021066,0.989093854,0.999172863,0.010192415,0.989395126
1105,0.999575736,0.020505198,0.010509427,0.020612247,0.021208436,0.00021188,0.000320644,0.989188796,0.020601451,0.00061213,0.010509427
1106,0.999575636,0.020603066,0.010917648,0.010603158,0.030486439,0.001117009,0.989291911,0.98958158,0.999386861,0.000423456,0.010917648
1107,0.999575535,0.999473025,0.998966633,0.030497336,0.010617486,0.999476859,0.000121881,0.989597118,0.999388677,0.03037717,0.998966633
1108,0.999575434,0.999483922,0.998877139,0.030285053,0.030374042,0.989176184,0.999769959,0.989697912,0.020894652,0.02080647,0.998877139
1109,0.999575333,0.999485032,0.010193525,0.000824817,0.030268607,0.999476052,0.010312177,0.989700334,0.999576342,0.030587839,0.010193525
1110,0.999575232,0.999991626,0.999473631,0.020397442,0.020794968,0.999677943,0.98939664,0.989785691,0.999581387,0.021295407,0.999473631
1111,0.999575131,0.999993845,0.988872995,0.999891941,0.030594195,0.000112599,0.020607101,0.98988366,0.021011993,0.001110955,0.988872995
1112,0.99957503,0.010192516,0.999669064,0.000810288,0.020892735,0.999986581,0.989588946,0.978683909,0.021094223,0.010818166,0.999669064
1113,0.999574828,0.988884698,0.988876122,0.030471002,0.020888296,0.99938787,0.030379188,0.000103115,0.021117428,0.010205935,0.988876122
1114,0.999574727,0.988891963,0.999272345,0.010707484,0.021300452,0.969116035,0.999984462,0.000115222,0.999778535,0.020698311,0.999272345
1115,0.999574627,0.010299263,0.999981839,0.010194534,0.020295437,0.999685813,0.98988588,0.000115424,0.021196934,0.020585914,0.999981839
1116,0.999574526,0.010395718,0.000405598,0.030597424,0.021087765,0.989900409,0.989191016,0.978801048,0.021199759,0.021191082,0.000405598
1117,0.999574425,0.010414989,0.000821185,0.000418714,0.030486742,0.989694784,0.989699829,0.978890643,0.021213985,0.011199852,0.000821185
1118,0.999574324,0.989086287,0.000630493,0.02038483,0.011026312,0.000608195,0.000825725,0.000303896,0.021318411,0.020290291,0.000630493
1119,0.999574223,0.989090322,0.999772885,0.000812709,0.011009463,0.001112267,0.998966129,0.000312976,0.999970539,0.01050973,0.999772885
1120,0.999574122,0.010497521,0.989091937,0.010293411,0.030574823,0.000315297,0.010701935,0.978995776,0.010113212,0.021008765,0.989091937
1121,0.999574021,0.989286462,0.989086488,0.020407834,0.030481293,0.020285448,0.011008656,0.978998702,0.010298153,0.020592573,0.989086488
1122,0.99957392,0.010700522,0.000406203,0.030572906,0.010193525,0.000914008,0.000926014,0.979005865,0.010299162,0.010999474,0.000406203
1123,0.999573819,0.0108108,0.010311067,0.030597928,0.021311651,0.999268814,0.989184659,0.9790887,0.010302895,0.020195551,0.010311067
1124,0.999573719,0.010820385,0.000101601,0.021323456,0.011099663,0.969724431,0.020793455,0.979190806,0.010402781,0.021203694,0.000101601
1125,0.999573618,0.989801935,0.998869976,0.020405614,0.020300986,0.998875424,0.999267401,0.979304716,0.989079728,0.000623733,0.998869976
1126,0.999573517,0.978798021,0.999176596,0.01020765,0.021113494,0.969411556,0.98990172,0.979603366,0.989089011,0.010804949,0.999176596
1127,0.999573416,0.000518399,0.999267199,0.020502372,0.010514573,0.001124172,0.989494306,0.968609037,0.010500952,0.020294529,0.999267199
1128,0.999573315,0.979205436,0.010508216,0.011008353,0.021320026,0.98970447,0.999468081,0.969004747,0.010618192,0.989381203,0.010508216
1129,0.999573214,0.000711512,0.98917911,0.030475139,0.020899697,0.998875021,0.988891963,0.969115833,0.010701531,0.989381304,0.98917911
1130,0.999573113,0.979494096,0.01020422,0.030374244,0.021087362,0.99987943,0.989582791,0.969201593,0.010820385,0.001123567,0.01020422
1131,0.999573012,0.979590148,0.010506602,0.020896267,0.010618797,0.989276373,0.999773692,0.969305515,0.989481089,0.020585308,0.010506602
1132,0.999572911,0.001014903,0.989181632,0.020606294,0.020500758,0.998962698,0.021092608,0.969310964,0.010903119,0.010595995,0.989181632
1133,0.99957281,0.001018333,0.010412265,0.021208436,0.02049642,0.999164589,0.998968348,0.969407924,0.010911393,0.001133656,0.010412265
1134,0.99957271,0.001126392,0.988784409,0.030278394,0.021111879,0.989279702,0.020294932,0.969623436,0.989903738,0.021006848,0.988784409
1135,0.999572609,0.979799909,0.98979578,0.000820377,0.000808573,0.989289287,0.010504382,0.998861501,0.000116836,0.000629787,0.98979578
1136,0.999572508,0.020181728,0.00021642,0.010914319,0.020588032,0.999183255,0.021093415,0.020298968,0.978997087,0.020686506,0.00021642
1137,0.999572407,0.998868563,0.989579966,0.020991209,0.02129228,0.999673403,0.999366379,0.998965523,0.979289683,0.021093819,0.989579966
1138,0.999572306,0.02039159,0.989397144,0.020888195,0.020397442,0.979303102,0.989885678,0.020406421,0.000809279,0.030495116,0.989397144
1139,0.999572205,0.020613054,0.999975684,0.001121448,0.011212161,0.979313091,0.000214099,0.020496722,0.000813315,0.030278999,0.999975684
1140,0.999572104,0.020992823,0.98988588,0.010914924,0.010914319,0.968705089,0.0004171,0.020601149,0.001017728,0.030273349,0.98988588
1141,0.999572003,0.021189064,0.010600031,0.030497235,0.021101588,0.989888099,0.989794166,0.999571297,0.979810907,0.02070386,0.010600031
1142,0.999571902,0.999883264,0.999384439,0.010908063,0.020592472,0.999886594,0.998973696,0.999580479,0.030286162,0.021289354,0.999384439
1143,0.999571802,0.99998305,0.00102025,0.020612146,0.020289484,0.999987085,0.02058894,0.98889166,0.998863821,0.011206612,0.00102025
1144,0.999571701,0.030475946,0.98989718,0.021112787,0.020500859,0.010392591,0.000428299,0.010299767,0.998961891,0.021096543,0.98989718
1145,0.9995716,0.988774117,0.020282623,0.020290291,0.011002501,0.000824817,0.989796386,0.988983273,0.020394818,0.030575832,0.020282623
1146,0.999571499,0.010299061,0.989382918,0.020784677,0.030270423,0.999267401,0.030594498,0.010395718,0.020483909,0.998968651,0.989382918
1147,0.999571398,0.988989327,0.001110854,0.020397341,0.020997263,0.020686708,0.999387365,0.989086287,0.020484918,0.021319017,0.001110854
1148,0.999571297,0.010410348,0.989393916,0.010710511,0.030476551,0.999997276,0.020596709,0.989184457,0.020614467,0.001016416,0.989393916
1149,0.999571196,0.989079829,0.010497521,0.010597307,0.020397341,0.989581782,0.021114402,0.989278391,0.999267199,0.021194411,0.010497521
1150,0.999571095,0.98909234,0.999768749,0.021101588,0.020592169,0.999389484,0.021294499,0.989592881,0.999277289,0.001019948,0.999768749
1151,0.999570994,0.010513967,0.000720895,0.020787704,0.011217004,0.999487252,0.00093449,0.989697206,0.020700228,0.020699219,0.000720895
1152,0.999570893,0.01060891,0.020482799,0.000607085,0.030472516,0.9890765,0.010811002,0.989700737,0.020703154,0.03057785,0.020482799
1153,0.999570793,0.989297359,0.989291305,0.010399048,0.020693266,0.000316003,0.000225601,0.989887696,0.999368195,0.030597424,0.989291305
1154,0.999570692,0.010710107,0.01091896,0.011119237,0.021322245,0.978988612,0.999279105,0.978786822,0.999384036,0.011008857,0.01091896
1155,0.999570591,0.98958834,0.000822395,0.010619604,0.020692156,0.999275473,0.021307515,0.00020744,0.999479382,0.010918355,0.000822395
1156,0.99957049,0.989882247,0.989785086,0.011216298,0.020784374,0.989883458,0.999177706,0.978887213,0.020888094,0.001016114,0.989785086
1157,0.999570389,0.989888099,0.989277987,0.030388672,0.030292115,0.998968651,0.000527378,0.978889029,0.021008159,0.010800711,0.989277987
1158,0.999570288,0.000216521,0.999690757,0.020201201,0.010522039,0.97868855,0.989085177,0.97889821,0.021008765,0.979809494,0.999690757
1159,0.999570187,0.000317517,0.020385637,0.030593287,0.021290867,0.999466265,0.998871287,0.979186972,0.021089884,0.030282228,0.020385637
1160,0.999570086,0.979388156,0.989279803,0.000224895,0.020507115,0.000515674,0.999468182,0.000715245,0.021208335,0.020701136,0.989279803
1161,0.999569985,0.001011775,0.010498833,0.021100175,0.021290262,0.010706778,0.99999778,0.000716355,0.021211261,0.020905448,0.010498833
1162,0.999569885,0.001037302,0.989900509,0.030592278,0.021205005,0.969100598,0.999085387,0.979396531,0.999883668,0.03027688,0.989900509
1163,0.999569784,0.968597838,0.98929413,0.03049108,0.020402789,0.001113175,0.020602763,0.97940208,0.02129793,0.010315305,0.98929413
1164,0.999569683,0.968709831,0.999385247,0.001110854,0.030572503,0.989277382,0.030582592,0.000928537,0.021316696,0.020694275,0.999385247
1165,0.999569582,0.968811029,0.989489463,0.020386444,0.021316898,0.999386962,0.000528488,0.001020452,0.010091419,0.010201193,0.989489463
1166,0.999569481,0.969211481,0.97960609,0.011217912,0.030591168,0.979813933,0.998973898,0.001133354,0.010093437,0.01010171,0.97960609
1167,0.99956938,0.969406915,0.000824312,0.021317705,0.03028142,0.968597838,0.000608901,0.968808002,0.010103829,0.0213171,0.000824312
1168,0.999569279,0.998862308,0.989288581,0.020298262,0.010092024,0.999993946,0.999367287,0.968808708,0.988776034,0.02079073,0.989288581
1169,0.999569178,0.998967339,0.989287673,0.021204904,0.010703448,0.020298665,0.000828247,0.969003436,0.988777851,0.030577346,0.989287673
1170,0.999569077,0.020383821,0.000316205,0.030574117,0.020280101,0.979590148,0.989592881,0.969203511,0.010308444,0.021312257,0.000316205
1171,0.999568976,0.020689331,0.999997276,0.030586224,0.020600342,0.999781966,0.000505282,0.969301782,0.01030905,0.021210252,0.999997276
1172,0.999568876,0.020810203,1.09E-05,0.020704364,0.020998978,0.999883164,0.000715043,0.969517092,0.010409945,0.010719793,1.09E-05
1173,0.999568775,0.999583304,0.000813113,0.020389975,0.020805058,0.999996368,0.000408423,0.969622628,0.010598416,0.01071384,0.000813113
1174,0.999568674,0.999779645,0.000205422,0.010819377,0.021210655,0.000117038,0.010203211,0.969725037,0.010714647,0.020182132,0.000205422
1175,0.999568573,0.010201697,0.999469797,0.010595793,0.020406421,0.000119863,0.989399162,0.998966734,0.989383624,0.021209344,0.999469797
1176,0.999568472,0.010210677,0.989897382,0.010294319,0.020801728,5.45E-06,0.020501061,0.020495713,0.010804949,0.030473827,0.989897382
1177,0.999568371,0.988989629,0.001036293,0.020589949,0.021008563,0.978888625,0.030484421,0.020500455,0.011027018,0.010903321,0.001036293
1178,0.99956827,0.989181632,0.989687217,0.010701329,0.010310058,0.020596003,0.989387458,0.020613861,0.989692767,0.030586224,0.989687217
1179,0.999568169,0.9891893,0.000914109,0.030482302,0.02100261,0.999176293,0.02070729,0.999268007,0.989693473,0.001126089,0.000914109
1180,0.999567867,0.989292617,0.988777851,0.020395928,0.03059248,0.969208757,0.021296013,0.999286975,0.011214885,0.020589949,0.988777851
1181,0.999567766,0.989383422,0.998972082,0.000416293,0.020298262,0.001022067,0.989698719,0.99997972,0.989895364,0.010912704,0.998972082
1182,0.999567665,0.989393916,0.988983273,0.020890314,0.011219123,0.998875525,0.020809194,0.999989406,0.000103821,0.000110278,0.988983273
1183,0.999567564,0.989487445,0.99997407,0.010524359,0.011217912,0.978783089,0.000706265,0.010096766,0.978904668,0.02110966,0.99997407
1184,0.999567463,0.01090201,0.000403782,0.021308524,0.010697899,0.020593178,0.999792156,0.988888331,0.000416293,0.998973494,0.000403782
1185,0.999567362,0.010903624,0.989195556,0.000725334,0.020293419,0.999772684,0.000316911,0.988987208,0.000507199,0.021008563,0.989195556
1186,0.999567261,2.14E-05,2.17E-05,0.020897982,0.010315507,0.989188392,0.999775206,0.988989327,0.000509217,0.020692055,2.17E-05
1187,0.99956716,0.000117038,1.23E-05,0.02079295,0.020612852,0.000808976,0.020300078,0.989074684,0.000605975,0.999073986,1.23E-05
1188,0.999567059,0.000123596,0.010718381,0.010596096,0.030387158,0.020614164,0.989477558,0.9890765,0.000610112,0.020892634,0.010718381
1189,0.999566959,0.000213494,0.010504786,0.030579565,0.030282328,0.979399759,0.000727251,0.010505997,0.000727453,0.030578254,0.010504786
1190,0.999488664,0.000219447,0.010310866,0.020497227,0.02079295,0.969406814,0.010622732,0.989192025,0.000910578,0.989578352,0.010310866
1191,0.999488563,0.978997087,0.979499545,0.000422145,0.020405816,0.001023075,0.021099671,0.989886586,0.000917338,0.011002097,0.979499545
1192,0.999488462,0.978998702,0.000717464,0.010618192,0.010614358,0.968802554,0.000515977,1.01E-07,0.001018233,0.020698714,0.000717464
1193,0.99948826,0.000514766,0.000417201,0.020808589,0.010796978,0.989179715,0.999177605,9.18E-06,0.001110652,0.03047413,0.000417201
1194,0.999488059,0.979196153,0.989694482,0.010712529,0.011000281,0.988791774,0.000712722,0.978682396,0.979805862,0.999986985,0.989694482
1195,0.999487958,0.979404804,0.020794766,0.010518205,0.021188761,0.999078627,0.999284352,0.978700456,0.030273954,0.000620303,0.020794766
1196,0.999487857,0.001026203,0.989684493,0.02132275,0.030371015,0.989297157,0.00051517,0.000113002,0.030287171,0.999280518,0.989684493
1197,0.999487756,0.001113881,2.06E-05,0.030497033,0.021196026,0.010496613,0.989485326,0.978793279,0.030372125,0.020589243,2.06E-05
1198,0.999487655,0.001123567,0.999880036,0.030286162,0.001118926,0.020608514,0.011019048,0.978793683,0.030490677,0.030283237,0.999880036
1199,0.999487554,0.968898908,0.000418109,0.030588444,0.011002097,0.969108871,0.999080342,0.978888625,0.030597121,0.01029785,0.000418109
1200,0.999487352,0.969096663,0.010191002,0.010396525,0.020693972,0.989398254,0.021306808,0.978891248,0.998860996,0.021099166,0.010191002
1201,0.999487252,0.030589251,0.000117644,0.000420329,0.020281211,0.989889714,0.999573416,0.978898513,0.998861501,0.010292301,0.000117644
1202,0.999487151,0.969725037,0.020181224,0.000611121,0.021011085,0.000918851,0.989292819,0.00031005,0.020290291,0.020685598,0.020181224
1203,0.99948705,0.02049642,0.010512958,0.000112498,0.030488961,0.000917035,0.01010393,0.00031681,0.020389067,0.030594599,0.010512958
1204,0.999486949,0.020501363,0.000416495,0.021113494,0.020694981,0.001021663,0.01009606,0.978998601,0.02049642,0.021319824,0.000416495
1205,0.999486848,0.999175385,0.999881247,0.030280815,0.020401982,0.979195043,0.999788524,0.00040812,0.020793455,0.021112182,0.999881247
1206,0.999486747,0.020703154,0.001009455,0.030374748,0.021302672,0.979697803,0.030594397,0.00041256,0.999468889,0.0305948,0.001009455
1207,0.999486646,0.999369204,0.999370819,0.010918052,0.020295538,0.999883264,0.000521325,0.979090516,0.999568169,0.011111468,0.999370819
1208,0.999486545,0.02080193,0.979392495,0.020297354,0.021300755,0.020687918,0.999078627,0.979109484,0.02100261,0.010615468,0.979392495
1209,0.999486444,0.999474539,0.98969882,0.020283531,0.021200263,0.989091432,0.020797692,0.000513556,0.021200869,0.000418109,0.98969882
1210,0.999486343,0.999873478,0.00061435,0.000628879,0.021088068,0.00021985,0.01060558,0.000529194,0.021303882,0.989385239,0.00061435
1211,0.999486243,0.999998587,0.989184357,0.020199586,0.01071828,0.968794079,0.000111489,0.979196153,0.030478973,0.020706988,0.989184357
1212,0.999486142,0.010096766,0.999467274,0.020405211,0.030586325,0.000808573,0.989693876,0.979291196,0.010098179,0.000217429,0.999467274
1213,0.999486041,0.010198368,0.010809489,0.010497925,0.030580171,0.010497925,0.999779343,0.979301891,0.010496512,0.00112165,0.010809489
1214,0.99948594,0.988998003,0.979604677,0.030384939,0.021100276,0.999987287,0.010192314,0.979309458,0.010518911,0.021092306,0.979604677
1215,0.999485839,0.010392591,0.989092139,0.010602049,0.020185966,0.988984685,0.000204312,0.979401374,0.010603966,0.020280101,0.989092139
1216,0.999485738,0.010397736,0.999085387,0.020702346,0.021317402,0.999877715,0.999998386,0.001009757,0.989284747,1.09E-05,0.999085387
1217,0.999485637,0.989084874,0.989400171,0.010594885,0.010712125,0.989902931,0.020190203,0.979817465,0.010703246,0.010618394,0.989400171
1218,0.999485435,0.010698,0.020506307,0.020796885,0.020606294,0.000406708,0.020895258,0.968599956,0.010703549,0.020896367,0.020506307
1219,0.999485335,0.010706374,0.99886937,0.010702944,0.021210555,0.010408128,0.999086597,0.968998492,0.010712932,0.999285764,0.99886937
1220,0.999485234,0.98948351,0.999086496,0.010717674,0.021000088,0.000319333,0.030370511,0.969108467,0.010800913,0.020500355,0.999086496
1221,0.999485133,0.011122364,0.99957957,0.010406312,0.020390076,0.01071152,0.999889621,0.969304406,0.989588643,0.01041842,0.99957957
1222,0.999485032,0.978685826,0.968700044,0.030571796,0.020390984,0.979389065,0.010494898,0.969524054,0.011017736,0.021314376,0.968700044
1223,0.999484931,0.000104527,0.989885173,0.011121053,0.020690542,0.988877232,0.011109046,0.96962505,0.989902931,0.020290896,0.989885173
1224,0.99948483,0.000119359,0.010909577,0.021100276,0.030580877,0.988880562,0.020998877,0.020500657,0.000303492,0.989192025,0.010909577
1225,0.999484729,0.978786318,0.969624243,0.030596011,0.020691248,0.000208449,0.989797395,0.020683883,0.000430923,0.020794665,0.969624243
1226,0.999484628,0.000220859,0.979304212,0.030375253,0.021215196,0.999083873,0.021197136,0.999368094,0.97910222,0.020889507,0.979304212
1227,0.999484527,0.978896192,0.979614565,0.020185562,0.021093718,0.968803664,0.000716859,0.99938676,0.000520517,0.020407834,0.979614565
1228,0.999484426,0.000306418,0.999972657,0.021087664,0.011006839,0.97879338,0.010295328,0.999669266,0.000612836,0.011124685,0.999972657
1229,0.999484326,0.000406002,0.989692867,0.010502768,0.020609826,0.989183449,0.021203996,0.988877232,0.97930744,0.020201604,0.989692867
1230,0.999484225,0.979104541,0.999367792,0.001114184,0.030480789,0.01030239,0.000216622,0.010294218,0.000710301,0.00011391,0.999367792
1231,0.999484124,0.000527782,0.979495004,0.021117731,0.010498228,0.988778153,0.9891893,0.988986804,0.000824817,0.02119875,0.979495004
1232,0.999484023,0.000608195,0.999486545,0.021313468,0.030286162,0.000308234,0.989595806,0.010395617,0.000926014,0.020498337,0.999486545
1233,0.999483922,0.00082855,0.010203312,0.020396534,0.989679953,0.999277693,0.999572911,0.98909234,0.001032358,0.020987072,0.010203312
1234,0.999483821,0.000920263,0.020399863,0.030376464,0.020709106,0.998979649,0.000423356,0.010495403,0.979710819,0.02079295,0.020399863
1235,0.99948372,0.97960165,0.989277684,0.010502163,0.020299977,0.999873478,0.030293023,0.010497521,0.001113074,0.020485523,0.989277684
1236,0.999483619,0.97970083,0.999998587,0.021213884,0.020396836,0.010617889,0.000213797,0.010515683,0.030293528,0.011216398,0.999998587
1237,0.999483518,0.001114991,0.989598833,0.021201878,0.010909375,0.010316112,0.010601241,0.989298772,0.030475139,0.020999785,0.989598833
1238,0.999483417,0.001115193,0.001113276,0.030285355,0.030592984,2.62E-06,0.001125787,0.98958834,0.969721304,0.999872771,0.001113276
1239,0.999483317,0.968895175,0.989595201,0.030573007,0.011111266,0.999688234,0.989596311,0.989594798,0.020204833,0.020598929,0.989595201
1240,0.999483216,0.969303699,0.000719583,0.00082855,0.020801022,1.94E-05,0.020701539,0.989679953,0.020288879,8.27E-06,0.000719583
1241,0.999483115,0.998862409,0.000516583,0.030280109,0.020395928,0.989275969,0.001015508,0.989781554,0.020394213,0.030381105,0.000516583
1242,0.999483014,0.020292511,0.989075592,0.010718381,0.02121681,0.999287076,0.020900101,0.989796991,0.030269414,0.030480083,0.989075592
1243,0.999482913,0.998981162,0.999385852,0.000508511,0.000611525,0.010803233,0.000105234,0.989798,0.020600543,0.021090994,0.999385852
1244,0.999482812,0.999083268,0.999270327,0.01030683,0.010900395,0.000113002,0.000610112,0.989884164,0.999264576,0.010705769,0.999270327
1245,0.999482711,0.999084277,0.989076197,0.011217206,0.010614156,0.000424465,0.01090998,8.17E-06,0.020683479,0.010596399,0.989076197
1246,0.99948261,0.02048411,0.999887906,0.000523645,0.020394213,0.999973162,0.000418109,1.83E-05,0.0207084,0.020408641,0.999887906
1247,0.999482509,0.020497529,0.010402075,0.020889002,0.030478468,0.969712526,0.989699325,0.978783089,0.999486444,0.011121759,0.010402075
1248,0.999482409,0.020591059,0.979590552,0.000707375,0.020593582,0.979309559,0.021111778,0.000203707,0.020994034,0.989489867,0.979590552
1249,0.999482308,0.020593178,0.000313582,0.01120863,0.011212464,0.979700023,0.030576236,0.000208449,0.021005334,0.030475845,0.000313582
1250,0.999482106,0.020701741,0.000124706,0.011025001,0.020898184,0.0004171,0.011019855,0.000209155,0.99968884,0.030271634,0.000124706
1251,0.999482005,0.999572911,0.001115092,0.021289656,0.020808589,0.979300479,0.021001702,0.0002255,0.021210252,0.020496521,0.001115092
1252,0.999481904,0.99988619,0.010606387,0.010896965,0.021103404,0.999170239,1.78E-05,0.000316104,0.999889823,0.010099491,0.010606387
1253,0.999481803,0.999983857,0.010205531,0.010620714,0.000626558,0.999770968,0.010598719,0.000319232,0.021289051,0.010521333,0.010205531
1254,0.999481702,0.999985673,0.999369003,0.010306628,0.010720096,0.989491784,0.020605386,0.000406102,0.030475744,0.010097473,0.999369003
1255,0.999481601,0.988773008,0.998973595,0.02080647,0.021217214,0.999066217,0.000828146,0.000509116,0.988978733,0.010622228,0.998973595
1256,0.9994815,0.989091331,0.010513564,0.020788208,0.010909778,0.989701242,0.989692867,0.979205738,0.988986804,0.010417613,0.010513564
1257,0.9994814,0.989094964,0.9990643,0.000616267,0.010307536,0.968911722,0.021091095,0.000725133,0.988987208,0.02101048,0.9990643
1258,0.999481299,0.010515683,0.020188993,0.001127905,0.030491686,0.97979779,0.989679953,0.000831678,0.01070032,0.000212384,0.020188993
1259,0.999481198,0.010519012,0.99896744,0.021103404,0.020906659,0.989287572,0.989400776,0.979708801,0.010808581,0.021322447,0.99896744
1260,0.999481097,0.011116714,0.00072715,0.02088537,0.021110971,0.989482199,0.020805663,0.001126291,0.010899084,0.011108643,0.00072715
1261,0.999480996,0.000313279,0.010105443,0.011002097,0.020496722,0.969415491,0.030285658,0.979803037,0.010918455,0.020998877,0.010105443
1262,0.999480895,0.000315297,0.989085379,0.021303378,0.020501464,0.010090713,0.021106935,0.968702769,0.011000584,0.020793455,0.989085379
1263,0.999480794,0.978996381,0.979096973,0.020997263,0.030484018,0.999486142,0.01019978,0.968804773,0.011106625,0.021113695,0.979096973
1264,0.999480693,0.978998601,0.000320846,0.000827137,0.011114999,0.988880864,0.020994942,0.969001922,0.011200053,0.010710914,0.000320846
1265,0.999480592,0.000418714,0.01059771,0.001125686,0.020407834,0.988987107,0.02109846,0.969206638,0.011202979,0.011218921,0.01059771
1266,0.999480492,0.000509116,0.999389282,0.030282429,0.021302773,0.979308853,0.000918447,0.969298856,0.011221241,0.000410239,0.999389282
1267,0.999480391,0.00051295,0.01049964,0.021200869,0.010807975,0.999076811,0.020404807,0.969703647,0.989885173,0.010597004,0.01049964
1268,0.99948029,0.000513556,0.98898065,0.010093639,0.020193432,0.969607393,0.020501767,0.998864729,0.989899904,0.021307414,0.98898065
1269,0.999480189,0.000526975,0.9793029,0.030580171,0.021308826,0.001021461,0.020500052,0.999071766,0.000205019,0.020906053,0.9793029
1270,0.999480088,0.979203014,0.989585919,0.011023992,0.010511344,0.989076903,0.989902729,0.020484211,0.000211375,0.000924804,0.989585919
1271,0.999479987,0.000614249,0.010297951,0.000230848,0.021297829,0.989892741,0.000321351,0.999266191,0.000222272,0.021196631,0.010297951
1272,0.999479785,0.000620101,0.010523956,0.000527782,0.020201806,0.000625852,0.98947897,0.020687212,0.000420329,0.020794262,0.010523956
1273,0.999479684,0.000707779,0.010595289,0.011209134,0.020890314,0.999585624,0.989694078,0.999985269,0.979196052,0.000726343,0.010595289
1274,0.999479583,0.000909569,0.010198368,0.000116332,0.01110612,0.979195851,0.999087405,0.988878947,0.000709494,0.021190376,0.010198368
1275,0.999479483,0.000925611,0.979812218,0.011211051,0.020799912,0.020501363,0.000928638,0.010309251,0.000711007,0.001025194,0.979812218
1276,0.999479382,0.001116,0.000222675,0.02121681,0.021306102,0.998871287,0.0304708,0.010407523,0.000714337,0.000429308,0.000222675
1277,0.999479281,0.968700347,0.999265989,0.021206014,0.030376665,0.969711517,0.989299377,0.989191016,0.000715447,0.020786997,0.999265989
1278,0.99947918,0.968701255,0.979499746,0.010818872,0.010898276,0.969602449,0.030470901,0.989285554,0.979392798,0.020486229,0.979499746
1279,0.999479079,0.968806287,0.979287867,0.010205834,0.010712932,0.010614963,5.55E-06,0.989481593,0.979611336,0.000321452,0.979287867
1280,0.999478978,0.998862005,0.999870653,0.02058894,0.011208529,0.999685107,0.998875626,0.989485427,0.979698913,0.999795688,0.999870653
1281,0.999478877,0.02038261,0.989190713,0.0009244,0.020297051,0.000406405,0.000729168,0.989490371,0.001120036,0.020698008,0.989190713
1282,0.999478776,0.020406421,0.989276373,0.020998978,0.021101891,0.989074684,0.989688428,0.989893749,0.001136482,0.010918455,0.989276373
1283,0.999478675,0.020488752,0.001032963,0.020507518,0.011219223,0.001037907,0.000111993,0.978687138,0.979806064,0.030592782,0.001032963
1284,0.999478575,0.02050439,0.010898276,0.000508814,0.02061144,0.989288884,0.000724224,0.000110278,0.979808384,0.01030007,0.010898276
1285,0.999478474,0.020507922,0.999670578,0.010311875,0.010918355,0.000113406,0.020387655,0.000204111,0.030285759,0.988976513,0.999670578
1286,0.999478373,0.999169634,0.999878522,0.01102268,0.021090994,0.979288775,0.000928739,0.000207844,0.03047756,0.011100874,0.999878522
1287,0.999478272,0.020594691,0.000419824,0.020908071,0.011201264,0.000223382,0.000315801,0.000303089,0.030491787,0.02060922,0.000419824
1288,0.999478171,0.999266191,0.979611639,0.999991626,0.011017938,0.989093854,0.020401679,0.979087388,0.969519816,0.030589352,0.979611639
1289,0.99947807,0.020691349,0.988981558,0.020293822,0.020896771,0.000811801,0.999474741,0.000527782,0.030588141,0.030391699,0.988981558
1290,0.999477969,0.020692862,0.020179307,0.030272239,0.020283834,0.020689936,0.989792754,0.979207958,0.030589957,0.010713639,0.020179307
1291,0.999477868,0.020697604,0.999074894,0.000617377,0.02050096,0.999584514,0.010521534,0.000617377,0.020190304,0.020194441,0.999074894
1292,0.999477767,0.020701035,0.01071384,0.010615367,0.021093819,0.000717464,0.000607388,0.000709494,0.020202311,2.17E-05,0.01071384
1293,0.999477666,0.999366177,0.010206137,0.020298565,0.01030239,0.000312976,0.01060891,0.979392495,0.020388361,0.030477056,0.010206137
1294,0.999477566,0.020807883,0.00101682,0.030376262,0.020180517,0.000528185,0.001112368,0.000908963,0.020404202,0.020600543,0.00101682
1295,0.999477465,0.999786002,0.998968954,0.010721206,0.021087664,0.989280005,0.010712226,0.979612446,0.020405211,0.021188358,0.998968954
1296,0.999477364,0.999886594,0.010699211,0.011008454,0.02049763,0.000113507,0.030370107,0.001022773,0.99907449,0.021315687,0.010699211
1297,0.999477263,0.988778153,0.000103619,0.000819873,0.010620109,0.020600039,0.001021058,0.001023075,0.030274257,0.030577245,0.000103619
1298,0.999477162,0.01029331,0.998982474,0.03028364,0.030472415,0.000111489,0.020786695,0.001031652,0.999171147,0.030370813,0.998982474
1299,0.999477061,0.010298153,0.999887098,0.020596507,0.02080647,0.969202502,0.020405311,0.979696088,0.020598122,0.989286059,0.999887098
1300,0.99947696,0.01030683,0.989881642,0.011220838,0.030578758,0.989886586,0.010405404,0.979802028,0.020606294,0.020806066,0.989881642
1301,0.999476859,0.010504584,0.020194844,0.021210555,0.020391792,0.999875294,0.011200154,0.968707107,0.999280518,0.030574823,0.020194844
1302,0.999476758,0.010525268,0.989590762,0.010600737,0.01120197,0.999998184,0.98989718,0.968809818,0.020893845,0.010911998,0.989590762
1303,0.999476658,0.010618192,0.979711222,0.000509217,0.010706374,0.999264374,0.001026708,0.96900162,0.020991713,0.020395928,0.979711222
1304,0.999476557,0.98929746,0.988981154,0.030591471,0.020283733,0.000221565,0.989384129,0.969205226,0.021001904,0.020897578,0.988981154
1305,0.999476456,0.010805857,0.999675017,0.030276779,0.020199586,0.98958834,0.99897531,0.969207445,0.999672495,0.021117428,0.999675017
1306,0.999476355,0.989480887,0.001112065,0.999971144,0.021298434,0.989889815,0.989495214,0.969406814,0.999682483,0.010809489,0.001112065
1307,0.999476254,0.020499144,0.999082864,0.020893038,0.020485321,0.969510736,0.989185265,0.969519413,0.999689445,0.010514169,0.999082864
1308,0.999476153,0.98978902,0.010201798,0.010198368,0.021104413,0.999570692,0.98948916,0.969602449,0.999792459,0.011122364,0.010201798
1309,0.999476052,0.000112498,0.010093336,0.020297051,0.021000996,0.010514573,0.989691859,0.020180416,0.999793468,0.010610423,0.010093336
1310,0.999475951,0.978798122,0.010308041,0.03058683,0.020611339,0.999165699,0.010614257,0.020488752,0.021209747,0.01121428,0.010308041
1311,0.99947585,0.000311967,0.989798505,0.020284338,0.020397643,0.000614249,0.999869745,0.020502171,0.999885787,0.03048997,0.989798505
1312,0.999475749,0.979001829,0.989703663,0.000919759,0.021301158,0.000115626,0.030487448,0.020591059,0.99988609,0.030480587,0.989703663
1313,0.999475649,0.000524957,0.999071261,0.010914722,0.01071273,0.999775206,0.020988989,0.020594691,0.021309734,0.020986366,0.999071261
1314,0.999475548,0.979288775,0.988975605,0.030478771,0.010905844,0.000518399,0.989685805,0.99947918,0.021310441,0.020793555,0.988975605
1315,0.999475447,0.000930454,0.99967643,0.020498034,0.020900605,0.98939664,0.020507115,0.020986265,0.021318008,0.0201898,0.99967643
1316,0.999475346,0.979596202,0.988784711,0.020498942,0.01071152,0.020401982,0.0104162,0.020994639,0.999991222,0.010513866,0.988784711
1317,0.999475245,0.00101117,0.999791046,0.030282127,0.030580473,0.979591964,0.98939896,0.999689344,0.999991525,0.001115596,0.999791046
1318,0.999475144,0.001025598,0.989884467,0.030292317,0.020707694,0.97900415,0.021301461,0.999771675,0.030578354,0.00021874,0.989884467
1319,0.999475043,0.979796176,0.020611944,0.011200558,0.021118337,0.969311065,0.000510428,0.999869745,0.010194534,0.010403386,0.020611944
1320,0.999474942,0.969420334,0.989485326,0.020590252,0.000416293,0.978998601,0.989290296,0.999890327,0.010297648,0.020507821,0.989485326
1321,0.999474841,0.969510938,0.020182939,0.000725133,0.021214994,0.999385852,0.999682685,0.988875315,0.010301886,0.010510234,0.020182939
1322,0.999474741,0.969519615,0.020794968,0.020902421,0.010700522,0.96931621,0.000116534,0.988993564,0.989182944,0.021102193,0.020794968
1323,0.99947464,0.969623436,0.988780171,0.020693669,0.011008454,0.000216319,0.021311752,0.010416099,0.010709098,0.020280403,0.988780171
1324,0.999474539,0.020193028,0.99978358,0.021196833,0.020384527,0.989379891,0.999078929,0.989085984,0.010809287,0.00010372,0.99978358
1325,0.999474438,0.020388765,0.0103937,0.0209902,0.020495713,0.999282334,0.999067226,0.989482602,0.010909678,0.011116512,0.0103937
1326,0.999474337,0.020484211,1.59E-05,0.020786291,0.021299746,0.988999012,0.020196257,0.989491481,0.989584405,0.020287668,1.59E-05
1327,0.999474236,0.020593481,0.989398254,0.010807067,0.02039159,0.979098386,0.010506905,0.010902312,0.98958834,0.021117933,0.989398254
1328,0.999474135,0.020600543,0.988888331,0.01020089,0.011012288,0.968696009,0.999175385,0.989588038,0.011020864,0.02039956,0.988888331
1329,0.999474034,0.999466568,0.010309251,0.030594397,0.010997961,0.010297951,0.999282435,0.989703663,0.011203787,0.000227417,0.010309251
1330,0.999473933,0.999484931,0.000422246,0.030585014,0.020408136,0.979003343,0.001125181,0.989795377,0.011217004,0.010493486,0.000422246
1331,0.999473832,0.999585624,0.999888309,0.020601048,0.021289757,0.999777829,0.000823606,0.989797395,5.35E-06,0.020599433,0.999888309
1332,0.999473732,0.021002206,0.989882147,0.010302794,0.03037717,0.001017526,0.020492989,0.978683102,0.000101601,0.020591765,0.989882147
1333,0.999473631,0.999688133,5.55E-06,0.011121658,0.021315183,0.978792472,0.999282939,0.978689862,0.000223684,0.020406219,5.55E-06
1334,0.99947353,0.021095332,0.998872195,0.020799912,0.010612037,0.999483821,0.999169634,0.000202395,0.00022883,0.00101904,0.998872195
1335,0.999473429,0.99977793,0.989682677,0.020594691,0.020201201,0.978802461,0.021007352,0.000313582,0.978901136,0.030572402,0.989682677
1336,0.999473227,0.01031702,0.999976794,0.020291704,0.020185562,0.989181128,0.999171652,0.000421842,0.000303896,0.011016424,0.999976794
1337,0.999473126,0.9890765,0.988999416,0.020888397,0.020583492,0.969015947,0.000226408,0.000817653,0.000321552,0.030371318,0.988999416
1338,0.999473025,0.989178807,0.999374955,0.021304387,0.02039956,0.000313582,0.000816745,0.001018838,0.000410037,0.010899487,0.999374955
1339,0.999472924,0.010899084,0.999893455,0.010494898,0.021204299,0.00011835,0.999380605,0.001024185,0.000508511,0.020201806,0.999893455
1340,0.999472824,0.011127005,0.020596608,0.020292612,0.02050661,0.998981263,0.000930353,0.979697299,0.0005185,0.011205199,0.020596608
1341,0.999472723,0.000230545,0.999284352,0.000425676,0.030275064,0.010502364,0.030494107,0.968594407,0.000523443,0.021313568,0.999284352
1342,0.999472622,0.000427593,0.97909657,0.020897881,0.011120245,0.999788221,0.998864023,0.968608936,0.979201501,0.000825422,0.97909657
1343,0.999472521,0.979090516,0.999172863,0.020805663,0.021091196,0.968807598,0.999885989,0.969018772,0.000628879,0.020699925,0.999172863
1344,0.99947242,0.979196052,0.010509023,0.030386553,0.999573416,0.979802028,0.000523544,0.969712526,0.000708485,0.010502062,0.010509023
1345,0.999472319,0.979299066,0.999279912,0.010192617,0.001037403,0.969298856,0.020296547,0.998875626,0.000720491,0.02081212,0.999279912
1346,0.999472218,0.97939986,0.979299369,0.001024286,0.000822799,0.969217838,0.030375656,0.99897309,0.000728967,0.00041145,0.979299369
1347,0.999472117,0.979400667,0.001022067,0.020708905,0.030390185,0.97969185,0.989780243,0.999272749,0.979396127,0.011116714,0.001022067
1348,0.999472016,0.979498435,0.998982171,0.999986985,0.021197136,0.999284856,0.030377977,0.020812927,0.979401374,0.010310058,0.998982171
1349,0.999471915,0.979504892,0.010406111,0.020808488,0.010501355,0.968694394,0.010522846,0.999675017,0.000909669,0.021322548,0.010406111
1350,0.999471815,0.001021663,0.01049399,0.021190678,0.021004325,0.020499144,0.999370213,0.999681777,0.000917136,0.011025707,0.01049399
1351,0.999471714,0.001033165,0.999083369,0.011215995,0.021115007,0.00040812,0.999287479,0.999976491,0.000927326,0.021202887,0.999083369
1352,0.999471613,0.00103599,0.999067528,0.030589655,0.010707484,0.999369103,0.999084781,0.010097775,0.000931866,0.010299666,0.999067528
1353,0.999471512,0.001110652,0.001010565,0.000928638,0.020991108,0.989597723,0.020499951,0.988773512,0.979600742,0.010302491,0.001010565
1354,0.999471411,0.968697522,0.000710402,0.020794968,0.021204904,0.989377571,0.020689129,0.01049964,0.001019645,0.030390589,0.000710402
1355,0.99947131,0.969105239,0.010105948,0.020395525,0.011024799,0.020289282,0.988985392,0.989182944,0.979706278,0.010808581,0.010105948
1356,0.999471209,0.969608301,0.020384628,0.010395819,0.011218215,0.999387265,0.020590252,0.989191621,0.001117816,0.02129793,0.020384628
1357,0.999471108,0.9989742,0.020507215,0.000313784,0.011015416,0.000212081,0.011225277,0.010610019,0.001133858,0.020487743,0.020507215
1358,0.999471007,0.998977126,0.989886081,0.011004519,0.021190577,0.989091937,0.011212564,0.989797092,0.02018647,0.010303702,0.989886081
1359,0.999470907,0.020601149,0.00020855,0.020590857,0.030280916,0.989381606,0.999275473,0.978792472,0.020407531,0.020402083,0.00020855
1360,0.999470806,0.020683883,0.010395617,0.020592673,0.010414989,0.97960165,0.020297455,0.000219447,0.999079131,0.021290363,0.010395617
1361,0.999470705,0.020690743,0.979704462,0.020689129,0.020698411,0.979793553,0.01049853,0.978997087,0.020500052,0.020506408,0.979704462
1362,0.999470604,0.999380303,0.999891841,0.030275165,0.021193907,0.000206835,0.021210958,0.979088296,0.999176697,0.020297656,0.999891841
1363,0.999470503,0.999584514,0.000708485,0.021011085,0.021319723,0.999074793,0.001114789,0.979089003,0.020590958,0.00052082,0.000708485
1364,0.999470402,0.999669266,0.010093033,0.000518399,0.020588335,0.020602662,0.030586426,0.979099092,0.02060468,0.020293621,0.010093033
1365,0.999470301,0.021094021,0.979811714,0.010498934,0.011006436,0.98928283,0.030375051,0.979107366,0.020608615,0.020804351,0.979811714
1366,0.9994702,0.988875214,0.000808573,0.000809279,0.02059792,0.020603066,0.011212464,0.979109384,0.999276078,0.011207015,0.000808573
1367,0.999470099,0.010294319,0.999979014,0.021309936,0.020587528,0.979096873,0.000606177,0.979206949,0.999284352,0.021322144,0.999979014
1368,0.999469998,0.988983273,0.99957836,0.000629383,0.020793757,0.001133354,0.989178807,0.979312283,0.020904944,0.021316494,0.99957836
1369,0.999469898,0.98898408,0.999488059,0.020191717,0.010608001,0.000123294,0.999880843,0.00073048,0.999680768,0.010504786,0.999488059
1370,0.999469797,0.010406111,0.999174981,0.020705575,0.020886278,0.998869169,0.989283435,0.979391587,0.021100377,0.010521635,0.999174981
1371,0.999469696,0.989085984,0.020191818,0.010522039,0.030576034,0.000204817,0.020285347,0.000927931,0.999772784,0.000719785,0.020191818
1372,0.999469595,0.010520828,0.97950691,0.000727453,0.011211959,0.979805862,0.988998306,0.979614161,0.99978136,0.010099692,0.97950691
1373,0.999469494,0.989188897,0.989076096,0.011107331,0.030376766,0.999074894,0.989884164,0.001022067,0.999789533,0.010522039,0.989076096
1374,0.999469393,0.010599425,0.978791968,0.000821084,0.020999482,0.999170643,0.989482602,0.001028019,0.021194714,0.021195319,0.978791968
1375,0.999469292,0.989283637,0.000210265,0.000314994,0.021003114,0.989283133,0.001025396,0.979701839,0.021303378,0.020886076,0.000210265
1376,0.999469191,0.010705668,0.9999775,0.02060246,0.020300179,0.988783299,0.999787313,0.97970305,0.021306808,0.01052325,0.9999775
1377,0.99946909,0.010801215,0.989389274,0.00071363,0.020192524,0.978887213,0.000817855,0.001115193,0.010089502,0.000424768,0.989389274
1378,0.99946899,0.010805756,0.010395819,0.021087362,0.02109846,0.020908475,0.020300986,0.968693991,0.010301583,0.030377876,0.010395819
1379,0.999468889,0.010812314,0.010194433,0.02128895,0.020900908,0.969101001,0.989090524,0.968899211,0.01030239,0.999287278,0.010194433
1380,0.999468687,0.98979689,0.998967037,0.01071273,0.011104102,0.000931362,0.010515884,0.968899917,0.010307233,0.010092024,0.998967037
1381,0.999468586,0.98988366,0.020486734,0.021297022,0.021203996,0.979599431,0.020784576,0.969004243,0.98898075,0.030582693,0.020486734
1382,0.999468485,0.000204111,0.9788971,0.020588335,0.010713235,0.979101514,0.020595499,0.969101607,0.030278595,0.020685396,0.9788971
1383,0.999468384,0.978889331,0.020587326,0.020897679,0.02068923,0.999986682,0.989892741,0.969213701,0.010396727,0.000808472,0.020587326
1384,0.999468283,0.978890643,0.000208146,0.02130247,0.020704364,0.010405808,0.999877816,0.969410951,0.01040722,0.000112498,0.000208146
1385,0.999468182,0.000416293,0.989287875,0.011209336,0.010714748,0.999264576,0.011009866,0.969617685,0.989092744,0.021112989,0.989287875
1386,0.999468081,0.000507704,0.98978216,0.011025404,0.020997868,0.97940097,0.989390586,0.020204429,0.010515884,0.020613861,0.98978216
1387,0.999467981,0.000529699,0.979700023,0.02129793,0.02089445,0.999669064,0.989804558,0.999070959,0.010521534,0.001013289,0.979700023
1388,0.99946788,0.000619395,0.000725334,0.02058662,0.03026901,0.989385239,0.010605378,0.020497529,0.01059428,0.011102791,0.000725334
1389,0.999467779,0.000626962,0.969515074,0.010205128,0.02038594,0.010302794,0.000317315,0.020592371,0.010712529,0.010603764,0.969515074
1390,0.999467678,0.000716456,0.00012289,0.010403487,0.021097754,0.988787335,0.030276477,0.020706382,0.010817359,0.998963304,0.00012289
1391,0.999467577,0.000719281,0.989683484,0.010909778,0.030376564,0.000726848,0.000205826,0.999676732,0.989491784,0.999789533,0.989683484
1392,0.999467476,0.97939643,0.998875525,0.021315485,0.010315305,0.010107159,0.010807168,0.999779645,0.011016525,0.020995547,0.998875525
1393,0.999467375,0.979506103,0.989073877,0.001134867,0.030491383,0.999379395,0.988978934,0.999876404,0.98968641,0.030377775,0.989073877
1394,0.999467274,0.000908963,0.010313892,0.001114688,0.021191687,0.999273657,0.021109155,0.999971144,0.011117219,0.999278702,0.010313892
1395,0.999467173,0.001124677,0.989578654,0.999977803,0.030479376,0.99907106,0.998963707,0.010111497,0.01121095,0.020408136,0.989578654
1396,0.999467073,0.001128208,0.979606695,0.011013801,0.030597928,0.02048179,0.989794771,0.988783904,0.011212968,0.011111165,0.979606695
1397,0.999466871,0.968592793,0.999574425,0.020507215,0.020484817,0.99937324,0.000226812,0.01020422,0.011219223,0.030380701,0.999574425
1398,0.99946677,0.968601873,0.988892467,0.021002105,0.030593388,0.000921878,0.011218517,0.010299061,0.000114919,0.010901101,0.988892467
1399,0.999466669,0.968802554,0.999175587,0.001128208,0.010820385,0.999063089,0.010518608,0.010513463,0.979097276,0.020692761,0.999175587
1400,0.999466568,0.969101506,0.99897309,0.020709106,0.011214381,0.000220557,0.020789621,0.010605176,0.000611121,0.020500254,0.99897309
1401,0.999466366,0.9693038,0.999375359,0.021297829,0.011224268,0.000626356,0.00061324,0.010609717,0.000613644,0.000818763,0.999375359
1402,0.999466265,0.969315807,0.000316407,0.011207217,0.030593993,0.998966028,0.021311651,0.989388064,0.000629484,0.010300776,0.000316407
1403,0.999466164,0.969712526,0.010392591,0.000123596,0.020501565,0.988978329,0.020201705,0.989390384,0.001018031,0.978802057,0.010392591
1404,0.999466064,0.020182636,0.020285852,0.020289282,0.021291977,0.979299369,0.989479374,0.989803247,0.979693263,0.989783269,0.020285852
1405,0.99939009,0.998863821,0.020812927,0.010917648,0.020497933,0.978800645,0.010196753,0.989890016,0.030497336,0.01029331,0.020812927
1406,0.999389989,0.999071766,0.999086597,0.020795876,0.011116411,0.000912797,0.021306102,0.978687743,0.020185159,0.011014911,0.999086597
1407,0.999389888,0.99928647,0.010104636,0.001021663,0.01101481,0.000303997,0.989689437,0.978689458,0.020185966,0.010903624,0.010104636
1408,0.999389787,0.999386962,0.000917035,0.999584514,0.030284245,0.999891538,0.999179824,0.000121982,0.020196358,0.010911796,0.000917035
1409,0.999389686,0.020812826,0.000431326,0.020892937,0.02048411,0.000425979,0.999076811,0.978889432,0.998872801,0.021004123,0.000431326
1410,0.999389585,0.020992924,0.989074785,0.011105313,0.0206069,0.969106853,0.999085588,0.000309344,0.998967339,0.010111497,0.989074785
1411,0.999389484,0.021206115,0.999366379,0.010901505,0.020900403,0.01009374,0.0110137,0.000315095,0.020395928,0.030369603,0.999366379
1412,0.999389383,0.999884374,0.999575434,0.021217214,0.021111274,0.999085588,0.989903133,0.979096873,0.030275569,0.011113082,0.999575434
1413,0.999389282,0.999893556,0.989902023,0.021205611,0.021291876,0.989287875,0.98948119,0.97909768,0.020500254,0.000119359,0.989902023
1414,0.999389182,0.999986682,0.988882983,0.020688625,0.021301057,0.989282225,0.999172459,0.979104541,0.999281627,0.01060336,0.988882983
1415,0.999389081,0.010091419,0.989689639,0.020608211,0.02040743,0.968806287,0.030280815,0.000516381,0.020695284,0.020292511,0.989689639
1416,0.99938898,0.010105746,0.999582698,0.020401276,0.021095635,0.979095662,0.010704457,0.000524856,0.020786997,0.010301785,0.999582698
1417,0.999388879,0.010299767,0.999078828,0.01029331,0.011026817,0.989795074,0.999376368,0.979193934,0.020808892,0.02079406,0.999078828
1418,0.999388778,0.989091937,0.010410247,0.010493587,0.011218921,0.988995784,0.999066519,0.979291095,0.999479483,0.010291595,0.010410247
1419,0.999388677,0.989188796,0.999684501,0.020394213,0.010497925,0.000216924,0.999688234,0.979299066,0.020908576,0.021103707,0.999684501
1420,0.999388576,0.989277987,0.000216622,0.010594683,0.021087967,0.978988713,0.000212081,0.979300378,0.020996758,0.020892533,0.000216622
1421,0.999388475,0.989280005,0.020297253,0.021207629,0.020905751,0.969417004,0.989397447,0.979305927,0.021190174,0.030291611,0.020297253
1422,0.999388374,0.989284747,0.010609111,0.021098763,0.02038261,0.999889217,0.030287575,0.979394109,0.021195521,0.030284044,0.010609111
1423,0.999388273,0.010706778,0.000515977,0.000305611,0.01090201,0.020589243,0.020708299,0.000810893,0.021198245,4.14E-06,0.000515977
1424,0.999388173,0.010716161,0.000513556,0.001028322,0.010916236,0.000819772,0.999374754,0.000936104,0.0212044,0.010597912,0.000513556
1425,0.999388072,0.010807774,0.000318526,0.01121317,0.011016828,0.969198567,0.01089757,0.97959035,0.999886897,0.020902421,0.000318526
1426,0.999387971,0.989485326,0.989495012,0.000216521,0.03058804,0.020601149,0.999794073,0.979592973,0.010306527,0.989583497,0.989495012
1427,0.99938787,0.011121355,0.989387458,0.020889103,0.020203824,0.998872902,0.999182145,0.979704967,0.988989226,0.010503676,0.989387458
1428,0.999387769,0.989785792,0.989901619,0.000323369,0.011113385,0.999069143,0.989397951,0.001117917,0.988996591,0.010511344,0.989901619
1429,0.999387668,0.989795377,0.010594381,0.030479881,0.021213077,0.989786094,0.999574627,0.979796075,0.010398947,0.020994236,0.010594381
1430,0.999387567,0,0.000515271,0.000521022,0.01049621,0.969303699,0.999088514,0.979799909,0.010406111,0.021297627,0.000515271
1431,0.999387466,0.000108159,0.998969559,0.020484817,1.22E-05,0.968808708,0.989186173,0.968703273,0.989086186,0.010595188,0.998969559
1432,0.999387365,0.97879338,0.000505787,0.030388571,0.020504491,0.999370516,0.010807269,0.969114319,0.989090322,0.030382921,0.000505787
1433,0.999387265,0.00020744,0.001021663,0.000315095,0.030487145,0.989686713,0.989885375,0.969304506,0.010502062,0.000723014,0.001021663
1434,0.999387164,0.978888625,0.999585927,0.000206734,0.011112073,0.988787738,0.989897281,0.969512754,0.010510739,0.010294319,0.999585927
1435,0.999387063,0.979303102,0.979104541,0.020192625,0.030481596,0.010518205,0.000408827,0.969613649,0.010517398,0.011101075,0.979104541
1436,0.999386962,0.000725133,0.988976715,0.011111165,0.021207326,0.989396438,0.021106734,0.998860895,0.010518709,0.000108967,0.988976715
1437,0.999386861,0.000817653,0.010600838,0.020593582,0.010719995,3.43E-06,0.021109559,0.998872902,0.010595995,0.000230848,0.010600838
1438,0.99938676,0.979501058,0.999581588,0.030375656,0.020487743,0.979398246,0.999173468,0.998875323,0.01059771,0.020598626,0.999581588
1439,0.999386659,0.979696088,0.988771898,0.000213696,0.020505702,0.00042608,0.010909577,0.998967339,0.010611735,0.010104233,0.988771898
1440,0.999386558,0.979710415,0.98878572,0.000811902,0.02069932,0.000406002,0.021206418,0.999283847,0.010717573,0.989787103,0.98878572
1441,0.999386457,0.001120237,0.989495214,0.011101075,0.030582996,0.00031005,0.000908156,0.999369003,0.01090211,0.010697697,0.989495214
1442,0.999386356,0.001129318,0.969519413,0.00040358,0.020503987,0.969421141,0.998869471,0.99957392,0.01120873,0.011113687,0.969519413
1443,0.999386256,0.979798799,0.000626356,0.030389277,0.020684286,0.978894477,0.999280417,0.999770262,0.011222049,0.010617889,0.000626356
1444,0.999386155,0.979799203,2.32E-06,0.020483909,0.010615367,0.000205523,0.010597508,0.999782571,6.56E-06,0.021216608,2.32E-06
1445,0.999385953,0.969613649,0.999370718,0.02090565,0.011213271,0.999780049,0.998965725,0.999891941,1.38E-05,0.010192718,0.999370718
1446,0.999385852,0.02029473,0.998978942,0.010818771,0.021197741,0.999473933,0.999575837,0.010208558,2.01E-05,0.010815139,0.998978942
1447,0.999385751,0.998966028,0.000629787,0.010310159,0.020280908,0.999089523,0.999683089,0.988981558,0.000109269,0.02038372,0.000629787
1448,0.99938565,0.999065309,0.99978136,0.020197367,0.011016525,0.988995078,0.999167313,0.988999012,0.000109471,0.021316898,0.99978136
1449,0.999385549,0.999089422,1.11E-05,0.020683983,0.010299061,0.989299377,0.001030945,0.989189906,0.000211779,0.020204934,1.11E-05
1450,0.999385348,0.020502171,0.9989742,0.01071384,0.030278999,0.000620101,0.011219829,0.989282527,0.000212788,0.020991713,0.9989742
1451,0.999385247,0.020592371,2.14E-05,0.010817762,0.020507417,0.020610734,0.989692161,0.010820385,0.000222978,0.020997565,2.14E-05
1452,0.999385045,0.020597315,0.000312976,0.030476753,0.010800711,0.989277785,0.030491484,0.98958037,0.978904466,0.021307616,0.000312976
1453,0.999384944,0.999369507,0.989393714,0.020292309,0.020507518,0.998973898,0.999577452,0.989688428,0.000406102,0.000724931,0.989393714
1454,0.999384843,0.999387265,1.43E-05,0.021205106,0.000815837,0.978998702,0.989077307,0.98970447,0.000513253,0.02060811,1.43E-05
1455,0.999384742,0.999478373,0.010103022,0.010596499,0.030474836,0.000810994,0.020895359,1.11E-06,0.000526067,0.020886782,0.010103022
1456,0.999384641,0.999487252,0.020288576,0.011111367,0.030584812,0.998974402,0.989177496,1.67E-05,0.979190806,0.011116411,0.020288576
1457,0.99938454,0.020894652,0.010091419,0.010712932,0.021211664,0.988993665,0.999971144,0.978683506,0.000630493,0.021209848,0.010091419
1458,0.999384439,0.020995043,0.000726444,0.001012885,0.021111072,0.999480592,0.011214582,0.978786217,0.000722711,0.030386856,0.000726444
1459,0.999384339,0.999777829,0.000220153,0.021311651,0.010899084,0.988776034,0.001122659,0.000221565,0.000724931,0.020785181,0.000220153
1460,0.999384238,0.021320328,0.020289181,0.010095858,0.020383922,0.969624545,0.989196565,0.000229738,0.979503479,0.999979317,0.020289181
1461,0.999384137,0.999989406,0.999380303,0.001025699,0.010798189,0.000107554,0.02028,0.978906383,0.000930454,0.969620207,0.999380303
1462,0.999384036,0.999996368,0.00022994,0.011015416,0.020496521,0.000607691,0.999165901,0.978989722,0.001010766,0.999999798,0.00022994
1463,0.999383935,0.988984887,0.010914016,0.000925006,0.020403596,0.989196666,0.9898882,0.97900415,0.001122962,0.001121953,0.010914016
1464,0.999383834,0.988999012,0.978786822,0.030592984,0.020285448,0.000103619,0.999974675,0.979004251,0.001125484,0.011007142,0.978786822
1465,0.999383733,0.010500044,0.001022773,0.020382005,0.020697907,0.979391486,0.989897987,0.00050508,0.030280411,0.001018233,0.001022773
1466,0.999383632,0.010610019,0.00062,0.99977228,0.020889103,0.999067326,0.000710906,0.979306331,0.030382618,0.010708291,0.00062
1467,0.999383531,0.98929524,0.01080848,0.011222957,0.020683479,0.988990436,0.021094828,0.979603971,0.030596314,0.02039159,0.01080848
1468,0.999383431,0.989481089,0.989800018,0.000410138,0.010807572,0.999267906,0.000211779,0.979604879,0.969622628,0.02128895,0.989800018
1469,0.99938333,0.989482199,0.999983857,0.020382812,0.010705668,0.000821386,0.020489761,0.00101682,0.020182434,0.010408431,0.999983857
1470,0.999383229,0.989493701,0.010413476,0.000204918,0.020800719,0.01060891,0.989682274,0.001017728,0.020204934,0.010605378,0.010413476
1471,0.999383128,0.010914319,0.020403798,0.011018543,0.020497429,0.968908796,0.999387567,0.97971092,0.02028222,0.011204089,0.020403798
1472,0.999383027,0.989889815,0.989801632,0.010909274,0.021312761,0.999779746,0.020785181,0.979796479,0.020404605,0.020296648,0.989801632
1473,0.999382926,2.01E-05,0.999772684,0.020896771,0.020499043,0.000711613,0.020599736,0.979799203,0.999073784,0.02069266,0.999772684
1474,0.999382825,0.978683506,0.000322259,0.021111072,0.020488247,0.978685826,0.999793367,0.968704585,0.020481689,0.021103404,0.000322259
1475,0.999382724,0.000117341,0.998971577,0.020608615,0.030281219,0.969504279,0.000218135,0.969013122,0.020496521,0.00061435,0.998971577
1476,0.999382623,0.000718171,0.999991424,0.011201264,0.030375253,0.999978005,0.00073048,0.969110284,0.020507215,0.020889103,0.999991424
1477,0.999382422,0.000718776,0.98939664,0.020611743,0.010619403,0.989691556,0.998872296,0.969300067,0.030280311,0.020898486,0.98939664
1478,0.999382321,0.97969407,0.989799514,0.010317121,0.02129571,0.000626962,0.999770968,0.969306928,0.999175082,0.021097552,0.989799514
1479,0.99938222,0.001113276,0.020501363,0.021087463,0.020396534,0.020583997,0.011205603,0.969611429,0.020605386,0.021290766,0.020501363
1480,0.999382119,0.00112276,0.999283847,0.001131033,0.010714849,0.979806064,1.91E-05,0.969712829,0.999267603,0.020812524,0.999283847
1481,0.999382018,0.979805862,0.989074381,0.021000289,0.999377881,0.978791968,0.98979235,0.99886483,0.999282636,0.010610827,0.989074381
1482,0.999381917,0.968600663,0.988776943,0.030374547,0.030384939,0.999678145,0.989180523,0.020296244,0.020699017,0.999369204,0.988776943
1483,0.999381816,0.96860369,0.010504584,0.020610734,0.010518104,0.989179413,0.000412963,0.020400973,0.999385953,0.010113212,0.010504584
1484,0.999381715,0.968905164,0.010515683,0.021000088,0.030383728,0.999388677,0.000102408,0.999082864,0.020796683,0.010906853,0.010515683
1485,0.999381614,0.969008884,0.010612037,0.011017938,0.030473222,0.001027212,0.999467981,0.020496117,0.020991512,0.989792047,0.010612037
1486,0.999381514,0.969106853,0.998862207,0.021093718,0.021208234,0.999887704,0.989784581,0.020507922,0.021110164,0.030276073,0.998862207
1487,0.999381413,0.96911664,0.000826936,0.030487044,0.021211463,0.000815434,0.000220153,0.999386659,0.021323355,0.030594901,0.000826936
1488,0.999381312,0.969198567,0.999079938,0.010602553,0.020590353,0.020383821,0.000206431,0.999474841,0.999971144,0.0202913,0.999079938
1489,0.999381211,0.03028253,0.001112267,0.02029473,0.020802232,0.999895069,0.020690239,0.999795587,0.999979317,0.000713025,0.001112267
1490,0.99938111,0.030388571,0.999998184,0.010622329,0.020198678,0.979601348,0.020996354,0.999883264,0.030471305,0.988891862,0.999998184
1491,0.999380807,0.030472616,0.97909546,0.010617486,0.020592976,8.37E-06,0.988992656,0.999884374,0.03057442,0.020496117,0.97909546
1492,0.999380706,0.969604972,0.969510837,0.021090994,0.020406018,0.999484931,0.999889217,0.999887805,0.01009374,0.02049642,0.969510837
1493,0.999380605,0.020200091,0.969621519,0.001118018,0.030376363,0.000932068,0.000932068,0.999983756,0.030269313,0.000420127,0.969621519
1494,0.999380505,0.020298665,0.989488555,0.010407826,0.020802434,0.99957836,0.999582295,0.999984563,0.030271936,0.020196358,0.989488555
1495,0.999380404,0.998966734,0.98958834,0.02049642,0.001037302,0.989696197,0.010516086,0.999985875,0.010295933,0.030572503,0.98958834
1496,0.999380303,0.999083873,0.000522636,0.020703759,0.999573517,0.000630493,0.020582584,0.010099692,0.010310058,0.020799508,0.000522636
1497,0.999380202,0.030273349,0.999178715,0.010714647,0.020501263,0.010394709,0.99907116,0.01031702,0.989094964,0.010594381,0.999178715
1498,0.999380101,0.020582786,0.9898882,0.001130125,0.011011783,0.999986076,0.998874617,0.989090322,0.010501759,0.020998978,0.9898882
1499,0.99938,0.999273657,0.999684199,0.011210547,0.021189871,0.001016215,0.999380101,0.010596499,0.010510234,0.021309633,0.999684199
1500,0.999379899,0.999286773,0.010405808,1.22E-05,0.010808076,0.989689134,0.020497731,0.010609111,0.010518003,0.021191687,0.010405808
1501,0.999379798,0.020698916,0.000120166,0.010105948,0.020507014,0.97970305,0.021319319,0.989286261,0.01070587,0.979498838,0.000120166
1502,0.999379697,0.99937324,0.989399667,0.020786695,0.030388066,0.020179307,0.011107634,0.989397245,0.989399667,0.021188156,0.989399667
1503,0.999379597,0.020895964,0.988982365,0.021102597,0.020700026,0.969015846,0.020891222,0.989397951,0.989681265,0.010609616,0.988982365
1504,0.999379496,0.020904036,0.020701943,0.021092306,0.010811002,0.998969458,0.989892438,0.010807774,0.989681567,0.020396836,0.020701943
1505,0.999379395,0.999571297,0.99968551,0.020795472,0.010611835,0.98938201,0.02018082,0.98948916,0.011112073,0.989285554,0.99968551
1506,0.999379294,0.021006343,0.000823001,0.999991525,0.020491879,0.989477759,0.989702049,0.989686208,0.011207822,0.020789116,0.000823001
1507,0.999379193,0.999675925,0.010294117,0.010706778,0.011201163,0.999467173,0.989395328,0.989805971,0.989881743,0.01041287,0.010294117
1508,0.999379092,0.999770262,0.01060215,0.020193432,0.02058894,0.999474741,0.999373644,0.989890319,0.000103619,2.06E-05,0.01060215
1509,0.999378991,0.010097069,0.999481601,0.03027799,0.011008958,0.999380706,0.00020522,3.13E-06,0.978790454,0.030292115,0.999481601
1510,0.99937889,0.969216122,0.989689134,0.000921373,0.020206145,0.020705676,0.030490576,0.978694402,0.000217832,0.000915925,0.989689134
1511,0.999378789,0.988985694,0.0011273,0.020299977,0.000423356,0.97949006,0.998876837,0.978791463,0.000230343,0.020706483,0.0011273
1512,0.999378688,0.010409137,0.00112165,0.030371015,0.020803847,0.979815245,0.999079737,0.000222675,0.9788971,0.010192516,0.00112165
1513,0.999378588,0.989074684,0.999778334,0.001033569,0.020292309,0.01081635,0.010710914,0.978893468,0.000410744,0.010314901,0.999778334
1514,0.999378487,0.989086186,0.010506804,0.030588545,0.021314275,0.998962194,0.000122587,0.000412257,0.000414981,0.0303918,0.010506804
1515,0.999378386,0.989086488,0.969712223,0.02070497,0.020500455,0.020584501,0.030292115,0.000424869,0.979206646,0.030483614,0.969712223
1516,0.999378285,0.989092139,0.000205019,0.030576034,0.021314073,0.989489362,0.010415494,0.000519004,0.000609709,0.030473525,0.000205019
1517,0.999378184,0.01049621,0.010093639,0.02130923,0.021111476,0.979198877,0.010613248,0.979195851,0.000625953,0.989496425,0.010093639
1518,0.999378083,0.010514573,0.979703655,0.000825624,0.020699925,0.999369911,0.989391494,0.979303405,0.000723619,0.021111274,0.979703655
1519,0.999377982,0.010516086,0.000428804,0.020501464,0.020181425,0.000609608,0.021199557,0.979304111,0.000816745,0.989785792,0.000428804
1520,0.999377881,0.01052446,0.969300067,0.010617788,0.021103303,0.988989629,0.010817056,0.000717464,0.000824312,0.011026312,0.969300067
1521,0.99937778,0.010615367,0.999265787,0.001029735,0.020691147,0.99917821,0.998974503,0.979405006,0.979490262,0.999978812,0.999265787
1522,0.99937768,0.989391595,0.000524856,0.030280916,0.020393305,0.99967078,0.030573108,0.979599431,0.979498737,0.010601746,0.000524856
1523,0.999377579,0.01081635,0.000101904,0.030385342,0.020295033,0.989186879,0.999382018,0.001031551,0.979511147,0.020297253,0.000101904
1524,0.999377478,0.010902312,0.010102719,0.030379188,0.010711822,1.31E-05,0.98969206,0.001129419,0.000910275,0.999793266,0.010102719
1525,0.999377377,0.989597723,0.010702237,0.02110744,0.021306405,0.978891652,0.021004628,0.9797989,0.000930353,0.011125189,0.010702237
1526,0.999377276,0.989697912,0.979809494,0.010807572,0.020382812,0.001129722,0.99887381,0.96900394,0.001030744,0.010198872,0.979809494
1527,0.999377175,0.989903738,0.000118047,0.011224874,0.020391691,0.999280215,0.000921777,0.969004848,0.001115193,0.010604571,0.000118047
1528,0.999377074,8.27E-06,0.01050418,0.021322548,0.01071384,0.979800111,0.998981162,0.969013424,0.001136582,0.010201294,0.01050418
1529,0.999376973,0.000118148,0.020592673,0.021194714,0.999973666,0.000721399,0.989391696,0.969208353,0.979798698,0.020591261,0.020592673
1530,0.999376872,0.978793279,0.998869068,0.030493401,0.010600031,0.021007756,0.000417201,0.969299563,0.030282429,0.021302369,0.998869068
1531,0.999376771,0.978793582,1.51E-05,0.001019141,0.01081746,0.02089667,0.000608094,0.96930834,0.030293629,0.020294428,1.51E-05
1532,0.999376671,0.978901136,0.001030744,0.000205927,0.021112081,0.999687831,0.020609321,0.969309349,0.030594397,0.030478468,0.001030744
1533,0.99937657,0.000314086,0.010598316,0.010815139,0.011018543,0.978989722,0.010314901,0.969315201,0.020192524,0.000607691,0.010598316
1534,0.999376469,0.978984879,0.989785994,0.010706374,0.030583904,0.020701741,0.000417907,0.969725239,0.02019999,0.02069821,0.989785994
1535,0.999376368,0.979104137,0.979508121,0.999983756,0.030376262,0.020906255,0.000722509,0.020292309,0.99896744,0.020889406,0.979508121
1536,0.999376267,0.979202005,0.97971092,0.030581684,0.011014507,0.010701531,0.000231453,0.999085387,0.020407733,0.021011691,0.97971092
1537,0.999376166,0.979300479,0.010397534,0.000417302,0.020786997,0.989495012,0.999887906,0.999170441,0.020481992,0.00022883,0.010397534
1538,0.999376065,0.000715447,0.000228225,0.011210849,0.021194815,0.979299672,0.021100478,0.99956938,0.020507821,0.010516086,0.000228225
1539,0.999375964,0.979392495,0.999084983,0.021098864,0.020193028,0.978683506,0.010903321,0.999783782,0.999269722,0.020297152,0.999084983
1540,0.999375863,0.979394109,0.989496728,0.01101481,0.011214078,0.978888524,0.011121254,0.999788423,0.999282334,0.021096745,0.989496728
1541,0.999375763,0.000824312,0.010395718,0.000828348,0.011123272,0.999971749,0.020604579,0.999891538,0.020689432,0.978985888,0.010395718
1542,0.999375662,0.000824817,0.999670275,0.030578153,0.02059449,0.998978438,0.030278797,0.988778456,0.999368094,0.021087967,0.999670275
1543,0.999375561,0.979488951,0.020293923,0.010415494,0.011104405,0.000207137,0.999063089,0.988879452,0.02078952,0.000412862,0.020293923
1544,0.99937546,0.979499746,0.020612852,0.011006839,0.021103505,0.969725239,0.030270019,0.988890651,0.999469595,0.021192797,0.020612852
1545,0.999375359,0.00101682,0.999369103,0.02039956,0.011210748,0.99947464,0.999887704,0.988978329,0.02089324,0.021202584,0.999369103
1546,0.999375258,0.001020049,0.000204111,0.02079628,0.021202786,0.001130932,0.989187283,0.988978934,0.020893341,0.001036293,0.000204111
1547,0.999375157,0.001028019,0.000408221,0.010309756,0.010198368,0.989090222,0.010101508,0.010402377,0.999581891,0.011213876,0.000408221
1548,0.999375056,0.979810907,0.000626962,0.02048744,0.020205943,0.989187283,0.010601948,0.010499237,0.02098909,0.010105242,0.000626962
1549,0.999374955,0.979817263,0.969300773,0.010699211,0.02119875,0.010599425,0.010816148,0.010501255,0.021188963,0.020184654,0.969300773
1550,0.999374854,0.969017359,0.000524957,0.011016021,0.020602158,0.989085984,0.989897684,0.010597912,0.021198952,0.010804848,0.000524957
1551,0.999374754,0.969201593,0.99937213,0.000931362,0.011126198,0.000622926,0.989299276,0.010599425,0.021201777,0.011114091,0.99937213
1552,0.999374653,0.03029262,0.979492179,0.020280908,0.011203282,0.020391993,0.030495318,0.010720096,0.010093336,0.000716052,0.979492179
1553,0.999374552,0.030471708,0.000404488,0.020690441,0.020285045,2.04E-05,0.01062253,0.989395328,0.988773411,0.010699917,0.000404488
1554,0.999374451,0.969617685,0.979294223,0.000824413,0.01061456,0.010614055,0.020898991,0.01081302,0.988784711,0.020798398,0.979294223
1555,0.99937435,0.969722817,0.010293512,0.010807975,0.020298565,0.989287673,0.02111642,0.989481492,0.010193525,0.030593186,0.010293512
1556,0.999374249,0.998872902,0.000527176,0.021094021,0.011017635,0.998863922,0.989490674,0.989684291,0.010310563,0.030578354,0.000527176
1557,0.999374148,0.020292309,0.999780553,0.00042497,0.02081101,0.00102691,0.011027826,0.98978216,0.988981961,0.030287777,0.999780553
1558,0.999374047,0.998974806,0.9888736,0.021289757,0.02038715,0.999375056,0.00052304,0.000123596,0.988989327,0.020612852,0.9888736
1559,0.999373946,0.99907903,0.000714539,0.021217315,0.010717674,0.989480887,0.001029735,0.000204212,0.010418722,0.010194332,0.000714539
1560,0.999373846,0.02058329,6.56E-06,0.000527176,0.010796372,0.979796378,0.988976816,0.000213595,0.010493486,0.999779141,6.56E-06
1561,0.999373745,0.999375258,0.979193328,0.000118148,0.011009765,0.989289994,0.000216016,0.978887515,0.989193942,0.021094324,0.979193328
1562,0.999373644,0.999388677,0.9890765,0.01120197,0.020400166,0.000123798,7.16E-06,0.000315196,0.010699917,0.030482302,0.9890765
1563,0.999373543,0.020805865,1.80E-05,0.021093415,0.020605689,0.969406309,0.989287976,0.979107971,0.01071273,0.020699622,1.80E-05
1564,0.999373442,0.999473429,0.020603066,0.020180114,0.011211253,0.988888331,0.0003156,0.000524755,0.989381505,1.42E-05,0.020603066
1565,0.999373341,0.020901614,0.010399451,0.020583492,0.020993025,0.010197964,0.020996556,0.979193227,0.010811406,0.000419622,0.010399451
1566,0.99937324,0.010191002,0.000229435,0.020297556,0.020385839,0.999375258,0.999681979,0.97919807,0.01089979,0.010302189,0.000229435
1567,0.999373139,0.01020422,0.989075693,0.020591564,0.021103909,0.999673706,0.020397543,0.979208362,0.011008656,3.23E-06,0.989075693
1568,0.999373038,0.988879654,0.979101211,0.020289888,0.020496621,0.020603974,0.989586928,0.979291398,0.98978902,0.02119653,0.979101211
1569,0.999372937,0.010394205,0.010294521,0.021098561,0.000124,0.020812927,0.998981061,0.00071363,0.011211253,0.011216096,0.010294521
1570,0.999372837,0.010394709,0.9991771,0.001010464,0.030273147,0.020889305,0.9990756,0.000725536,0.98990616,0.020489962,0.9991771
1571,0.999372635,0.010406312,0.01071828,0.021006242,0.03027456,0.978898109,0.998976117,0.979394715,0.030370107,0.00062565,0.01071828
1572,0.999372534,0.010497925,0.001117816,0.021102092,0.020791941,0.999267199,0.011214381,0.979492179,8.17E-06,0.988777144,0.001117816
1573,0.999372433,0.010505997,0.01091442,0.02068923,0.020199687,0.010310058,0.001119531,0.979494601,2.17E-05,0.010721609,0.01091442
1574,0.999372332,0.01050973,0.998872498,0.011222553,0.020905246,0.000213998,0.000421842,0.000920768,0.978683909,0.001009556,0.998872498
1575,0.999372231,0.989282527,0.000202194,0.020708299,0.010406312,0.969617685,0.011224874,0.979601852,0.000123596,0.999380605,0.000202194
1576,0.99937213,0.010712125,0.999778132,0.000818864,0.011105313,0.000813214,0.000522132,0.979613758,0.000321351,0.020800416,0.999778132
1577,0.999372029,0.989389274,0.000228325,0.030581886,0.010614055,0.999585927,0.020385637,0.001127805,0.978993859,0.030371923,0.000228325
1578,0.999371929,0.989590762,0.020390682,0.030478468,0.010102114,0.020390883,0.021115713,0.96870176,0.978996684,0.030476047,0.020390682
1579,0.999371828,0.989697206,0.020381399,0.010106452,0.011214784,0.999078728,0.000124504,0.969114824,0.000413064,0.030387461,0.020381399
1580,0.999371727,0.989700737,0.988787335,0.001020049,0.02018304,0.000821185,0.998978438,0.969316816,0.000422145,0.020406825,0.988787335
1581,0.999371626,0.989703663,0.999687831,0.010497421,0.011005931,0.00071363,0.999672697,0.969608503,0.979089205,0.010914218,0.999687831
1582,0.999371525,0.978786822,0.000523443,0.020192524,0.020603772,0.989091331,0.020613357,0.969621317,0.000508713,0.020890314,0.000523443
1583,0.999371424,0.978800039,0.001013793,0.030282026,0.03027688,0.000407111,0.999773894,0.020192625,0.979202005,0.999981637,0.001013793
1584,0.999371323,0.978889432,0.999770767,0.020906659,0.020999079,0.000825422,0.998864729,0.020199586,0.000617377,0.021091196,0.999770767
1585,0.999371222,0.979001123,0.000909468,0.021004628,0.020499951,0.989594596,0.000213292,0.998866243,0.979296947,0.00072715,0.000909468
1586,0.999371121,0.000408726,0.989391191,0.02050096,0.010811608,0.999167313,0.000506594,0.020288576,0.000707476,0.010599224,0.989391191
1587,0.99937102,0.00041256,0.98989829,0.020695284,0.030475643,0.010099087,0.011113385,0.998982474,0.000711915,0.010508216,0.98989829
1588,0.999370819,0.979088902,0.020613861,0.030573108,0.011016727,0.02069377,0.010706778,0.02038261,0.000719079,0.021294297,0.020613861
1589,0.999370718,0.979096873,0.998971779,0.000117946,0.02099928,0.000316104,0.000524957,0.999085185,0.979606291,0.000204212,0.998971779
1590,0.999370617,0.000612029,0.979796479,0.020591059,0.021004729,0.969610117,0.020481992,0.02049642,0.001022975,0.999991222,0.979796479
1591,0.999370516,0.000616267,0.979085471,0.011017635,0.030482202,0.998968147,0.999476859,0.999170239,0.001033569,0.021190174,0.979085471
1592,0.999370415,0.00062908,0.999772784,0.010509023,0.020498942,0.969208353,0.989479071,0.020592673,0.001117412,0.021320227,0.999772784
1593,0.999370314,0.00071363,0.97931188,0.000419824,0.010622631,0.998875323,0.999466265,0.020603974,0.97980566,0.011207822,0.97931188
1594,0.999370213,0.000716355,0.979798093,0.010910687,0.011117521,0.010903018,0.020490568,0.020686708,0.979812924,0.000719583,0.979798093
1595,0.999370112,0.979392798,0.999783277,0.030384232,0.020690037,0.000318727,0.001133354,0.020687918,0.969203208,0.020687616,0.999783277
1596,0.999370011,0.979400163,0.989391595,0.000606379,0.010602049,0.978997794,0.030486742,0.020703154,0.030386856,0.030268607,0.989391595
1597,0.999369911,0.000918145,0.00091986,0.010612037,0.010721206,0.000425373,0.020602662,0.999467274,0.030488961,0.030479376,0.00091986
1598,0.99936981,0.000933783,0.999973162,0.020797389,0.021100579,0.988783198,8.17E-06,0.999572911,0.030493603,0.000309445,0.999973162
1599,0.999369709,0.001125686,0.000424465,0.021311147,0.021098763,0.020497529,0.998864931,0.999577351,0.030495923,0.020383922,0.000424465
1600,0.999369608,0.979802532,0.010796978,0.000724931,0.020196862,0.989483006,0.998860794,0.020987476,0.03059813,0.021118034,0.010796978
1601,0.999369507,0.96891485,0.999072876,0.0004171,0.01072171,0.00052415,0.01090655,0.999667854,0.020203421,0.020805865,0.999072876
1602,0.999369406,0.030379894,0.020193432,0.010598013,0.010500044,0.979488951,0.999164387,0.999677943,0.020280101,0.020895056,0.020193432
1603,0.999369305,0.969410547,0.989088809,0.010803839,0.020598828,0.999468182,0.989893144,0.999770767,0.020280908,0.021005233,0.989088809
1604,0.999369204,0.969515377,0.989286866,0.020689432,0.020786291,0.010395819,0.999079131,0.999893556,0.998973393,0.020785686,0.989286866
1605,0.999369103,0.99886483,0.000925813,0.000227014,0.020590756,0.010709199,0.989394521,0.988778759,0.020401175,0.021106128,0.000925813
1606,0.999369003,0.998872801,0.989902931,0.02059005,0.021302974,0.999068335,0.999065712,0.010301482,0.020403596,0.0107995,0.989902931
1607,0.999368902,0.998970366,0.999982747,0.011114091,0.021103707,0.000302887,0.989585616,0.989086488,0.020403798,0.000719281,0.999982747
1608,0.999368801,0.999176697,0.979085875,0.020383821,0.020808286,0.000213797,0.98988366,0.9890878,0.020507922,0.000816039,0.979085875
1609,0.9993687,0.999283847,0.999183154,0.020283733,0.020492687,0.979087388,0.989079426,0.010500044,0.020785686,0.000829357,0.999183154
1610,0.999368599,0.999283948,0.001135775,0.021010076,0.030271432,0.989585919,0.999068941,0.010612441,0.020796078,0.010103829,0.001135775
1611,0.999368498,0.999367388,0.000614552,0.020801022,0.030377876,0.969004848,0.000310151,0.989289691,0.020812322,0.010104535,0.000614552
1612,0.999368397,0.999484527,0.989788516,0.020293015,0.021316393,0.989882348,0.988877131,0.989289994,0.020892634,0.011017635,0.989788516
1613,0.999368296,0.020904944,0.010807572,0.010495302,0.000428703,0.00031681,0.999166607,0.989385541,0.020897982,0.010310967,0.010807572
1614,0.999368195,0.999689344,0.999169735,0.000213393,0.010718381,0.010618999,0.000414174,0.989394521,0.020899697,0.000721399,0.999169735
1615,0.999368094,0.999768749,0.989804659,0.010409036,0.030377472,0.989288985,0.989385239,0.010805756,0.999574122,0.021114704,0.989804659
1616,0.999367994,0.999883164,0.989196666,0.000823909,0.010701329,0.978999105,0.001037403,0.989597925,0.021093819,0.011016525,0.989196666
1617,0.999367893,0.999890327,0.000718877,0.010797684,0.010896965,0.000914916,0.999999496,0.989686007,0.99979256,0.000830971,0.000718877
1618,0.999367792,0.999976491,0.010305115,0.999885686,0.010907761,0.969003436,0.998979649,0.989701847,0.02120097,0.000936709,0.010305115
1619,0.999367691,0.999984563,0.98897954,0.030585518,0.011109349,0.010697899,0.999889015,0.98978902,0.021297627,0.030488356,0.98897954
1620,0.99936759,0.969214004,0.000321351,0.021314476,0.010811204,0.000517692,0.020389067,0.989802238,0.010090814,0.988888431,0.000321351
1621,0.999367489,0.010314397,0.999894363,0.030268607,0.02070164,0.999573416,0.000521022,0.989887191,0.010110589,0.989092239,0.999894363
1622,0.999367388,0.988978934,0.988775126,0.021308625,0.010506804,0.999667854,0.99896623,0.000112801,0.030272037,0.010714042,0.988775126
1623,0.999367287,0.988981961,0.979491776,0.000508713,0.010904229,0.001036999,0.989882147,0.000207238,0.010299364,0.010916438,0.979491776
1624,0.999367186,0.010515884,0.989191621,0.020390076,0.021006747,0.010105948,0.011127005,0.000308234,0.010308242,0.000103821,0.989191621
1625,0.999367086,0.989276474,0.978694201,0.000611525,0.010909678,0.969310056,0.000617377,0.978989419,0.010310462,0.000230747,0.978694201
1626,0.999366985,0.010711621,0.989687924,0.030484421,0.020497227,0.979093039,0.000706568,0.979106155,0.988998205,0.000309647,0.989687924
1627,0.999366884,0.010917648,0.000114919,0.020611339,0.02120218,0.999576241,0.030381912,0.979200492,0.010510537,0.020198981,0.000114919
1628,0.999366783,0.98958037,0.999373644,0.020797591,0.030485228,0.988994674,0.030382618,0.979200694,0.010595894,0.001018434,0.999373644
1629,0.999366581,0.989588643,0.998870581,0.030273954,0.021313266,0.020706382,0.010603158,0.000608195,0.010795969,0.020396937,0.998870581
1630,0.999366379,0.989592881,0.010599324,0.00112952,0.020694376,0.988875315,0.999998688,0.979389065,0.010807067,0.020598122,0.010599324
1631,0.999366278,0.989594798,0.000928436,0.000103619,0.021214187,0.989692464,0.010609111,0.979392293,0.98949471,0.030582996,0.000928436
1632,0.999366177,0.989597219,0.000408726,0.999573416,0.011111972,0.999066721,0.010519012,0.979493087,0.010997658,0.010614358,0.000408726
1633,0.999366077,0.011000281,0.010311168,0.001019948,0.020382509,0.999373846,0.000622522,0.001021663,0.011016727,0.010719995,0.010311168
1634,0.999365976,0.98969882,0.000918851,0.020594086,0.011123474,0.999986177,0.000713731,0.00103599,0.011118429,0.030489365,0.000918851
1635,0.999365875,0.989794267,0.020603974,0.020485321,0.021310037,0.989385844,0.989393714,0.001133757,0.01112075,0.02100483,0.020603974
1636,0.999365774,0.989890319,0.010409541,0.020583391,0.030376867,0.989286967,0.020894955,0.97979779,0.98979689,0.021092608,0.010409541
1637,0.999365673,0.989899097,0.010524158,0.020794464,0.010618595,0.978787024,0.010516893,0.979798093,0.989800321,0.021191788,0.010524158
1638,0.999365471,3.43E-06,0.020297757,0.010315305,0.020787199,0.969304506,0.998982474,0.999067226,0.000116332,0.020185966,0.020297757
1639,0.99936537,0.978792472,0.989795175,0.020705373,0.020786493,0.000221666,0.000630493,0.968897395,0.000125211,0.998978034,0.989795175
1640,0.999365269,0.000211375,0.999479987,0.011009463,0.02111531,0.979799909,0.021092104,0.968900725,0.978893367,0.020794766,0.999479987
1641,0.999365169,0.00022994,0.979498737,0.010618797,0.021197943,2.14E-05,0.989884366,0.968914547,0.000419521,0.030276981,0.979498737
1642,0.999287479,0.978891652,0.021008765,0.000711613,0.030268909,0.000206734,0.010605277,0.968997886,0.000506695,0.010513967,0.021008765
1643,0.999287378,0.000304098,0.989085984,0.020390682,0.021213985,0.999770565,0.020691853,0.9691009,0.979188586,0.000223785,0.989085984
1644,0.999287278,0.000314187,0.999488563,0.010511142,0.010513866,0.999976491,0.988993968,0.969110485,0.97919575,0.02089324,0.999488563
1645,0.999287177,0.000319232,0.999585826,0.011016223,0.011106322,0.988789554,0.000103821,0.969218645,0.979313091,0.999974574,0.999585826
1646,0.999287076,0.000520517,0.000520517,0.010898983,0.011217105,0.989803953,0.020702346,0.969302287,0.000814324,0.010706374,0.000520517
1647,0.999286975,0.979193227,1.33E-05,0.020388966,0.011209336,0.969009388,0.00082855,0.969311065,0.000913907,0.020507922,1.33E-05
1648,0.999286874,0.979289683,0.010208962,0.03057674,0.011207621,0.999381917,0.989088809,0.969408832,0.000918145,0.000416999,0.010208962
1649,0.999286773,0.979307945,0.999165195,0.02028222,0.010911393,0.001014903,0.989191924,0.969504279,0.001010464,0.999889015,0.999165195
1650,0.999286672,0.979313091,0.010595894,0.020288576,0.010898579,0.98978105,0.010201798,0.969712324,0.00102812,0.030268909,0.010595894
1651,0.999286571,0.000715346,0.020186571,0.000626558,0.021199557,0.99947353,0.020394213,0.998861803,0.001037201,0.030389983,0.020186571
1652,0.99928647,0.979396127,0.999286067,0.020893442,0.010211181,0.020703154,0.00071696,0.99906662,0.979693667,0.010395819,0.999286067
1653,0.99928637,0.000809279,0.00103599,0.000429308,0.010201798,0.020481689,0.999268814,0.999086496,0.001118926,0.010703852,0.00103599
1654,0.999286269,0.00081725,0.999789029,0.010606791,0.030271028,0.010494898,0.989385541,0.020501363,0.001129217,0.020499547,0.999789029
1655,0.999286168,0.000909669,0.998962194,0.021110971,0.000908358,0.000125413,0.98889166,0.020600543,0.979809999,0.020997666,0.998962194
1656,0.999286067,0.00092773,0.999480088,0.010515683,0.011107835,0.020592673,0.998862711,0.999280013,0.969310157,0.999791046,0.999480088
1657,0.999285966,0.000929949,0.998869774,0.999780452,0.010611129,0.979399658,0.021205813,0.999387365,0.030391295,0.01102157,0.998869774
1658,0.999285865,0.979613758,0.99967088,0.000526067,0.999275372,0.989803448,0.98949592,0.020795069,0.030573915,0.001112166,0.99967088
1659,0.999285764,0.001009757,0.02028908,0.02130025,0.020492586,0.989799514,0.000103922,0.020800013,0.030595103,0.021194512,0.02028908
1660,0.999285663,0.979708599,0.978698337,0.000116836,0.010803738,0.010701935,0.030379793,0.999481299,0.998963304,0.010306729,0.978698337
1661,0.999285562,0.968794079,0.979801019,0.010412366,0.020299069,0.020201503,0.020997767,0.020908475,0.999083571,0.021097754,0.979801019
1662,0.999285461,0.969318026,0.979693263,1.93E-05,0.030389983,0.999887805,0.000728967,0.99987378,0.030278091,0.02130247,0.979693263
1663,0.999285361,0.969603458,0.999981334,0.011207318,0.010900597,0.02018082,0.010611129,0.999991424,0.020500859,0.030578859,0.999981334
1664,0.99928526,0.969702739,0.999972557,0.000712722,0.030391295,0.978697934,0.999179925,0.010105746,0.020583997,0.020190102,0.999972557
1665,0.999285159,0.998963304,0.999882558,0.020805058,0.010508216,0.999366379,0.98968752,0.010292301,0.020611036,0.999372029,0.999882558
1666,0.999285058,0.998981667,0.979195245,0.030577245,0.020889204,0.000226711,0.021190376,0.010302088,0.999389282,0.020992924,0.979195245
1667,0.999284957,0.020496117,0.988996793,0.000405598,0.030375656,0.01050862,0.021110568,0.988981457,0.020885471,0.000509823,0.988996793
1668,0.999284856,0.020607808,0.979694978,0.000308234,0.020687616,0.989681265,0.010918052,0.989094964,0.020890011,0.99977339,0.979694978
1669,0.999284755,0.020612651,0.978791867,0.030490576,0.021313669,0.96920008,0.000707779,0.010504786,0.020908071,0.02120107,0.978791867
1670,0.999284654,0.020685093,0.979001628,0.001034477,0.03048543,0.0205957,0.999084983,0.010513967,0.999582496,0.011120044,0.979001628
1671,0.999284553,0.020694275,0.998963909,0.020603469,0.021007453,0.99999102,0.020203824,0.010595289,0.999679759,0.998964514,0.998963909
1672,0.999284453,0.020704768,0.989090524,0.010714849,0.020899193,0.010302491,0.988995784,0.989484317,0.999775408,0.010818973,0.989090524
1673,0.999284352,0.999474841,0.001018031,0.999284352,0.010906045,0.989897382,0.000714639,0.989585011,0.999788221,0.000508511,0.001018031
1674,0.999284251,0.020986265,0.999062887,0.030376665,0.02069145,0.999581387,0.999686721,0.989694482,0.021216911,0.030484926,0.999062887
1675,0.99928415,0.020996052,7.67E-06,0.030583904,0.030279907,0.010721105,0.021215902,0.989799514,0.999893556,0.020190203,7.67E-06
1676,0.999283948,0.999675017,0.000615056,0.999995662,0.010612138,0.010503878,0.999886594,2.05E-05,0.999980931,0.020694678,0.000615056
1677,0.999283847,0.999684199,0.000515674,0.0302791,0.020283531,0.989090322,0.000707678,0.000120166,0.999992433,0.020792143,0.000515674
1678,0.999283746,0.999883668,0.999278601,0.999996368,0.020994639,0.999676026,0.000922382,0.000209357,0.999997276,0.999790643,0.999278601
1679,0.999283645,0.999988599,0.000216117,0.010604672,0.020699622,0.979205738,0.99916691,0.000222171,0.03057563,0.030470397,0.000216117
1680,0.999283544,0.01009939,0.000930454,0.020794564,0.010698101,0.999485234,0.989294534,0.000318526,0.010191002,0.011202979,0.000930454
1681,0.999283343,0.010100903,0.999065006,0.030391699,0.001025598,0.978788134,0.010308444,0.979000013,0.010193827,0.979601549,0.999065006
1682,0.999283242,0.988779566,0.000909669,0.030275669,0.999989709,0.010911897,0.998868563,0.979093039,0.988989831,0.999075499,0.000909669
1683,0.999283141,0.010208962,0.000830568,0.030270423,0.02049198,0.998981667,0.999689445,0.979194842,0.010497521,0.011103295,0.000830568
1684,0.99928304,0.030276073,0.999373139,0.000312875,0.020999886,0.01039925,0.000125917,0.979208765,0.010595188,0.020397442,0.999373139
1685,0.999282939,0.010310159,0.020489962,0.021301259,0.020493595,0.978896192,0.030585114,0.000620101,0.010605681,0.020901917,0.020489962
1686,0.999282838,0.010517398,0.001019847,0.020180416,0.03038736,0.989081444,0.999375359,0.979298864,0.989288278,0.030579464,0.001019847
1687,0.999282737,0.010600031,0.98968298,0.020585813,0.020204934,0.979104339,0.999069143,0.979494197,0.98937979,0.010704054,0.98968298
1688,0.999282636,0.010609111,0.989288278,0.01052446,0.020390278,0.020501767,0.010518104,0.97950691,0.010805756,0.011013297,0.989288278
1689,0.999282435,0.010612441,0.999777224,0.030494208,0.011213876,0.969220562,0.999982444,0.000930454,0.01100462,0.011027018,0.999777224
1690,0.999282334,0.010703448,0.989496526,0.010595894,0.021297324,0.010703953,0.98970447,0.979610327,0.989700334,0.000317012,0.989496526
1691,0.999282233,0.989702049,0.978990731,0.999386861,0.010509023,0.989285554,0.999078223,0.001131739,0.011101075,0.979510441,0.978990731
1692,0.999282132,0.989785691,0.00102358,0.021312559,0.011020864,0.998862005,0.020701035,0.001134766,0.989780444,0.030292317,0.00102358
1693,0.999282031,0.989803247,0.020598122,0.021095938,0.010915832,0.979102825,0.999183255,0.968696109,0.011207419,0.020385738,0.020598122
1694,0.99928193,0.989881642,1.22E-05,0.010305821,0.020201403,0.979301891,0.999888208,0.968704887,0.011214381,0.011023588,1.22E-05
1695,0.999281829,0.978687138,0.010524057,0.021094929,0.030377069,0.010814534,0.999878724,0.968999904,0.011216298,0.021305699,0.010524057
1696,0.999281728,0.000115424,0.000229738,0.01071939,0.021010782,0.979108576,0.998979951,0.969000812,0.989881642,0.000515473,0.000229738
1697,0.999281627,0.000221868,0.989388972,0.020185966,0.030497437,0.989780848,0.989688226,0.969006967,0.030371217,0.020695889,0.989388972
1698,0.999281527,0.978887213,0.989284747,0.020691551,0.020998574,0.999265585,0.021213783,0.969202098,1.01E-07,0.020989191,0.989284747
1699,0.999281426,0.00031116,0.98958037,0.010620412,0.011016021,0.020503583,0.989594798,0.969303094,0.978691174,0.011023285,0.98958037
1700,0.999281325,0.000315095,0.010310058,0.000823202,0.01081524,0.000224895,0.00042053,0.9694052,0.978693393,0.001037302,0.010310058
1701,0.999281224,0.00031681,0.988993362,0.000610617,0.010408128,0.989794267,0.989699426,0.969513662,0.000124,0.020393809,0.988993362
1702,0.999281022,0.000507199,0.000219749,0.020192019,0.020696293,0.001125484,0.020689634,0.969602651,0.000219447,0.020804553,0.000219749
1703,0.999280921,0.000719079,0.989281115,0.02061144,0.010609717,0.998874617,0.000418815,0.96971636,0.000310656,0.010198368,0.989281115
1704,0.99928082,0.000725536,0.988784611,0.011099663,0.021001803,0.988980952,0.020182535,0.969722313,0.000313077,0.011224571,0.988784611
1705,0.999280619,0.00072937,0.989781554,0.01090211,0.010520223,0.999683291,0.020885471,0.020396836,0.000424465,6.96E-06,0.989781554
1706,0.999280518,0.979508222,0.020200091,0.020181728,0.010617788,0.020500657,0.998965523,0.999071867,0.0004284,0.02070729,0.020200091
1707,0.999280417,0.979509533,0.969713737,0.010205935,0.020697201,0.979508827,0.021208133,0.999174275,0.000510226,0.999371626,0.969713737
1708,0.999280316,0.001018838,0.998977328,0.000505181,0.011104809,0.979491675,0.000716456,0.999176495,0.979201299,0.020803443,0.998977328
1709,0.999280215,0.001113982,0.010717372,0.000825927,0.021212169,0.99958179,0.989393916,0.999177605,0.000606682,0.021290867,0.010717372
1710,0.999280114,0.979806064,0.97969407,0.999583001,0.010403487,0.989384734,0.001123971,0.020596003,0.000615056,0.021314174,0.97969407
1711,0.999280013,0.968995768,0.000109572,0.011006335,0.030480688,0.979291196,0.010906247,0.020614164,0.000617881,0.030571897,0.000109572
1712,0.999279912,0.969421141,0.020402789,0.030479175,0.03028586,0.001131235,0.01051881,0.999385852,0.000629383,0.030582794,0.020402789
1713,0.999279811,0.96971636,0.97981131,0.030387461,0.010817359,0.979401374,0.021000693,0.999484527,0.979500654,0.010698403,0.97981131
1714,0.99927971,0.020179307,0.989801229,0.03037041,0.020901009,0.968592793,0.988983777,0.999486343,0.000919759,0.020988888,0.989801229
1715,0.99927961,0.998875121,0.969710306,0.020687817,0.01071263,0.020488247,0.01071939,0.999568674,0.00103599,0.011205603,0.969710306
1716,0.999279509,0.998965523,0.998979346,0.000425575,0.010525268,0.968602983,0.010708997,0.999668863,0.979791837,0.020792244,0.998979346
1717,0.999279408,0.020488651,0.999681979,0.030286566,0.021215902,0.968802856,0.989584405,0.999681878,0.97979325,0.030373638,0.999681979
1718,0.999279307,0.020489559,0.020188488,0.000113406,0.030385948,0.979495105,0.000421539,0.999973162,0.979793452,0.999468889,0.020188488
1719,0.999279206,0.020500657,0.998982776,0.021307414,0.021317705,0.999883365,0.021198044,0.999982646,0.979794057,0.98968187,0.998982776
1720,0.999279105,0.999170441,0.010520223,0.999770262,0.01121206,0.989702352,0.021009269,0.99999778,0.030285658,0.000422246,0.010520223
1721,0.999279004,0.020592673,0.988776034,0.001123567,0.010513564,0.969621317,0.010198368,0.988875012,0.969515982,0.020691954,0.988776034
1722,0.999278903,0.020600947,0.99898207,0.020492989,0.010502364,0.02040743,0.000107453,0.988882882,0.969517496,0.020696494,0.99898207
1723,0.999278802,0.999367792,0.010805756,0.030392506,0.011210647,0.989782866,0.010617486,0.010313691,0.969525467,0.000822395,0.010805756
1724,0.999278702,0.020809396,0.010622631,0.02129571,0.020488651,0.999478675,0.011017232,0.98898408,0.020181425,0.021203391,0.010622631
1725,0.999278601,0.999580479,0.989078921,0.030584105,0.011098553,0.979190806,0.030270927,0.010396626,0.020197266,0.000105133,0.989078921
1726,0.9992785,0.021001197,0.010595188,0.0206858,0.020482193,0.989399667,0.010193827,0.989090222,0.020200898,0.000515069,0.010595188
1727,0.999278399,0.999989305,0.010312278,0.001130226,0.020291704,0.989896978,0.98978337,0.01050418,0.020203824,0.020280908,0.010312278
1728,0.999278298,0.988875315,0.988979237,0.000612029,0.020604882,0.978893569,0.999876404,0.989190108,0.998981364,0.020395726,0.988979237
1729,0.999278197,0.98889166,0.000108159,0.010302895,0.021088673,0.999776921,0.001037302,0.010598316,0.02048179,0.020795876,0.000108159
1730,0.999278096,0.010300272,0.999687024,0.02109281,0.010818872,0.989588643,0.010205329,0.989287572,0.02059005,0.021317705,0.999687024
1731,0.999277995,0.010307536,0.989283637,0.000707678,0.020894753,0.000932169,0.00031005,0.98929978,0.02060922,0.001023479,0.989283637
1732,0.999277894,0.010313388,0.978985888,0.020707694,0.020290493,0.000309849,0.000118451,0.989492086,0.020684084,0.020198779,0.978985888
1733,0.999277793,0.988981457,0.010302491,0.011208529,0.010594683,0.010903119,0.989378378,0.010901606,0.020699824,0.030275064,0.010302491
1734,0.999277693,0.988984685,0.999267906,0.020592371,0.020290896,0.969304305,0.000417302,0.989702352,0.020890213,0.020602057,0.999267906
1735,0.999277592,0.988992353,0.000823404,0.03027577,0.011000887,0.020900101,0.001128208,0.98978226,0.020993832,0.999573416,0.000823404
1736,0.999277491,0.010406514,0.989379891,0.020611036,0.010602553,0.000117341,0.999176495,0.989896877,0.999675522,0.021114402,0.989379891
1737,0.999277289,0.98908437,0.978802764,0.000725536,0.010302491,0.988882378,0.00011613,3.63E-06,0.021108045,0.020391388,0.978802764
1738,0.999277188,0.010499237,0.000126623,0.010397837,0.01020422,0.989391494,0.010102921,4.04E-06,0.021205106,0.020482496,0.000126623
1739,0.999277087,0.989195657,0.010597912,0.030596415,0.021094324,0.000406102,0.988878746,1.32E-05,0.021207931,0.020991209,0.010597912
1740,0.999276986,0.010818771,0.010807975,0.021202786,0.020808488,0.010519012,0.999881953,1.43E-05,0.999884374,0.021094525,0.010807975
1741,0.999276885,0.011203282,0.010199578,0.021197741,0.030482504,0.989076096,0.0207986,0.000206229,0.021312257,0.01011069,0.010199578
1742,0.999276784,1.38E-05,0.000612836,0.999981234,0.020504895,0.98898751,0.010705971,0.000226711,0.021317402,0.010418319,0.000612836
1743,0.999276482,0.978700759,0.02040743,0.000920163,0.020995043,0.010397736,0.989882651,0.000416293,0.999978408,0.010703751,0.02040743
1744,0.999276381,0.000115222,0.999883264,0.021109962,0.030479881,0.979710819,0.010200083,0.979105852,0.030574319,0.000813718,0.999883264
1745,0.99927628,0.000229738,0.999876303,0.010622631,0.020996052,0.989892841,0.000611727,0.979202005,0.010194937,0.020401982,0.999876303
1746,0.999276179,0.978898109,0.020605386,0.021193907,0.0210917,0.99977793,0.988974192,0.979203014,0.010201596,0.999088413,0.020605386
1747,0.999276078,0.000427896,0.000122083,0.011019048,0.020201503,0.010595894,0.999895069,0.000614955,0.010203312,0.020604882,0.000122083
1748,0.999275977,0.979087388,0.000725133,0.01020422,0.021295306,0.979690842,0.010502364,0.979288674,0.010308141,0.021104615,0.000725133
1749,0.999275876,0.000524755,0.010514875,0.011024597,0.01070476,0.989584809,0.999065309,0.979295737,0.010497925,0.021114099,0.010514875
1750,0.999275776,0.000709191,0.999774701,0.020600947,0.011218114,0.999579974,0.998980052,0.979306129,0.010509023,0.021314981,0.999774701
1751,0.999275675,0.00082068,0.989893144,0.010292099,0.030285759,0.999568876,0.000825422,0.979391486,0.010517801,0.979793452,0.989893144
1752,0.999275574,0.000912797,0.989782866,0.021200667,0.011106625,0.000319232,0.989077509,0.00081725,0.989187081,0.020893341,0.989782866
1753,0.999275473,0.979697501,0.988774925,0.020582786,0.020185159,0.978798021,0.988789453,0.979508827,0.989187383,0.01030229,0.988774925
1754,0.999275372,0.979701234,0.989282729,0.020683479,0.020589546,0.968697926,0.000730884,0.000926721,0.01059539,0.010310159,0.989282729
1755,0.999275271,0.00112165,0.989487546,0.011012288,0.01049964,0.979792745,0.010916538,0.979709003,0.010596298,0.010608001,0.989487546
1756,0.99927517,0.979809494,0.010518709,0.010712327,0.02061255,0.969718479,0.998978337,0.979798497,0.989275667,0.000727453,0.010518709
1757,0.999275069,0.968694394,0.999071463,0.021310037,0.020892231,0.988772806,0.021309835,0.968910108,0.989400676,0.0211142,0.999071463
1758,0.999274968,0.969304305,0.00071363,0.010496613,0.03028364,0.99997629,0.988892467,0.969000308,0.989490876,0.030471103,0.00071363
1759,0.999274867,0.969416803,0.96942326,0.010102114,0.02038483,0.999569077,0.010317323,0.96931389,0.010898276,0.988791976,0.96942326
1760,0.999274767,0.969502765,0.010800005,0.030390084,0.020292511,0.01090998,0.021298434,0.969408025,0.989596513,0.030486843,0.010800005
1761,0.999274666,0.020180416,0.00103488,0.00101339,0.02110966,0.989293525,0.001038311,0.969417509,0.011001088,0.999768749,0.00103488
1762,0.999274565,0.020193533,0.989285252,0.020694678,0.011100066,0.000303089,0.020591765,0.969525567,0.011015416,0.010093639,0.989285252
1763,0.999274464,0.020293419,0.999067427,0.020801223,0.010520828,0.000428299,0.011108138,0.969614557,0.011103396,0.010711318,0.999067427
1764,0.999274363,0.999071867,0.000715144,0.021323557,0.010619705,0.020997767,0.02069145,0.969710407,0.011114091,0.020384527,0.000715144
1765,0.999274262,0.999073481,0.020496521,0.021294499,0.021117227,0.020196459,0.010302895,0.969718479,0.011222149,0.020393709,0.020496521
1766,0.999274161,0.999075701,0.999370617,0.030281824,0.01070587,0.969721909,0.000110682,0.9697209,0.011224571,0.010308242,0.999370617
1767,0.99927406,0.99917256,0.98929181,0.010601544,0.020298363,0.010498934,0.000408221,0.998875424,0.978696925,0.000122789,0.98929181
1768,0.999273959,0.999177907,0.010499237,0.010302088,0.021087564,0.000928537,0.999894363,0.998967037,0.000107554,0.001010161,0.010499237
1769,0.999273859,0.020612852,0.989792148,0.030577043,0.010605681,0.989094762,0.989388064,0.020390883,0.000125413,0.020988384,0.989792148
1770,0.999273758,0.99927063,0.989184457,0.010912099,0.020611036,0.000628071,0.000322864,0.999075701,0.000210265,0.021308625,0.989184457
1771,0.999273657,0.999272749,0.989091634,0.000718171,0.020786695,1.78E-05,0.999676631,0.99907903,0.000224895,0.021008361,0.989091634
1772,0.999273556,0.999278702,0.999174679,0.020283834,0.01112075,0.020400973,0.000405598,0.020490568,0.978899825,0.00031005,0.999174679
1773,0.999273455,0.999286067,0.010721105,0.011219022,0.011121658,0.989286563,0.010510234,0.999169634,0.978901439,0.999176697,0.010721105
1774,0.999273354,0.999586936,0.999573416,0.020800618,0.021113594,0.01049964,0.010600031,0.020593178,0.978994767,0.999981536,0.999573416
1775,0.999273253,0.021006444,0.01070022,0.020401982,0.020482799,0.000417504,0.989483006,0.020600039,0.979003948,0.010100399,0.01070022
1776,0.999273152,0.021103808,0.000711613,0.030284649,0.030470498,0.989781756,0.999085689,0.999265686,0.00042053,0.001113276,0.000711613
1777,0.999273051,0.021108852,0.989481291,0.021008865,0.020604276,0.969004243,0.010106452,0.999370213,0.000429308,0.928443234,0.989481291
1778,0.99927295,0.010093033,0.999784488,0.030383022,0.001113982,0.969714746,0.011116512,0.02079628,0.000528185,0.030593489,0.999784488
1779,0.99927285,0.010097775,0.969517496,0.010695477,0.011100874,0.001113276,0.999476052,0.999472622,0.979197061,0.020183645,0.969517496
1780,0.999272749,0.988878947,0.979098285,0.030387158,0.020198174,0.989794872,0.98970437,0.999583304,0.000613543,0.020603066,0.979098285
1781,0.999272648,0.988888431,0.998874213,0.011016525,0.020784979,0.979701234,0.999370516,0.999676329,0.000708081,0.010309857,0.998874213
1782,0.999272547,0.988978329,0.998974099,0.021106935,0.010525066,0.979593074,0.010520828,0.999877816,0.00083198,0.030581785,0.998974099
1783,0.999272446,0.988983777,0.998968248,0.020188488,0.011113586,0.999689344,0.999366278,0.999989305,0.97950015,0.020406926,0.998968248
1784,0.999272345,0.010405505,0.979097579,0.010303702,0.020798298,0.988992656,0.010198065,0.988773108,0.000912495,0.020590958,0.979097579
1785,0.999272244,0.010406918,0.979795772,0.020684084,0.030285053,0.99896623,0.000829962,0.988783299,0.000932875,0.010622026,0.979795772
1786,0.999272143,0.989090524,0.98909234,0.010299162,0.011119237,0.000825321,0.020179307,0.010208962,0.001021663,0.010817661,0.98909234
1787,0.999272042,0.010511546,0.999774197,0.021292481,0.021104615,0.000524755,0.010112809,0.010299263,0.00102358,0.011010774,0.999774197
1788,0.999271942,0.01051881,0.999883567,0.000914311,0.021201474,0.010496815,0.000305308,0.010306124,0.001028221,0.03037495,0.999883567
1789,0.999271841,0.010605176,0.000223382,0.021319824,0.011110358,0.000715043,0.020697604,0.010406111,0.001033468,0.010210677,0.000223382
1790,0.99927174,0.989278391,0.979290086,0.021097552,0.030285961,0.999573315,0.000712016,0.010406312,0.001038311,0.010313892,0.979290086
1791,0.999271639,0.989289994,0.000211072,0.011008252,0.00102358,0.978889331,0.020798802,0.989074785,0.001114688,0.011215188,0.000211072
1792,0.999271538,0.010701531,0.000716758,0.000211375,0.020794564,0.010518104,0.999773188,0.989088809,0.001117715,0.001128813,0.000716758
1793,0.999271437,0.010703852,2.62E-06,0.020284237,0.030592379,0.000303896,0.010502768,0.989091533,0.001123365,0.020895157,2.62E-06
1794,0.999271336,0.989384129,0.000522434,0.001129217,0.010797281,0.020806773,0.030272037,0.010605984,0.979799001,0.021296921,0.000522434
1795,0.999271235,0.989494306,0.000724931,0.999476859,0.010612844,0.989694078,0.010515582,0.010614963,0.030287474,0.001019544,0.000724931
1796,0.999271134,0.010917951,0.988979338,0.000408221,0.01101925,0.000316911,0.020295437,0.989292819,0.030293225,0.020589748,0.988979338
1797,0.999271033,0.989679953,0.000207238,0.010203211,0.010710511,0.989685502,0.989379891,0.010711822,0.030378078,0.021299342,0.000207238
1798,0.999270933,0.98978216,0.97930734,0.010997961,0.02088537,0.000209357,0.011117521,0.989385642,0.969507608,0.999994653,0.97930734
1799,0.999270832,0.989888806,0.999769959,0.011108037,0.010800913,0.000305611,0.989183449,0.989391595,0.020193432,0.011026817,0.999769959
1800,0.999270731,7.67E-06,0.999583001,0.021309633,0.020996758,0.010520223,0.989277281,0.989399868,0.020196661,0.011221746,0.999583001
1801,0.99927063,1.32E-05,0.010109681,0.030481193,0.020608514,0.96879428,0.999375258,0.010807673,0.998875121,0.000111085,0.010109681
1802,0.999270529,0.000220254,0.010593977,0.020810001,0.03027577,0.999086295,6.26E-06,0.010808883,0.020293015,0.030585114,0.010593977
1803,0.999270428,0.978997491,0.978787024,0.000424264,0.021006848,0.979189999,0.989275667,0.989590459,0.020386444,0.030589856,0.978787024
1804,0.999270327,0.000414679,0.000525663,0.999685813,0.010308444,0.978793481,0.021011388,0.989796083,0.020397139,0.020286255,0.000525663
1805,0.999270226,0.000426685,0.989191823,0.021300553,0.011114797,0.010206338,0.00011502,0.989798505,0.02048633,0.020584299,0.989191823
1806,0.999270125,0.979105852,0.000425373,0.01011301,0.020601048,0.979494601,0.000225399,0.989801027,0.020604781,0.020693569,0.000425373
1807,0.999270025,0.000522132,0.989585515,0.020899394,0.021116319,0.010098583,0.998971981,0.978696824,0.020611844,0.020705575,0.989585515
1808,0.999269924,0.979188586,0.000909569,0.00083198,0.02119542,0.999283948,0.999380706,0.000105234,0.020692156,0.010207953,0.000909569
1809,0.999269823,0.979389367,0.00111489,0.010701531,0.020281917,0.999386659,0.000126018,0.000109875,0.020698311,0.011015819,0.00111489
1810,0.999269722,0.00102358,0.010210677,0.030486439,0.011024496,0.978997491,0.010113111,0.00011835,0.02069932,0.020611137,0.010210677
1811,0.999269621,0.979693263,0.988987006,0.020706685,0.020201907,0.02060135,0.999486747,0.97890497,0.020703557,0.021094223,0.988987006
1812,0.99926952,0.979701435,0.020288071,0.021214893,0.021091095,0.000410239,0.021098864,0.000317517,0.999376065,0.010603158,0.020288071
1813,0.999269419,0.979800111,0.010711822,0.02019777,0.010699211,0.999277995,0.021204198,0.000321048,0.020811817,0.030495923,0.010711822
1814,0.999269318,0.968710537,0.000304501,0.0010146,0.010819881,0.998973393,0.999770262,0.978999105,0.99947353,0.020386646,0.000304501
1815,0.999269217,0.968808708,0.989481089,0.011214078,0.020205035,0.000420934,0.011011783,0.000408423,0.020896267,0.020695788,0.989481089
1816,0.999269116,0.969011205,0.00030773,0.000126018,0.020796179,0.001131739,0.011100066,0.000525461,0.020990805,0.020999684,0.00030773
1817,0.999269016,0.969114319,0.989083361,0.030285961,0.01091896,0.979614161,0.020287163,0.979191108,0.021007957,0.01061123,0.989083361
1818,0.999268915,0.030483816,0.98948351,0.011007142,0.011010976,0.988985694,0.03047191,0.979196052,0.021008563,0.001019847,0.98948351
1819,0.999268814,0.030492594,0.988981658,0.030387562,0.020483909,0.979295737,0.00042608,0.979296039,0.999676631,0.010811406,0.988981658
1820,0.999268713,0.998868261,0.010418319,0.02130701,0.010110791,0.000410744,0.998872498,0.979399658,0.021091801,0.979311678,0.010418319
1821,0.999268612,0.998982474,0.000415587,0.000908459,0.020583896,0.989399868,0.020603066,0.000815434,0.021215297,0.020188589,0.000415587
1822,0.999268511,0.020397139,0.979806064,0.000916833,0.021096644,0.999998587,0.010812818,0.979491675,0.02130247,0.021306102,0.979806064
1823,0.99926841,0.999086799,0.98988699,0.030478368,0.020391993,0.999075297,0.010508216,0.00090856,0.021314174,0.010811608,0.98988699
1824,0.999268108,0.020686708,0.020404403,0.02049198,0.02070053,0.020587629,0.000420833,0.000919355,0.010105746,0.000317416,0.020404403
1825,0.999268007,0.020706382,0.001032055,0.001028019,0.001131033,0.000223987,0.99936981,0.000921777,0.98887249,0.999072775,0.001032055
1826,0.999267906,0.020801728,0.010418622,0.000918548,0.010607598,0.979694877,0.000506796,0.00092773,0.010314397,0.021006545,0.010418622
1827,0.999267805,0.999573416,0.979313091,0.010814029,0.030379995,0.000729471,0.020499749,0.979590148,0.988975706,0.021006747,0.979313091
1828,0.999267704,0.999690656,0.979798698,0.021302066,0.030482403,0.999376368,0.989485932,0.979593074,0.988978026,0.021117328,0.979798698
1829,0.999267603,0.999782571,0.999881045,0.010916135,0.010193827,0.978887515,0.010415696,0.979694877,0.988986501,0.010708695,0.999881045
1830,0.999267502,0.999783782,0.979191411,0.021188761,0.010909879,0.010912906,0.999675522,0.979800111,0.988986703,0.000508612,0.979191411
1831,0.999267401,0.99988609,0.999075903,0.000508107,0.020590958,0.001012179,0.030375757,0.96859582,0.010397837,0.020605084,0.999075903
1832,0.9992673,0.999984059,0.000627668,0.010295933,0.01081635,0.979704967,0.010702944,0.968799022,0.989085379,0.020706685,0.000627668
1833,0.999267199,0.999991424,0.000110884,0.020505298,0.02131145,0.999879128,0.989282124,0.968801343,0.989086287,0.020808892,0.000110884
1834,0.999267099,0.010090814,0.989188796,0.011107129,0.010302088,0.00061435,0.02061487,0.968909603,0.989086488,0.989282729,0.989188796
1835,0.999266998,0.01009374,0.989691859,0.011205098,0.011118328,0.968700145,0.020493998,0.968995969,0.010508923,0.989400676,0.989691859
1836,0.999266897,0.988773108,0.989082251,0.030382315,0.02130701,0.989906361,0.999776921,0.969012819,0.989182339,0.010813525,0.989082251
1837,0.999266796,0.010310967,0.010909375,0.020501061,0.020298665,0.000809279,0.000120771,0.969308946,0.989186879,0.000221868,0.010909375
1838,0.999266695,0.010414081,0.001016416,0.000627668,0.030580978,0.000726747,0.021087664,0.96951689,0.989188695,0.020286962,0.001016416
1839,0.999266594,0.989073877,0.999688133,0.000719684,0.021291271,2.16E-05,0.98990505,0.969712223,0.010599425,0.999071665,0.999688133
1840,0.999266493,0.010609515,0.010316112,0.021193503,0.020389975,0.999568674,0.000303694,0.969714746,0.010613147,0.999791652,0.010316112
1841,0.999266392,0.010698403,0.010523149,0.010095152,0.011102488,0.000933783,0.98928848,0.969721909,0.010622631,0.010514976,0.010523149
1842,0.999266291,0.989581479,0.999879229,0.001121549,0.020395121,0.02061487,0.989894456,0.020181829,0.989377571,0.030288584,0.999879229
1843,0.999266191,0.989596311,0.989478768,0.000309445,0.020902926,0.000427593,0.010496916,0.998971073,0.010795767,0.030381508,0.989478768
1844,0.99926609,5.45E-06,0.010509932,0.021315183,0.03027466,0.989484822,0.999788221,0.998977631,0.010809489,0.02058329,0.010509932
1845,0.999265989,1.03E-05,0.989385541,0.011219223,0.021320631,0.999080342,0.020485927,0.999065712,0.98949582,0.020899394,0.989385541
1846,0.999265888,0.000103115,0.000424768,0.01041166,0.020506307,0.001031551,0.020904036,0.020689936,0.989496021,0.021207124,0.000424768
1847,0.999265787,0.000308234,0.978691779,0.010394205,0.01040722,0.000915622,0.000313178,0.999480088,0.011002097,0.021292986,0.978691779
1848,0.999265686,0.000309344,0.988990134,0.020903027,0.0207986,0.99907449,0.011213876,0.999576544,0.011017938,0.011004115,0.988990134
1849,0.999265585,0.000310656,0.989792249,0.000808068,0.020891424,0.989397951,0.030582289,0.999582194,0.011098553,0.01120641,0.989792249
1850,0.999265484,0.000404185,0.001122659,0.010517196,0.03029151,0.020808992,0.021092003,0.020998372,0.011213372,0.030270524,0.001122659
1851,0.999265383,0.979197868,0.989588038,0.020300179,0.030591471,0.969512754,0.001016618,0.999781663,0.011219123,0.030388672,0.989588038
1852,0.999265282,0.000610314,0.989277785,0.010611129,0.030495721,0.979597514,0.010912906,0.999782269,0.000125513,0.020707896,0.989277785
1853,0.999265182,0.000612836,0.010307637,0.020701842,0.020186571,0.989885375,0.989484317,0.999873579,0.000223987,0.020182636,0.010307637
1854,0.999265081,0.00081836,0.010515985,0.030590765,0.011020158,0.989597118,0.02038483,0.999972355,0.000316003,0.020297354,0.010515985
1855,0.99926498,0.979601852,0.000311362,0.010101408,0.030492291,0.999886897,0.999587138,0.988787738,0.978995372,0.998961689,0.000311362
1856,0.999264879,0.979611639,0.968898202,0.020891928,0.021092407,0.000725334,0.001113276,0.010300171,0.978997794,0.011107533,0.968898202
1857,0.999264778,0.979612446,0.020484615,0.021212572,0.020994538,0.020280605,0.000101904,0.988974192,0.979205839,0.001121549,0.020484615
1858,0.999264677,0.001012986,0.999388173,0.010614963,0.020297253,0.020505198,0.021192797,0.988984887,0.979389367,0.001124576,0.999388173
1859,0.999264576,0.979706278,0.989697811,0.010297043,0.020288979,0.000810086,0.021202584,0.988995481,0.97939199,0.001136482,0.989697811
1860,0.999264374,0.969003436,0.979498838,0.011111972,0.00092218,0.020196661,0.999885787,0.01039925,0.979396934,0.999769959,0.979498838
1861,0.999264274,0.969110284,0.969400962,0.02078952,0.011006537,0.010716161,0.999377478,0.010406918,0.000813214,0.020204732,0.969400962
1862,0.999185273,0.969204116,0.998973797,0.010903624,0.021310138,0.979810907,0.999586835,0.989086186,0.979510946,0.020504996,0.998973797
1863,0.999185172,0.969205125,0.999878422,0.020798197,0.020801223,0.978887314,0.000318727,0.989285958,0.000909468,0.020888699,0.999878422
1864,0.999185071,0.969306323,0.02028222,0.999484931,0.021007655,0.988993564,0.988876223,0.989299276,0.000916833,0.030574621,0.02028222
1865,0.99918497,0.969515781,7.06E-06,0.00062454,0.0111039,0.999478978,0.020690441,0.989489867,0.001016416,0.010613046,7.06E-06
1866,0.999184869,0.969708187,0.010207751,0.000120872,0.011103194,0.968707107,0.999987388,0.989582791,0.001026506,0.001014903,0.010207751
1867,0.999184768,0.020196862,0.000610516,0.000928335,0.021102597,0.020990805,0.011012187,0.989597623,0.001112771,0.001028221,0.000610516
1868,0.999184667,0.020201201,0.000505484,0.01049621,0.021318815,0.020382711,0.999879632,0.989699728,0.001132042,0.001124374,0.000505484
1869,0.999184566,0.998875626,0.989898592,0.000827036,0.00082855,0.979592973,0.000414578,0.98978781,0.001134665,0.010909778,0.989898592
1870,0.999184466,0.020298968,0.000712319,0.000123798,0.011223259,0.998972182,0.999568976,0.989799614,0.979807476,0.001025598,0.000712319
1871,0.999184365,0.020299775,0.989191924,0.00073048,0.030586628,0.010297043,0.988996288,1.03E-05,0.9798102,0.010916942,0.989191924
1872,0.999184264,0.998971779,0.010509124,0.020993832,0.020289787,0.000223886,0.001121549,0.978799131,0.030283539,0.011005427,0.010509124
1873,0.999184163,0.998973595,0.979697904,0.021012094,0.020893946,0.001124374,0.989485528,0.000215512,0.030289189,0.030384232,0.979697904
1874,0.999184062,0.02048179,0.010604672,0.020611541,0.010496613,0.999168322,0.98988477,0.978887314,0.030484219,0.020299674,0.010604672
1875,0.999183961,0.020495713,0.979312183,0.02101048,0.02132275,0.020405715,0.030581381,0.978893569,0.030587536,0.02109503,0.979312183
1876,0.99918386,0.020496722,0.010511344,0.010308444,0.010703246,0.988987006,0.020805865,0.000305409,0.969707078,0.021108045,0.010511344
1877,0.999183759,0.02060357,0.010096464,0.020181425,0.021302167,0.968897799,0.989888907,0.000309849,0.020406926,0.030381407,0.010096464
1878,0.999183658,0.999280518,0.999080342,0.999286975,0.02029352,0.000612029,0.000425676,0.978985384,0.999082158,0.021202786,0.999080342
1879,0.999183558,0.020794766,0.00071353,0.02059792,0.020289282,0.969315807,0.020706887,0.978986392,0.999168726,0.010613147,0.00071353
1880,0.999183457,0.999471411,0.010521837,0.010596298,0.010906146,0.979813025,0.000416999,0.97900304,0.020584198,0.020504289,0.010521837
1881,0.999183356,0.999476052,0.001010665,0.02040854,0.011207419,0.020609725,0.998966431,0.979090819,0.999278601,0.021294802,0.001010665
1882,0.999183255,0.99956938,0.989287572,0.020188286,0.010913209,0.000126623,0.020801526,0.979099193,0.999287076,0.9898882,0.989287572
1883,0.999183154,0.0210015,0.989593789,0.000318727,0.020293621,0.020507922,0.98888712,0.000626356,0.02068469,0.000915824,0.989593789
1884,0.999183053,0.999791046,0.979205436,0.010315406,0.000622421,0.99999778,0.999776114,0.000627163,0.020702346,0.011099865,0.979205436
1885,0.999182952,0.999888309,0.999084075,0.001032055,0.020999987,0.01050075,0.001012078,0.979313091,0.999380505,0.000205019,0.999084075
1886,0.999182851,0.999985269,0.010112809,0.02049763,0.001129318,0.989796083,7.97E-06,0.000709998,0.020798298,0.030390185,0.010112809
1887,0.99918275,0.010091015,0.989681567,0.020805158,0.020400973,0.979388156,0.999282233,0.000726646,0.99946788,0.020191717,0.989681567
1888,0.999182649,0.010103022,0.988985593,0.021214994,0.021197236,0.999064602,0.999567059,0.000811801,0.999477767,0.020197367,0.988985593
1889,0.999182549,0.010207751,0.988782189,0.020688423,0.020200999,0.000418109,0.999280316,0.000918145,0.020888498,0.998863821,0.988782189
1890,0.999182448,0.010301583,0.978684111,0.020988989,0.010796473,9.18E-06,0.000227014,0.000930151,0.020895258,0.020614467,0.978684111
1891,0.999182347,0.010416099,0.010707888,0.010406111,0.011126501,0.001025598,0.020486128,0.000934591,0.999583203,0.000427896,0.010707888
1892,0.999182246,0.989080031,0.000229032,0.021207023,0.020808791,0.978904668,0.030477459,0.979591964,0.020991814,0.030281824,0.000229032
1893,0.999182145,0.989089011,0.001128713,0.000106242,0.020488045,0.0004284,0.021100377,0.979597514,0.021002005,0.020591463,0.001128713
1894,0.999182044,0.989091533,0.969508415,0.020382509,0.020596205,0.988773108,0.999368599,0.979607805,0.999674008,0.010193424,0.969508415
1895,0.999181943,0.989092744,0.998981263,0.010405505,0.020698613,0.999871056,0.999181439,0.979692859,0.999772885,0.010610726,0.998981263
1896,0.999181842,0.989188392,0.979003847,0.000314389,0.000821084,0.01030461,0.989693473,0.979701637,0.999779645,0.999286773,0.979003847
1897,0.999181741,0.010602553,0.010605681,0.021188459,0.010900496,0.989294534,0.010717372,0.001110652,0.999783378,0.030476753,0.010605681
1898,0.99918164,0.010614963,0.98968641,0.021314779,0.011015012,0.979496013,0.999669569,0.001126997,0.021207528,0.03058804,0.98968641
1899,0.99918154,0.989290095,0.000512345,0.010807774,0.021196127,0.000123193,0.010522039,0.979797689,0.021213783,0.021316696,0.000512345
1900,0.999181439,0.010804242,0.97900415,0.010806361,0.021000289,0.000813012,0.999069546,0.979804853,0.999889722,0.010701329,0.97900415
1901,0.999181338,0.010811002,0.999265585,0.030487145,0.010814937,0.000209155,0.999179723,0.979805862,0.021316797,0.010896965,0.999265585
1902,0.999181237,0.98948916,0.998862308,0.010503878,0.030285355,0.010495302,0.989290195,0.97981131,0.030481798,0.011217004,0.998862308
1903,0.999181136,0.9894936,0.999083974,0.020797289,0.030291712,0.000720693,0.021005637,0.968694596,0.010101307,0.021310037,0.999083974
1904,0.999181035,0.010909375,0.000526773,0.010607093,0.011106019,0.010597307,0.030593287,0.968796702,0.010190901,0.999078728,0.000526773
1905,0.999180934,0.989686208,0.979295333,0.021203593,0.020486734,0.999485032,0.999365471,0.968805278,0.010201395,0.020791739,0.979295333
1906,0.999180833,0.98978105,0.010109782,0.010999878,0.020494604,0.979698711,0.989293021,0.968812643,0.988888936,0.010297648,0.010109782
1907,0.999180732,0.98988588,0.988773512,0.999970539,0.000608195,0.969722313,0.988978228,0.968908292,0.010299061,0.020288273,0.988773512
1908,0.999180632,0.989887191,0.989903536,0.010597105,0.011014709,0.988783904,0.989289287,0.968914951,0.010301381,0.021087664,0.989903536
1909,0.999180531,1.22E-05,0.989176184,0.02028232,0.010508923,0.001037302,0.02039946,0.968997483,0.01031702,0.021097149,0.989176184
1910,0.99918043,0.978683102,0.999878018,0.01039703,0.011023992,0.000528589,0.979803239,0.968998694,0.98898408,0.001009253,0.999878018
1911,0.999180329,0.000113002,0.000920465,0.011100874,0.020698815,0.979300378,0.989785186,0.969004546,0.010401167,0.030269918,0.000920465
1912,0.999180228,0.978801048,0.999183255,0.020590555,0.010711217,0.988996995,0.989691556,0.969011709,0.989085278,0.030574218,0.999183255
1913,0.999180127,0.000207137,0.998962698,0.020894854,0.010805857,0.989591367,0.999989002,0.96909979,0.010508519,0.01031248,0.998962698
1914,0.999179925,0.000214906,0.989801431,0.000120771,0.010599425,0.968904559,0.999997276,0.969206436,0.010521635,0.011212968,0.989801431
1915,0.999179824,0.000223785,0.010209063,0.030292115,0.011210547,0.000419925,0.989685199,0.969307533,0.989195657,0.000714639,0.010209063
1916,0.999179723,0.97900415,0.010109479,0.010298355,0.010608809,0.96940641,0.010600333,0.969311973,0.010609515,0.000830669,0.010109479
1917,0.999179623,0.000418311,0.999182044,0.999384036,0.030576841,0.999687629,0.000506695,0.969317118,0.010613551,0.020190607,0.999182044
1918,0.999179421,0.000422851,0.968794179,0.021208234,0.010603158,0.979699518,0.020387554,0.96940974,0.010621017,0.999178008,0.968794179
1919,0.99917932,0.979100404,0.989695693,0.021211463,0.010907357,0.988886817,0.030382114,0.96950781,0.989293021,0.999572003,0.989695693
1920,0.999179219,0.000524856,0.010818771,0.020786997,0.020388563,0.010414989,0.021292078,0.96961718,0.010914016,0.010199074,0.010818771
1921,0.999179118,0.000605975,0.000831678,0.001112267,0.010716161,0.999889621,0.010509023,0.969621619,0.989599741,0.010698101,0.000831678
1922,0.999179017,0.000608901,0.989496425,0.030275064,0.020198779,0.010497723,0.02048179,0.96962172,0.01102268,0.011201567,0.989496425
1923,0.999178916,0.000610112,0.000518399,0.020797894,0.020388966,0.998865436,0.999279811,0.969725743,0.011103194,1.24E-05,0.000518399
1924,0.999178815,0.000615056,0.979207252,0.030495217,0.011116311,0.010597912,0.02109049,0.020182838,0.011127611,0.020811313,0.979207252
1925,0.999178715,0.000629787,0.989800321,0.01121206,0.021294297,0.999989709,0.000406607,0.998863821,0.989803045,0.999894363,0.989800321
1926,0.999178614,0.979296947,0.999671889,0.010520122,0.010106452,0.020496117,0.000115424,0.998964817,0.989886081,0.030479982,0.999671889
1927,0.999178513,0.000725738,0.999874688,0.030481596,0.020690239,0.999480492,0.989790837,0.99906773,5.45E-06,0.01030915,0.999874688
1928,0.999178412,0.000821285,0.999775408,0.030290905,0.021191183,0.989495719,0.989700334,0.999085488,0.978686936,0.030375656,0.999775408
1929,0.999178311,0.979501159,0.998982676,0.020198678,0.010899487,0.979390376,0.000403782,0.999181338,0.000114112,1.25E-05,0.998982676
1930,0.99917821,0.97950691,0.000609608,0.021301057,0.03059137,0.969203107,0.999167213,0.020589949,0.000118451,0.030274358,0.000609608
1931,0.999178109,0.00090856,0.020397139,0.011218215,0.020900706,0.999892749,0.989784884,0.020597315,0.000119661,0.01059882,0.020397139
1932,0.999178008,0.000911385,0.999576846,0.010198872,0.001133354,0.000321452,0.999066721,0.020612449,0.978903961,0.01071717,0.999576846
1933,0.999177907,0.000929647,0.988772806,0.020295437,0.020689432,0.000101601,0.00020855,0.999474539,0.000305611,0.010909375,0.988772806
1934,0.999177806,0.000931362,0.97919575,0.000302887,0.010898075,0.969114319,0.999875294,0.999476052,0.000307528,0.989687924,0.97919575
1935,0.999177706,0.979602659,0.979500654,0.000711209,0.020299674,0.988872692,0.988874609,0.020900101,0.000314187,0.001117513,0.979500654
1936,0.999177605,0.001017526,0.000318727,0.010916236,0.0111264,0.989885274,0.010611835,0.999673403,0.978995776,0.020296446,0.000318727
1937,0.999177504,0.001022773,0.98928283,0.010308242,0.021209041,0.000529699,0.998866344,0.9997745,0.000406708,0.020801526,0.98928283
1938,0.999177403,0.979802028,0.999384137,0.000727554,0.021214288,0.978995776,0.011218921,0.9999775,0.000424667,0.020996354,0.999384137
1939,0.999177302,0.968901834,0.000416797,0.001018132,0.030286263,0.000719079,0.000419925,0.988876929,0.000425676,0.021306001,0.000416797
1940,0.9991771,0.968996575,0.020601149,0.010300272,0.010090713,0.000716456,0.999083873,0.010298153,0.979085471,0.010522442,0.020601149
1941,0.999176999,0.968998492,0.010103325,0.0210917,0.021208738,0.020292612,0.999891235,0.010314397,0.979095662,0.011211253,0.010103325
1942,0.999176898,0.030276477,0.998971678,0.000909468,0.030388874,0.97971092,0.989079527,0.010397736,0.979104541,0.989885173,0.998971678
1943,0.999176798,0.969304406,0.001117311,0.011116512,0.020395525,0.999370819,0.000309344,0.01041398,0.000509116,0.000222675,0.001117311
1944,0.999176697,0.030486338,0.999986278,0.021207326,0.02129904,0.9997858,0.000524755,0.010497925,0.00052647,0.030389075,0.999986278
1945,0.999176596,0.998864729,0.000508309,0.021216709,0.000611727,0.9890878,0.000120368,0.989185366,0.000619899,0.020296748,0.000508309
1946,0.999176495,0.998969559,2.23E-05,0.021314577,0.020405009,0.999173165,0.010291494,0.989191318,0.000816947,0.020889204,2.23E-05
1947,0.999176293,0.998982171,0.010395012,0.010090107,0.000625953,0.000408928,0.030478368,0.989292617,0.979492078,0.01100694,0.010395012
1948,0.999176192,0.020481689,0.00011835,0.030271432,0.020493191,0.999582194,0.030596818,0.989379891,0.000918851,0.011221847,0.00011835
1949,0.999176091,0.020586216,0.010098683,0.010915933,0.010805352,0.001029432,0.999786203,0.989381606,0.979609621,0.000319938,0.010098683
1950,0.99917599,0.999265686,0.999880944,0.02088991,0.011024193,0.989899097,0.020290291,0.989384734,0.001016618,0.020297051,0.999880944
1951,0.999175587,0.02069377,4.54E-06,0.020180517,0.020393709,0.9895838,0.999669972,0.989483006,0.030278999,0.020505198,4.54E-06
1952,0.999175385,0.020901816,0.999479382,0.021194411,0.02038372,0.9999775,0.020188993,0.989484822,0.030287272,0.99918154,0.999479382
1953,0.999175082,0.999571802,0.01011069,0.020690239,0.010298355,0.001009757,0.000205927,0.989496324,0.030384535,0.020599131,0.01011069
1954,0.999174981,0.020997767,0.000303896,0.010208861,0.02059005,0.979807476,0.000410744,0.98979689,0.030485632,0.020609321,0.000303896
1955,0.999174881,0.021009773,0.020600543,0.021112888,0.020800416,0.999993845,0.010701531,0.98980476,0.969508415,0.020700026,0.020600543
1956,0.999174679,0.999778132,0.988888936,0.021297526,0.030388672,0.999794073,0.010902312,0.989901619,0.030585922,0.999471209,0.988888936
1957,0.999174275,0.999793771,0.000115424,0.010704659,0.010496512,0.000919658,0.020798903,0.000117946,0.969613649,0.010196652,0.000115424
1958,0.999173771,0.999869745,0.999685813,0.011108844,0.010721105,0.99978136,0.021005334,0.000314187,0.96971414,0.000611424,0.999685813
1959,0.999173468,0.010089704,0.99918154,0.030495116,0.030284044,0.000315095,0.000312976,0.000510428,0.998971678,0.030586426,0.99918154
1960,0.999173165,0.988776034,0.978690972,0.020887085,0.010502768,0.968798114,0.979612951,0.000608901,0.998982171,0.020708299,0.978690972
1961,0.999172863,0.988877232,0.000109875,0.011224268,0.021309633,0.998860794,0.99978136,0.000626962,0.020391489,0.010401671,0.000109875
1962,0.99917256,0.988887221,0.999986177,0.030381609,0.01050973,0.969611429,0.988783198,0.000721399,0.020395525,0.000214906,0.999986177
1963,0.999172459,0.010302088,1.83E-05,0.020614366,0.02059227,0.010900496,0.000406405,0.000725334,0.020397341,0.020597012,1.83E-05
1964,0.999171854,0.010313691,0.999790845,0.021214187,0.011027018,0.978893468,0.000931866,0.979388056,0.020406623,0.010393902,0.999790845
1965,0.999171652,0.988973284,0.010313287,0.030587233,0.010091419,0.988784409,0.979799203,0.979398246,0.020501464,0.989082453,0.010313287
1966,0.99917145,0.988981154,0.000230747,0.021205005,0.021213279,0.968799224,0.011101075,0.000821185,0.020507417,0.010911393,0.000230747
1967,0.999171147,0.010396626,0.989381606,0.021320227,0.011009059,0.989785792,0.999999395,0.000824817,0.999170643,0.020503785,0.989381606
1968,0.999170643,0.989083361,0.020388159,0.010506905,0.020295639,0.979293113,0.011025808,0.000825422,0.999178715,0.010611835,0.020388159
1969,0.999170441,0.989176083,0.979813933,0.030576841,0.020798197,0.010803738,0.010612643,0.000830568,0.020612247,0.020293419,0.979813933
1970,0.999170239,0.989285958,0.001037403,0.99998305,0.011006335,0.999984563,0.020292612,0.979495105,0.999273959,0.02060357,0.001037403
1971,0.999169735,0.989388064,0.99927174,0.02129904,0.0205844,0.000823909,0.020601451,0.000909669,0.020694174,0.020808387,0.99927174
1972,0.999169634,0.989684291,0.000125211,0.030473323,0.020905953,0.99957947,0.020895964,0.001014903,0.999384641,0.999779343,0.000125211
1973,0.999168928,0.011116411,0.010506703,0.020486532,0.021214893,0.000831879,0.010095858,0.969502765,0.020791941,0.010511142,0.010506703
1974,0.999168726,0.989805971,0.999990112,0.000831476,0.010797684,0.99946899,0.989190209,0.998965725,0.020797591,0.000415587,0.999990112
1975,0.999168322,0.978683001,0.979392293,0.000922483,0.001019948,0.96860369,0.988876728,0.02039956,0.020810909,0.030486742,0.979392293
1976,0.999167313,0.000117946,0.999883668,0.010911393,0.011103396,0.999586633,0.999178412,0.99917256,0.999477465,0.021107743,0.999883668
1977,0.999167213,0.000120065,0.999878825,0.030268909,0.020399661,0.979696088,0.021216608,0.999176293,0.020902724,0.020382812,0.999878825
1978,0.99916691,0.000205019,0.989390586,0.011213271,0.010194534,0.979798497,0.010396727,0.999177706,0.999677338,0.99947464,0.989390586
1979,0.999166607,0.000206734,0.010300675,0.001037907,0.020386747,0.979796479,0.999270933,0.020597214,0.999679961,0.989393916,0.010300675
1980,0.999165901,0.000212788,0.010703448,0.021294197,0.001010464,0.999566959,0.979710718,0.020602662,0.021109256,0.020507417,0.010703448
1981,0.999165699,0.000215512,8.07E-06,0.021105725,0.030291308,0.020592573,0.001012986,0.020603066,0.99977339,0.000311362,8.07E-06
1982,0.999165296,0.000223684,0.010089502,0.03026901,0.010617889,0.969707178,0.999679759,0.999269116,0.999794477,0.000612029,0.010089502
1983,0.999165195,0.0002255,0.999679457,0.020899697,0.021098864,0.999981234,0.021306405,0.99927063,0.021217214,0.020405614,0.999679457
1984,0.999164993,0.978887515,0.999671082,0.021200263,0.030472011,0.020294932,0.010710511,0.99939009,0.999876303,0.020594893,0.999671082
1985,0.999164589,0.000303089,0.000912495,0.020202311,0.010710107,0.99997518,0.000925006,0.999473025,0.999879229,0.021294903,0.000912495
1986,0.999164387,0.979000013,0.000303997,0.020590353,0.010702944,0.989073877,0.001117917,0.020889305,0.999881045,0.030497336,0.000303997
1987,0.999164287,0.000419521,0.969113613,0.010194433,0.020401175,0.98970437,0.999273657,0.02089667,0.021302369,0.02100039,0.969113613
1988,0.999089523,0.979095964,0.02039946,0.020797188,0.020206246,0.010308242,0.02128895,0.021007756,0.021313568,0.010599728,0.02039946
1989,0.999089422,0.979102825,0.020487743,0.001022067,0.011120346,0.98949582,0.999771775,0.999677741,0.999972657,0.000716758,0.020487743
1990,0.999089322,0.000516381,0.010303702,0.020614265,0.021001399,0.989188897,0.999476758,0.999775206,0.999981234,0.020994538,0.010303702
1991,0.999088514,0.0005186,0.010499842,0.021301158,0.021307918,0.969201593,0.00112165,0.999886594,0.999985068,0.010112809,0.010499842
1992,0.999088413,0.979195851,0.969220562,0.020797995,0.020788208,0.999977803,0.010700522,0.999989204,0.999989305,0.030374647,0.969220562
1993,0.999088111,0.979208362,0.968806589,0.021113695,0.010898983,0.000815837,0.010716968,0.999991626,0.030473525,0.010305518,0.968806589
1994,0.999087707,0.000626558,0.001118926,0.010913209,0.011209134,0.010293411,0.00071353,0.999994552,0.010095858,0.02100261,0.001118926
1995,0.999087505,0.979294526,0.988979741,0.000914916,0.02039724,0.00020744,0.000109471,0.988772806,0.988981154,0.010310462,0.988979741
1996,0.999087405,0.979295737,0.000817451,1.79E-05,0.030490576,0.999486747,0.999165195,0.988882378,0.010396525,0.010520223,0.000817451
1997,0.999087203,0.979303506,0.000818864,0.0108108,0.030477762,0.010092327,0.020793354,0.010316112,0.010495302,0.989286866,0.000818864
1998,0.999087001,0.000708485,0.969605779,0.011026817,0.011101075,0.989692767,0.989888301,0.0103937,0.98919041,0.000621211,0.969605779
1999,0.999086799,0.000919355,0.010204926,0.020294932,0.010415494,0.000431326,0.030374547,0.989094762,0.010594381,0.020586115,0.010204926
2000,0.999086698,0.001023075,0.000525461,0.999775307,0.020401276,0.00051517,0.999471411,0.010517398,0.010608203,0.020698613,0.000525461
2001,0.999086597,0.979796378,0.978905273,0.0111039,0.010394709,0.999878422,0.000202395,0.989176083,0.010618999,0.000912595,0.978905273
2002,0.999086496,0.968593499,0.998874112,0.000321552,0.010395214,0.000303694,0.030289189,0.989176184,0.989288884,0.999879632,0.998874112
2003,0.999086396,0.969005857,0.969310157,0.01009606,0.020181728,0.969300269,0.020797087,0.989188897,0.989290296,0.999979014,0.969310157
2004,0.999086295,0.969204519,0.020204833,0.010510234,0.030473827,0.979194842,0.979594285,0.98928848,0.010696991,0.010396525,0.020204833
2005,0.999085689,0.969304506,0.999470705,0.000610516,0.030376464,0.989282527,0.000815837,0.989483409,0.010697294,0.01069578,0.999470705
2006,0.999085588,0.969512754,0.020693871,0.010516893,0.000429308,0.010605984,0.999277693,0.989493196,0.989391595,0.030287272,0.020693871
2007,0.999085488,0.969608604,0.00011391,0.999893556,0.000722307,0.979205839,0.000209256,0.010899084,0.010796372,0.998977227,0.00011391
2008,0.999085387,0.969621619,0.00071585,0.010811002,0.021310542,0.978984879,0.010496512,0.989581479,0.010903018,0.020996758,0.00071585
2009,0.999085286,0.969712829,0.999383935,0.03028142,0.020202714,0.010090107,0.989794065,0.989581782,0.010918052,0.010298052,0.999383935
2010,0.999085185,0.020192625,0.000216319,0.021307716,0.010302794,0.999885686,0.010998162,0.020499144,0.011010976,0.010307233,0.000216319
2011,0.999085084,0.020201806,0.000707476,0.010504584,0.010409541,0.97961063,0.999993341,0.989588946,0.011111165,0.001030744,0.000707476
2012,0.999084983,0.998977631,0.999278096,0.000216622,0.01071939,0.000317819,0.999783277,0.989591367,0.989892841,0.999071261,0.999278096
2013,0.999084781,0.998978942,0.989783572,0.02131599,0.010396525,0.000403782,0.030481193,0.989693876,0.000309445,0.030276779,0.989783572
2014,0.99908468,0.020408136,0.979089205,0.00011613,0.000912595,0.968901834,0.999066217,0.000106242,0.000415687,0.020601653,0.979089205
2015,0.999084479,0.999082864,0.010100903,0.000428703,0.011223057,0.979200492,0.010523048,0.000115626,0.000431326,0.020593481,0.010100903
2016,0.999084277,0.020699925,0.979800111,0.030472516,0.0009244,0.999975987,0.989185164,0.978793481,0.979096973,0.021194815,0.979800111
2017,0.999084075,0.999387668,0.999384944,0.030291308,0.010618192,0.979804853,0.989282225,0.000202295,0.000523645,0.02119764,0.999384944
2018,0.999083974,0.02079628,0.989703764,0.021010278,0.020886076,0.999577956,0.999778535,0.000211072,0.979312183,0.021318008,0.989703764
2019,0.999083873,0.021008462,0.010901909,0.020389673,0.021297123,0.999775307,0.020196862,0.000220153,0.00081725,0.010103022,0.010901909
2020,0.999083571,0.999775206,0.010099087,0.021193604,0.02060014,0.988773411,0.979504892,0.000306418,0.000911385,0,0.010099087
2021,0.99908347,0.02130025,0.02038594,0.021316393,0.020293822,0.020407733,0.021110063,0.000418109,0.000912595,0.020183948,0.02038594
2022,0.999083369,0.021307716,0.999994552,0.021300149,0.010806361,0.010514976,0.999892749,0.000425373,0.97959822,0.021191385,0.999994552
2023,0.999083268,0.999987085,0.010595995,0.030381206,0.010712529,0.988987208,0.011203988,0.000431326,0.001009455,0.989388972,0.010595995
2024,0.999083066,0.010193827,0.999272648,0.030477661,0.010495302,1.43E-05,0.999581387,0.979102825,0.001021158,0.020697302,0.999272648
2025,0.999082864,0.010207852,0.000429308,1.01E-07,0.001124172,0.999174275,0.99886483,0.000711209,0.001114789,0.020885975,0.000429308
2026,0.999082158,0.010315507,0.020282825,0.010523956,0.01091442,0.979208765,0.020805058,0.000824312,0.001126796,0.02050207,0.020282825
2027,0.999082057,0.988995078,0.978796205,0.030386149,0.010493486,0.969203208,0.030586224,0.000825321,0.001131235,0.021109256,0.978796205
2028,0.999081956,0.989086993,0.010190901,0.000609709,0.010306628,0.998863619,0.020496319,0.000918548,0.979799203,0.021214691,0.010190901
2029,0.999081553,0.989094762,0.99977339,0.020501565,0.020590857,0.978687743,0.999370819,0.000930252,0.969099891,0.999994148,0.99977339
2030,0.99908125,0.010599324,0.999570288,0.021316898,0.030389075,0.020903228,0.000427896,0.000931362,0.030271634,0.010299061,0.999570288
2031,0.999081149,0.010710914,0.001024185,0.020497731,0.010205834,0.000230848,0.030489769,0.001033165,0.03028475,0.000408827,0.001024185
2032,0.999080745,0.989385541,0.98990505,0.030588948,0.011211051,0.989477558,0.988983273,0.001037907,0.030385645,0.021093617,0.98990505
2033,0.999080645,0.989485427,0.000222171,0.000207238,0.021092003,0.000426685,0.011211959,0.979698711,0.03048543,0.010712831,0.000222171
2034,0.999080342,0.989496324,0.99938787,0.020905751,0.020286255,0.998860895,0.030282934,0.979806064,0.030493704,0.021303378,0.99938787
2035,0.999079938,0.01090655,0.000621211,0.020793757,0.03058683,0.000108159,0.011199448,0.979810907,0.020200595,0.030378481,0.000621211
2036,0.999079737,0.011026312,0.999770262,0.001112166,0.021301259,0.969515377,0.000510226,0.969315908,0.998971779,0.021217113,0.999770262
2037,0.999079131,0.989797395,0.989884669,0.011204291,0.020591765,0.968998492,0.011218215,0.998862308,0.998976521,0.011205804,0.989884669
2038,0.99907903,0.989800321,0.969718479,0.001133354,0.999268814,0.979701839,1.01E-06,0.998862409,0.998976925,0.030284245,0.969718479
2039,0.999078929,0.989890723,0.999185172,0.001029432,0.021104009,0.010708695,0.010711217,0.998872801,0.998977227,0.999470604,0.999185172
2040,0.999078828,0.989901619,0.000725738,0.010719087,0.000527782,0.969407924,0.010605681,0.998973595,0.998982676,0.021008462,0.000725738
2041,0.999078728,9.18E-06,0.979797689,0.021190275,0.001119531,0.979206646,0.000825321,0.0205957,0.99907903,0.021108953,0.979797689
2042,0.999078627,2.05E-05,0.998862409,0.010313388,0.020297556,0.000207844,0.010694973,0.999279912,0.020482799,0.021112586,0.998862409
2043,0.999078223,0.000210265,0.99897864,0.030590058,0.02058773,0.000306418,0.000515674,0.020705676,0.020497529,0.021190678,0.99897864
2044,0.999077416,0.000231958,0.010520828,0.011221847,0.021314779,0.999481904,0.989896978,0.999480592,0.020504289,0.010396929,0.010520828
2045,0.999076811,0.9788971,0.010914924,0.011113385,0.010612441,0.978906383,0.999481904,0.999485234,0.020504592,1.36E-05,0.010914924
2046,0.99907671,0.979005865,0.999071766,0.999386962,0.011210042,0.000823202,0.030492291,0.020887085,0.999182448,0.000322561,0.999071766
2047,0.999076508,0.000405598,0.988888431,0.011020158,0.010601746,0.000521325,0.000206835,0.020906255,0.02058662,0.030282127,0.988888431
2048,0.999075903,0.979291196,0.979392798,0.011016727,0.021321943,0.020890011,0.999483619,0.999585927,0.020592875,0.01120197,0.979392798
2049,0.999075701,0.979296039,0.010406918,0.001134766,0.021100377,0.989784278,0.988884698,0.999769758,0.020684992,0.02060468,0.010406918
2050,0.9990756,0.979309458,0.00081725,0.001113074,0.020893442,0.999265686,0.989588542,0.999795183,0.999370617,0.010695982,0.00081725
2051,0.999075499,0.000726646,0.979805862,0.000727251,0.010904734,0.000310353,0.999089523,0.99997861,0.999370819,0.020588335,0.979805862
2052,0.999075297,0.979398246,0.000420127,0.000308941,0.011025808,0.999174981,0.999779847,0.010191002,0.999387668,0.021206418,0.000420127
2053,0.999074894,0.000808573,0.979401374,0.010800005,0.020805764,0.989094863,0.98938201,0.010308343,0.020787199,0.021300755,0.979401374
2054,0.999074793,0.000908358,0.999375056,0.999380303,0.000928638,0.00052647,0.999575131,0.010315507,0.020798398,0.010292503,0.999375056
2055,0.99907449,0.000917136,0.010493687,0.020994135,0.010612643,0.000111993,0.010814029,0.989078921,0.999468586,0.0103937,0.010493687
2056,0.999073986,0.000922382,0.999577855,0.999878422,0.011204291,0.000104729,0.020594086,0.010493082,0.020901412,0.011018543,0.999577855
2057,0.999073784,0.000932573,1.01E-07,0.010909678,0.030270524,0.969216122,0.021313568,0.010497824,0.020903127,0.000830568,1.01E-07
2058,0.999073481,0.97959035,0.979188586,0.021094324,0.010916438,0.999469191,0.030380096,0.010511546,0.999572911,0.020405211,0.979188586
2059,0.99907338,0.001022975,0.010308242,0.010804141,0.02130923,0.999675421,0.989899803,0.010593977,0.020991108,0.020613054,0.010308242
2060,0.999073279,0.001034174,0.010306124,0.000710301,0.020590252,0.000827137,0.000310353,0.01060891,0.020992016,0.021193503,0.010306124
2061,0.999073178,0.979697299,0.000309445,0.030470296,0.000727453,0.979101312,0.010090107,0.010618192,0.021005738,0.020691551,0.000309445
2062,0.999072876,0.969005353,0.969710407,0.000524957,0.030587132,0.968697522,0.999574526,0.989284747,0.999671889,0.99978358,0.969710407
2063,0.999072775,0.030282732,0.000418714,0.010811608,0.000305611,0.99917256,0.020900706,0.989388972,0.99968551,0.000610112,0.000418714
2064,0.999071867,0.030284952,0.999995561,0.999681273,0.010596096,0.989798505,0.020703759,0.010805857,0.02109503,0.030482504,0.999995561
2065,0.999071766,0.030376867,0.988880562,0.010504382,0.020596507,0.999481299,0.011205905,0.989481291,0.021102395,0.999184163,0.988880562
2066,0.999071665,0.969524054,0.999673403,0.020391691,0.030290905,0.969006967,0.989686713,0.989487445,0.021112586,0.010398947,0.999673403
2067,0.999071564,0.969624545,0.999880843,0.010108975,0.010397736,0.000109269,0.999482711,0.010896965,0.021114402,0.010904229,0.999880843
2068,0.999071463,0.969716864,0.9995716,0.010705466,0.020699017,0.001012885,0.001028019,0.989579159,0.999773692,0.020497529,0.9995716
2069,0.999071261,0.020198779,0.000729067,0.010807168,0.010300272,0.999573517,0.011114091,0.989682677,0.021206014,0.010392389,0.000729067
2070,0.99907116,0.998860996,0.979815548,0.010507006,0.010906853,0.999999092,0.010606589,0.989780545,0.999870653,1.08E-05,0.979815548
2071,0.99907106,0.998961891,0.98988366,0.010517398,0.010595894,0.010498833,0.010518205,0.989781756,0.999971447,0.000824312,0.98988366
2072,0.999070959,0.998981263,0.000619395,0.011212464,0.010903624,0.010806361,0.021210252,0.989882651,0.010090713,0.010394205,0.000619395
2073,0.999070454,0.020407632,0.9999887,0.030485935,0.010414888,0.001010464,0.020893442,0.989897382,0.010100399,0.000304501,0.9999887
2074,0.999070353,0.999072876,0.999989002,0.020999482,0.01009374,0.000825725,0.989681567,2.32E-06,0.010203211,0.030290299,0.999989002
2075,0.999070252,0.020482799,0.999679255,0.03028697,0.010718784,0.010108975,0.999571802,5.45E-06,0.010205027,0.001031752,0.999679255
2076,0.999070151,0.020500455,8.88E-06,0.010098583,0.020482496,0.969315908,0.99977339,0.000107453,0.988984887,0.020282018,8.88E-06
2077,0.999070051,0.020507215,0.998866646,0.021114603,0.030484421,0.000203707,0.001131033,0.978787024,0.010406918,0.011117622,0.998866646
2078,0.999069546,0.020507821,0.000405094,1.78E-05,0.010812314,0.010506703,0.020893341,0.978995574,0.010502667,0.020611339,0.000405094
2079,0.999069344,0.999181338,0.999385549,0.020486734,0.010917648,0.999668762,0.989486234,0.979104339,0.010511546,0.999282636,0.999385549
2080,0.999069143,0.999280215,0.00010372,0.030480587,0.020296446,0.00103599,0.001030744,0.000515977,0.010515683,0.020702145,0.00010372
2081,0.999068941,0.999568674,0.999384036,0.010197964,0.999970539,0.978903961,0.998866243,0.000606379,0.010597307,0.021108852,0.999384036
2082,0.999068335,0.999678145,0.000113507,0.030596616,0.01060891,0.000928133,0.011003712,0.979295333,0.010606791,0.021306607,0.000113507
2083,0.999067831,0.999769758,0.979089608,0.999387668,0.011008252,0.989800321,0.999584413,0.97931188,0.989286967,0.010596096,0.979089608
2084,0.99906773,0.999875294,0.999482509,0.01050075,0.010299263,0.000606379,0.000928436,0.000718776,0.01070476,0.010614055,0.999482509
2085,0.999067528,0.999982848,0.989682274,0.020281917,0.021193201,0.000309445,0.989287875,0.000719079,0.989581479,0.020789721,0.989682274
2086,0.999067427,0.999985875,0.989588542,0.020299069,0.020294932,0.979817364,0.000428703,0.000720693,0.01100008,0.020887489,0.989588542
2087,0.999067326,0.988777851,0.99947696,0.011114797,0.020600241,0.979708599,0.999264576,0.979389367,0.011003914,0.010415696,0.99947696
2088,0.999067226,0.010196652,0.000825321,0.010708695,0.010496815,0.000731388,0.00011835,0.979396127,0.011021469,0.020903329,0.000825321
2089,0.999066721,0.01019746,0.979208765,0.021295306,0.999181338,0.978799131,0.999377881,0.000819772,0.989685199,0.021099267,0.979208765
2090,0.99906662,0.010203312,0.979202005,0.000124,0.011215995,0.969011709,0.010201395,0.000911385,0.011104102,0.0203927,0.979202005
2091,0.999066519,0.010204926,0.999183053,0.020597214,0.020794464,0.010718784,0.010107764,0.000928638,0.011104405,0.020484817,0.999183053
2092,0.999066217,0.010205935,0.000319232,0.030385948,0.01090211,0.98988255,0.988882983,0.0009356,0.011210244,0.011125088,0.000319232
2093,0.999066015,0.988981558,0.979194337,0.020393305,0.020802737,0.001113881,0.010303702,0.001010665,0.989884064,0.011221544,0.979194337
2094,0.999065712,0.988990436,0.98979689,0.010107259,0.000113406,0.999577351,0.999776316,0.979690842,0.989887696,7.97E-06,0.98979689
2095,0.99906551,0.01040036,0.010204119,0.020895359,0.021006948,0.999776316,0.011119337,0.979708599,1.22E-05,0.00021985,0.010204119
2096,0.999065309,0.010501355,0.000418815,0.010524158,0.010293411,0.97910898,0.020206145,0.001114184,0.000205422,0.020596003,0.000418815
2097,0.999065006,0.010518205,0.989894557,0.020380996,0.030283237,0.001024185,0.999370617,0.979797387,0.000410138,0.000715245,0.989894557
2098,0.999064703,0.010612037,0.989594798,0.020584198,0.020190203,0.998863821,0.999583707,0.020194844,0.000413367,0.030586527,0.989594798
2099,0.999064602,0.989298772,0.020584198,0.020298867,0.010901909,0.978793683,0.030369804,0.998875121,0.979107467,0.020799206,0.020584198
2100,0.999064501,0.010713437,0.969622628,0.020802232,0.020388765,0.999283847,1.80E-05,0.998972586,0.000527782,0.010619302,0.969622628
2101,0.9990643,0.989493196,0.97909092,0.030274358,0.011206612,0.999991525,0.001019141,0.998981263,0.000822395,0.011209739,0.97909092
2102,0.999063795,0.989584405,0.999789533,7.06E-06,0.010510234,0.000408423,0.020702851,0.998982171,0.000929647,0.02038715,0.999789533
2103,0.999063089,0.000112801,0.989780243,0.000625448,0.010713437,0.000515977,0.020383518,0.020397139,0.001134867,0.020403596,0.989780243
2104,0.999062887,0.000207844,0.979093039,0.011102992,0.021322548,0.000711209,0.999773995,0.999062887,0.030290299,0.020694981,0.979093039
2105,0.999062685,0.978904668,0.000313077,0.011116613,0.030371923,0.999085286,0.999889722,0.999068335,0.030376464,0.999988296,0.000313077
2106,0.998982776,0.000408928,0.010306628,0.999386356,0.01121317,0.989885678,0.999688133,0.999086698,0.969417004,0.010205128,0.010306628
2107,0.998982676,0.000424566,0.999575736,0.010812314,0.010815139,0.978889432,0.998869774,0.02048179,0.969502765,0.010701531,0.999575736
2108,0.998982474,0.000431326,0.999283948,0.010622228,0.010803233,0.000523746,0.988886817,0.999176596,0.03058572,0.001015609,0.999283948
2109,0.998982171,0.979101312,0.000110682,0.999475346,0.010105948,0.000828247,0.001112771,0.999183154,0.020181728,0.999990919,0.000110682
2110,0.99898207,0.000509217,0.999986076,0.010496512,0.020492989,0.000709191,0.021088068,0.020608514,0.020404,0.01031702,0.999986076
2111,0.998981667,0.000523443,0.000931866,0.030472415,0.011025001,0.999484527,0.998875525,0.020611541,0.020407834,0.010496815,0.000931866
2112,0.998981364,0.000529194,0.999182549,0.021197943,0.030487044,0.97939643,0.989905151,0.99938565,0.999064602,0.00072039,0.999182549
2113,0.998981263,0.979206949,0.000317214,0.021108045,0.020583391,0.000213595,0.000309445,0.999388677,0.999086396,0.03029262,0.000317214
2114,0.998981162,0.000723619,0.02061487,0.010599728,0.020704263,0.969716864,0.998872195,0.99947464,0.999087203,0.021197035,0.02061487
2115,0.998981061,0.000813012,0.979095662,0.021194815,0.021109357,0.998968348,0.020584097,0.020899495,0.020500355,0.021213077,0.979095662
2116,0.998980759,0.000816745,0.000922483,0.001131739,0.011218416,0.000913403,0.010604268,0.020904944,0.999184566,0.010408028,0.000922483
2117,0.998980658,0.979503479,0.989186173,0.010091015,0.010800005,0.999584111,0.999573517,0.020995144,0.020588739,0.000110682,0.989186173
2118,0.998980052,0.000917338,0.001026001,0.000303694,0.011205603,0.989585313,0.989297157,0.999875294,0.020591261,0.979806467,0.001026001
2119,0.998979951,0.000930151,0.01009374,0.030273147,0.010201697,0.969524054,0.011216701,0.999986985,0.020595499,0.020895258,0.01009374
2120,0.998979649,0.001027212,0.969515982,0.999882054,0.021207629,0.989074785,0.010493486,0.010090511,0.020604882,0.021100175,0.969515982
2121,0.998979346,0.001032358,0.969702739,0.02058773,0.030592782,0.020488752,0.011000584,0.988778153,0.020606093,0.020299069,0.969702739
2122,0.998978942,0.97970305,0.97940097,0.000114112,0.011106221,0.989896877,0.010620109,0.988787335,0.020612953,0.020806672,0.97940097
2123,0.99897864,0.968804773,0.989398859,0.020791437,0.020299473,0.978800039,0.021010379,0.988981961,0.99926952,0.021008865,0.989398859
2124,0.998978438,0.969000812,0.999266191,0.010613046,0.010796272,0.969108467,0.000410239,0.989083361,0.99927063,0.021204198,0.999266191
2125,0.998978337,0.969004243,0.010622228,0.999474539,0.011108037,0.999384742,0.010394709,0.989293727,0.999287378,0.021315485,0.010622228
2126,0.998978034,0.030278898,0.000306418,0.020691147,0.000824817,0.999474034,0.99958623,0.010700522,0.020689835,0.010508923,0.000306418
2127,0.998977631,0.969298856,0.978697934,0.010210475,0.010702742,0.01030683,0.989189401,0.989398254,0.020698714,0.010294521,0.978697934
2128,0.998977328,0.969301782,0.000714337,0.03058804,0.010299162,0.010089704,0.030588141,0.989399162,0.020888397,0.011106322,0.000714337
2129,0.998977227,0.030492695,0.010108975,0.021006848,0.021092911,0.010703246,0.989584809,0.010800106,0.999581689,0.020597315,0.010108975
2130,0.998977126,0.030494309,0.020501263,0.020500657,0.999164287,0.9888736,0.030597222,0.989487143,0.020988989,0.020694174,0.020501263
2131,0.998976925,0.969721506,0.000815837,0.021197236,0.000302887,0.020611541,0.99979256,0.989881642,0.030375757,0.021303882,0.000815837
2132,0.998976521,0.969725743,0.979698409,0.02039724,0.01029331,0.999570994,0.010097775,0.989893144,0.020994236,0.030575529,0.979698409
2133,0.998976117,0.020181829,0.989299377,0.01011069,0.020291098,0.000118047,0.001129217,2.01E-05,0.021007251,0.010110791,0.989299377
2134,0.998975815,0.020194844,0.000214099,0.020996052,0.011119438,0.000725133,0.001136683,0.00010483,0.999674916,0.011099158,0.000214099
2135,0.998975714,0.020281211,0.020589142,0.000719079,0.020795775,0.988975605,0.999787112,0.000216521,0.999687831,0.020786695,0.020589142
2136,0.99897531,0.020286356,0.989685805,0.999375056,0.011119741,0.020190203,0.998872902,0.978901136,0.021097249,0.010596701,0.989685805
2137,0.998975007,0.020295033,0.000830669,0.021213481,0.010204926,0.000204111,0.030489668,0.000314086,0.021102092,0.020403697,0.000830669
2138,0.998974806,0.998971073,0.999978005,0.000206835,0.010201395,0.99938565,0.020605487,0.978997794,0.02110744,0.0210128,0.999978005
2139,0.998974705,0.998976925,0.000505282,0.001113175,0.011216701,0.979500654,0.000620101,0.000715447,0.021117731,0.010811002,0.000505282
2140,0.998974503,0.020391993,0.998868664,0.010509932,0.010712327,0.010594381,0.979095964,0.979511349,0.999784286,0.01101925,0.998868664
2141,0.998974402,0.99907338,0.010812314,0.020496016,0.021312257,0.000219447,0.999973263,0.000929647,0.02120107,0.000715648,0.010812314
2142,0.9989742,0.999073784,0.020396534,0.020592169,0.010518205,0.000417302,0.998971375,0.979796176,0.999875294,0.000920263,0.020396534
2143,0.998974099,0.999168726,0.998966734,0.001120036,0.020591564,0.000410037,0.021294802,0.96942326,0.999878623,0.030490576,0.998966734
2144,0.998973898,0.999171147,0.010394407,0.020491879,0.010096766,0.020696595,0.001036999,0.998866344,0.02128895,0.999676833,0.010394407
2145,0.998973797,0.020583997,0.999486142,0.000524856,0.020797591,0.010611129,0.999585927,0.998968248,0.021310642,0.011222755,0.999486142
2146,0.998973696,0.020614164,0.99987933,0.010801316,0.010804848,0.020908576,0.999389081,0.03026901,0.999987085,0.988789453,0.99987933
2147,0.998973595,0.020689936,0.999977097,0.011108138,0.020383014,0.99997064,0.98878572,0.999071564,0.999999496,0.010611735,0.999977097
2148,0.998973494,0.999386659,0.000211779,0.030385443,0.010703549,0.010312177,0.989889714,0.999078728,0.030583904,0.011204291,0.000211779
2149,0.998973393,0.99947918,0.001133656,0.000115626,0.020997666,0.000625448,0.021006343,0.999265282,0.010397534,0.000321048,0.001133656
2150,0.99897309,0.020994639,0.000908358,0.011212564,0.010614963,0.00083198,0.989493701,0.999277995,0.010399451,0.020407632,0.000908358
2151,0.998972586,0.021007756,0.999375662,0.021291977,0.010909274,0.968812643,0.99977682,0.99928082,0.010612945,0.010508519,0.999375662
2152,0.998972182,0.021214389,0.979196052,0.021199254,0.020389673,0.010313287,0.999690656,0.999282233,0.010614055,0.021007251,0.979196052
2153,0.998972082,0.99997972,0.010404093,0.000807665,0.020706887,0.989179211,0.989887191,0.999387668,0.989285151,0.999787112,0.010404093
2154,0.998971981,0.9999887,0.999674614,0.030288887,0.030374647,0.001026708,0.020289282,0.020894652,0.010900395,0.030278394,0.999674614
2155,0.998971779,0.999995662,1.05E-05,0.030474332,0.02019999,0.020201705,0.0002255,0.9995716,0.989588542,0.020612348,1.05E-05
2156,0.998971678,0.988772806,0.989483006,0.010395718,0.0212044,0.02058773,0.020793757,0.999672596,0.011008252,0.02131599,0.989483006
2157,0.998971577,0.988783702,0.999872771,0.020804351,0.0103937,0.999791652,0.00093338,0.999677237,0.989692867,0.020300078,0.999872771
2158,0.998971375,0.988890651,0.020394818,0.011106221,0.020784576,0.010208962,0.989196666,0.999679255,0.011111266,0.999487958,0.020394818
2159,0.998971073,0.010294218,0.001113982,0.000126522,0.020194844,0.00112952,0.999078828,0.999788524,0.989790837,0.000425676,0.001113982
2160,0.998970366,0.010300171,0.020991209,0.000309344,0.020298867,0.968805581,0.020612651,0.999878321,0.011207318,0.998966633,0.020991209
2161,0.998970165,0.010306124,0.969115227,0.00103599,0.011014911,0.999088514,0.999371525,0.999891841,0.989882348,0.020604781,0.969115227
2162,0.998969559,0.010309251,0.999685611,1.38E-05,0.020188286,0.99977682,0.011121456,0.999979115,1.71E-05,0.020794161,0.999685611
2163,0.998969458,0.010407523,0.978988713,0.020182636,0.000508107,0.010493486,0.989282729,0.999987085,0.000110884,0.999884677,0.978988713
2164,0.998968954,0.010409541,0.000213595,0.021209647,0.000408928,0.978682396,0.999487151,0.999987388,0.000118047,0.030582088,0.000213595
2165,0.998968853,0.01041398,0.999978207,0.020900403,0.99916691,0.97959035,0.999581185,0.999995662,0.000206936,0.011118026,0.999978207
2166,0.998968651,0.010493587,0.999170643,0.030282328,0.020203925,0.999771675,0.000710402,0.01011301,0.000207339,0.030271432,0.999170643
2167,0.998968348,0.010522039,0.010412366,0.001030945,0.010507006,0.001135069,0.00083198,0.989089818,0.978905273,0.020481689,0.010412366
2168,0.998968248,0.989179413,0.020601048,0.011009765,0.010716262,0.989893749,0.988980952,0.010498228,0.000318727,0.020791538,0.020601048
2169,0.998968147,0.989191016,0.978993253,0.020896065,0.020293015,0.000204212,0.021112888,0.010515884,0.000417302,0.010721206,0.978993253
2170,0.99896744,0.010612643,0.000203707,0.02081101,0.000609406,0.020200091,0.030486338,0.010518205,0.000610516,0.011108037,0.000203707
2171,0.998967339,0.010617486,0.999788928,0.02119764,0.000625448,0.999776114,0.011224773,0.010523149,0.979296342,0.000711007,0.999788928
2172,0.998967037,0.989279702,0.988992656,0.010913512,0.021093012,0.010292301,0.979506103,0.010524158,0.000915219,0.001134665,0.988992656
2173,0.998966734,0.01070032,0.999690252,0.010599022,0.00073048,0.01050418,0.010907861,0.989187283,0.969115227,0.999080745,0.999690252
2174,0.998966633,0.989482602,0.999281728,0.021313972,0.021313972,0.989485528,0.030481596,0.989189401,0.030385443,0.999184466,0.999281728
2175,0.998966431,0.989582791,0.999783479,0.999287076,0.000214705,0.00073159,0.0009356,0.989192933,0.030488659,0.010797281,0.999783479
2176,0.99896623,0.989597118,0.010597105,0.030486742,0.011007445,0.000927931,0.989489463,0.010609515,0.030495721,0.030587233,0.010597105
2177,0.998966129,0.011008353,0.978683506,0.00101117,0.020484615,0.989283637,0.989285252,0.989381102,0.030588343,0.030274459,0.978683506
2178,0.998966028,0.011014911,0.999688436,0.02048633,0.020812625,0.999768749,0.011012288,0.989477759,0.998874112,0.020483909,0.999688436
2179,0.998965725,0.011027523,0.001126291,0.021314678,0.010524158,0.979203014,0.010597105,0.989588643,0.020281917,0.999368296,0.001126291
2180,0.998965523,0.989688428,0.000316003,0.021091398,0.010493587,0.999779645,0.010499237,0.989697811,0.998968853,0.020991512,0.000316003
2181,0.998964817,0.989796991,0.999977198,0.010796272,0.001117412,0.979394109,0.000714438,0.989704773,0.998972182,0.021091801,0.999977198
2182,0.998964514,0.989801027,0.010409945,0.020181829,0.010409137,0.020986467,0.021314376,0.989790736,0.998981263,0.989187383,0.010409945
2183,0.998963909,1.43E-05,0.999281224,0.020998171,0.02028222,0.000625953,0.01039925,0.989804659,0.999084075,0.020894955,0.999281224
2184,0.998963707,0.978689862,0.00021874,0.000529699,0.00060537,0.020193533,0.989288985,0.000210265,0.030275064,0.989190713,0.00021874
2185,0.998963304,0.000116332,0.000223785,0.000104729,0.001018132,0.978694402,0.021298031,0.000211375,0.030282934,0.011025808,0.000223785
2186,0.998962698,0.978783089,0.979793452,0.020684286,0.010802527,0.999064703,0.988776943,0.000310656,0.999168322,0.030280512,0.979793452
2187,0.998962597,0.000208449,0.969421343,0.0206069,0.011107331,0.999070454,0.999173771,0.000418714,0.999168928,0.999266796,0.969421343
2188,0.998962194,0.000209155,0.989079829,0.03038736,0.021199254,0.01091442,0.021208436,0.979104137,0.020589848,0.020700429,0.989079829
2189,0.998961891,0.000230848,0.989599741,0.030473222,0.021113695,0.979004251,0.020800719,0.000520517,0.020612146,0.010504584,0.989599741
2190,0.998961689,0.978891248,0.969408025,0.020496621,0.010908063,0.000626558,0.988773008,0.979205839,0.999264778,0.01059771,0.969408025
2191,0.99887724,0.978903961,0.989193034,0.030284245,0.01041166,0.979803037,1.87E-05,0.97939643,0.999273455,0.000817855,0.989193034
2192,0.998877139,0.000313582,0.999978812,0.02019999,0.010395718,0.969602651,0.999066015,0.000808976,0.02079406,0.020585106,0.999978812
2193,0.998876837,0.000321552,0.999882155,0.999272345,0.010608607,0.989288783,2.06E-05,0.000821084,0.999468182,0.999278601,0.999882155
2194,0.998876635,0.978989722,0.989792047,0.020200898,0.010210475,0.999576544,0.010096766,0.979501058,0.999476052,0.021302167,0.989792047
2195,0.998876231,0.978995574,0.989583497,0.021313367,0.000707678,0.000314187,0.999685914,0.000924804,0.020887489,0.999477666,0.989583497
2196,0.998875929,0.979004251,0.998973393,0.010620109,0.999985068,0.999782571,0.989389274,0.001009455,0.99958179,0.999577553,0.998973393
2197,0.998875626,0.97910898,0.000419622,0.010609717,0.010194433,0.999789029,0.999669468,0.979697904,0.999583505,0.010697092,0.000419622
2198,0.998875525,0.979109384,0.989292617,0.010092226,0.010208861,0.988888936,0.030591471,0.969415087,0.030375354,0.000615056,0.989292617
2199,0.998875424,0.979205839,0.000729471,0.000205523,0.010804242,0.999073784,0.999376973,0.020182636,0.020990402,0.021088068,0.000729471
2200,0.998875323,0.000606379,0.010907761,0.000912595,0.020191111,0.999875596,0.011111266,0.998866646,0.021011388,0.999878623,0.010907761
2201,0.998875121,0.000709998,0.999773188,0.010401671,0.020800215,0.010516691,0.999795587,0.998869169,0.999681273,0.020200898,0.999773188
2202,0.998875021,0.000720693,0.989688428,0.000626962,0.020404605,0.989190209,0.020487238,0.998869774,0.999689849,0.030274257,0.989688428
2203,0.998874617,0.000725334,0.979109484,0.020191111,0.030374849,0.98990172,0.021004325,0.998870581,0.021101689,0.000524957,0.979109484
2204,0.998874213,0.000827137,0.999788221,0.02129914,0.010101408,0.978696824,0.021198649,0.998875525,0.021106431,0.999479382,0.999788221
2205,0.998874112,0.000920768,0.999084479,0.02038261,0.000628879,0.979186972,0.000912495,0.998963304,0.999777627,0.03047635,0.999084479
2206,0.99887381,0.001009455,0.98988477,0.010901909,0.021011691,0.010513564,0.011000281,0.998966129,0.999779242,0.989699224,0.98988477
2207,0.998873507,0.001012078,0.999787011,0.01110612,0.010910687,0.999170441,0.999285361,0.998971779,0.9997858,0.030288382,0.999787011
2208,0.998872902,0.001037907,0.02060246,0.011109349,0.010112809,0.999686721,0.030383022,0.99907338,0.999888309,0.999775408,0.02060246
2209,0.998872801,0.001117816,0.999570994,0.000620101,0.010598215,0.989590762,0.999770767,0.999074894,0.021310037,0.011113385,0.999570994
2210,0.998872599,0.979812924,0.999067326,0.000323167,0.020505298,0.000615056,0.010915933,0.020507014,0.999988094,0.000120065,0.999067326
2211,0.998872498,0.968606515,0.978886506,0.01010393,0.020698714,0.001012986,0.999875596,0.999168726,0.999993341,0.000213696,0.978886506
2212,0.998872296,0.969004848,0.010610221,0.999567867,0.010795767,0.020709106,0.999780049,0.020607101,0.030472516,0.001118119,0.010610221
2213,0.998872195,0.969010902,0.998861501,0.011212161,0.030573814,0.020992823,0.020592673,0.999272345,0.030581987,0.0011273,0.998861501
2214,0.998871287,0.969100194,0.000424869,0.020203925,0.020791739,0.000103115,0.020493897,0.999273859,0.010194433,0.021204299,0.000424869
2215,0.998871187,0.969410951,0.999795688,0.01059428,1.93E-05,0.989692161,0.979509533,0.999382018,0.010308041,0.010999878,0.999795688
2216,0.998870783,0.969517092,0.010811002,0.021007352,1.78E-05,0.979105852,0.999781159,0.999387265,0.988975201,0.000808573,0.010811002
2217,0.998870581,0.969712223,2.04E-05,0.01061012,0.020699824,0.969010902,0.989906361,0.999466568,0.988987006,0.010418722,2.04E-05
2218,0.998869976,0.969718479,0.978890643,0.000207642,0.010911897,0.99957049,0.020901614,0.999486142,0.010395718,0.020486532,0.978890643
2219,0.998869774,0.998861803,0.000916631,0.020484615,0.010497723,0.000528488,0.99987378,0.999577855,0.010500044,0.999888007,0.000916631
2220,0.998869471,0.998874112,0.999272547,0.020202008,0.020690643,0.979508222,0.988791875,0.99967764,0.010520223,0.010817359,0.999272547
2221,0.99886937,0.999065712,0.02058773,0.010409137,0.020987879,0.999670578,0.010409137,0.999683291,0.010608607,0.999772482,0.02058773
2222,0.998869169,0.99906662,0.989900711,0.999883164,0.020284237,0.01059539,0.999484729,0.999793367,0.989295139,0.010308141,0.989900711
2223,0.998869068,0.999070959,0.999387365,0.020180618,0.020186874,0.989890319,0.979093039,0.999876202,0.010807774,0.030591572,0.999387365
2224,0.998868664,0.999168928,0.98889166,0.021289555,0.020295235,0.000908358,0.021305497,0.010091419,0.010811608,0.020184553,0.98889166
2225,0.998868563,0.999174275,0.999973767,0.020194945,0.011007142,0.9991771,0.000229435,0.010109479,0.010818973,0.020197266,0.999973767
2226,0.998868261,0.020594893,0.010514573,0.020614467,0.030379188,0.999285461,0.001012885,0.9888736,0.011000887,0.999584111,0.010514573
2227,0.998866646,0.020600039,0.998963707,0.020600342,0.020497731,0.010198872,0.998971577,0.988975605,0.011016021,0.011211959,0.998963707
2228,0.998866344,0.020605386,0.999982949,0.000609406,0.020888498,0.988989327,0.999265686,0.010408028,0.011105313,0.020888094,0.999982949
2229,0.998866243,0.999267199,0.988983777,0.999474841,0.011200558,0.00041256,0.020809093,0.010412467,0.011109046,0.010305821,0.988983777
2230,0.998865637,0.999268007,1.99E-05,0.020397139,0.011225883,0.010198368,0.989802641,0.989076096,0.011124584,0.000514766,1.99E-05
2231,0.998865436,0.999284352,0.010597508,0.021116319,0.010299464,0.010913512,0.999877614,0.010494898,0.011200558,0.000826128,0.010597508
2232,0.998864931,0.020683983,0.97910222,0.02119542,0.011116512,0.020194844,0.001019544,0.989277382,0.011216701,0.020406018,0.97910222
2233,0.99886483,0.020699622,0.00062565,0.020503987,0.021003316,0.989393714,0.999891841,0.989299377,0.011217206,0.020588839,0.00062565
2234,0.998864729,0.999368195,0.999583304,0.00011835,0.021294197,0.000714438,0.999264374,0.989387458,0.989894557,0.99957614,0.999583304
2235,0.998864023,0.99938676,0.010522039,0.000408928,0.010398947,0.001117917,0.000617881,0.989481089,8.88E-06,0.010914016,0.010522039
2236,0.998863922,0.020796784,0.000413367,0.02119875,0.000714438,0.999476758,0.021091902,0.010901909,0.978698236,0.011001088,0.000413367
2237,0.998863821,0.020797087,0.979388156,0.010796372,0.02090565,0.010807168,0.999571297,0.989801431,0.978787024,0.030374547,0.979388156
2238,0.99886372,0.020906255,0.020496722,0.021097754,0.030373033,0.989686108,0.988778759,0.989905151,0.979001426,0.030384031,0.020496722
2239,0.998863619,0.020907062,0.998860996,0.021291876,0.011217407,0.000120065,0.021206821,1.22E-05,0.979090516,0.020889608,0.998860996
2240,0.998862711,0.020908475,0.999175082,0.0005185,0.010815643,0.020794867,4.64E-06,1.33E-05,0.979102825,0.020899899,0.999175082
2241,0.998862409,0.021118538,0.01071949,0.000526773,0.021294802,0.989482501,0.020996455,1.38E-05,0.000508814,0.030571595,0.01071949
2242,0.998862308,0.999890226,0.999678649,0.021100579,0.020606093,0.000725536,0.020803847,0.00022994,0.000525562,0.010695276,0.999678649
2243,0.998862207,0.999891841,2.12E-05,0.030473827,0.010596903,0.000918447,0.020598122,0.9788971,0.979308853,0.001124172,2.12E-05
2244,0.998862005,0.021295105,0.988886817,0.999486545,0.010405505,0.00092218,0.999675824,0.979001829,0.979309963,0.001130024,0.988886817
2245,0.998861803,0.999979115,0.988778759,0.020696696,0.020193533,0.968704585,0.979816759,0.000419521,0.000820377,0.020391792,0.988778759
2246,0.998861501,0.999997881,0.001023782,0.030376867,0.030479276,0.998872599,0.989594596,0.979085875,0.000828348,0.020905953,0.001023782
2247,0.998860996,0.030476249,0.020683883,0.021199557,0.011114091,0.978698236,0.020401074,0.979188586,0.000915824,0.021196934,0.020683883
2248,0.998860895,0.010090713,0.999670073,0.020190203,0.000931362,0.989899803,0.020587326,0.000619395,0.000924804,0.021308826,0.999670073
2249,0.998860794,0.010092024,0.999287177,0.011000988,0.001032055,0.01049621,0.999267099,0.979289683,0.00092773,0.011106927,0.999287177
2250,0.989906462,0.010096867,0.000221565,0.999487756,0.020998877,0.999386356,0.999274161,0.979392798,0.00101682,0.010298456,0.000221565
2251,0.989906361,0.010101408,0.99928082,0.010612138,0.011207318,0.000303492,0.001009656,0.979397842,0.001019948,0.001131033,0.99928082
2252,0.98990616,0.010202908,0.978891652,0.010622732,0.001030744,0.979109384,0.999772381,0.000817754,0.030278394,0.020604176,0.978891652
2253,0.989905958,0.988872389,0.001126392,0.000124504,0.020594893,0.999176697,0.010900496,0.000823909,0.030282127,0.010807673,0.001126392
2254,0.989905857,0.988885102,0.010906247,0.000101601,0.02058662,0.999677741,0.989694482,0.000914311,0.030281824,0.020887993,0.010906247
2255,0.989905151,0.988888331,0.989704773,0.020693468,0.030478267,0.001125181,0.001114991,0.00102358,0.030284649,0.030472415,0.989704773
2256,0.98990505,0.01030239,0.010505391,0.030582088,0.020588537,0.020614366,0.020290796,0.001026708,0.030384232,0.010705466,0.010505391
2257,0.989904949,0.989088809,0.999477465,0.999886594,0.999484931,0.96942326,0.01120641,0.979693263,0.030492291,0.000522636,0.999477465
2258,0.989904848,0.989093854,0.000622926,0.030281219,0.020182132,0.999777325,0.021198952,0.001113175,0.030589554,0.000927326,0.000622926
2259,0.989903738,0.010494898,0.01081635,0.021314073,0.001126392,0.999870653,0.020797289,0.001113276,0.03059702,0.000405598,0.01081635
2260,0.989903536,0.010511344,0.989178101,1.03E-05,0.030585518,0.010191002,0.010818771,0.001127401,0.020191717,0.020808589,0.989178101
2261,0.989903133,0.010518911,0.999993139,0.0207986,0.020612449,0.000810893,0.979498737,0.96920795,0.02019656,0.010521534,0.999993139
2262,0.989903032,0.010594381,0.010099188,0.010294521,0.020298968,0.999062887,0.999670275,0.969418619,0.020203925,0.020180114,0.010099188
2263,0.989902931,0.010600737,0.021010379,0.999999395,0.010516086,0.000513556,0.999870249,0.969702739,0.020287769,0.999584514,0.021010379
2264,0.989902729,0.010603966,0.989496627,0.020487137,0.020500355,0.020401175,0.979391587,0.020296748,0.020289282,0.021297223,0.989496627
2265,0.989902023,0.010608001,0.979299066,0.001031551,0.010801316,0.989390384,0.999287177,0.020405715,0.020484211,2.02E-06,0.979299066
2266,0.98990172,0.010611129,0.020997565,0.021110467,0.020897175,0.00081725,0.020792446,0.020481689,0.020487137,0.979497728,0.020997565
2267,0.989901619,0.010614055,0.000718171,0.00020855,0.030481193,0.969525467,0.999265585,0.020489054,0.999164589,0.979799909,0.000718171
2268,0.989900711,0.010902918,0.999088413,0.020890213,0.021012094,0.010399451,0.000722711,0.02050207,0.020584501,0.020391489,0.999088413
2269,0.989900509,0.010912099,0.010298355,0.021213985,0.020998675,0.999276078,0.010405202,0.999176697,0.02068923,0.020907062,0.010298355
2270,0.989900409,0.989579159,0.020501565,0.020806672,0.010622732,0.969306323,0.020898789,0.9991771,0.999366278,0.999488664,0.020501565
2271,0.989899904,0.989591367,0.989493701,0.010907761,0.021005233,0.999386861,0.989490068,0.020584501,0.020784374,0.000116937,0.989493701
2272,0.989899803,0.989599741,0.979296039,0.020588032,0.010903018,0.000508713,0.01020422,0.020692459,0.020798903,0.000912999,0.979296039
2273,0.989899097,0.011017635,0.000910578,0.011121355,0.020793354,0.969408832,0.011107533,0.99937324,0.999476859,0.03028697,0.000910578
2274,0.989898592,0.989786094,0.999879531,0.010597508,0.030274358,0.969421343,0.030592379,0.999380303,0.999570893,0.020488752,0.999879531
2275,0.98989829,0.989790736,0.998966028,0.020995043,0.010098583,0.020289484,0.000933783,0.020807883,0.021006848,0.999578461,0.998966028
2276,0.989897987,0.98989829,0.010903321,0.021314275,0.010719087,0.999567362,0.021111072,0.999487756,0.999678145,0.999772885,0.010903321
2277,0.989897684,0.978694402,0.998868563,0.010998768,0.000216521,0.968905164,0.999382825,0.999675421,0.021087664,0.021217012,0.998868563
2278,0.989897583,0.000103619,0.998976925,0.020485927,0.020297858,0.999468889,0.010819377,0.999678145,0.021095938,0.021290262,0.998976925
2279,0.989897382,0.978787024,0.000917338,0.021115007,0.010294319,0.999572911,0.999876202,0.999778233,0.021105826,0.011003712,0.000917338
2280,0.989897281,0.978790454,0.020484211,0.020300986,0.010619604,0.989897987,0.001113477,0.999789029,0.999770262,0.030375253,0.020484211
2281,0.98989718,0.978793481,0.001026506,0.011107835,0.999065712,0.968701255,0.979497527,0.999888309,0.999778636,0.02039391,0.001026506
2282,0.989896978,0.000221565,0.989591569,0.020607303,0.020290796,0.979001628,0.989681668,0.999894262,0.021213279,0.020986971,0.989591569
2283,0.989896877,0.978889029,0.001024286,0.030380298,0.010712226,0.00010483,0.979796176,0.999975483,0.999891841,0.999685107,0.001024286
2284,0.989895364,0.97889821,0.989179816,0.021091196,0.010814534,0.000516381,0.99938676,0.999997276,0.021294701,0.999893959,0.989179816
2285,0.989895061,0.000309849,0.999784387,0.021106633,0.010708695,0.001128208,0.979388358,0.010090814,0.021305396,0.020703154,0.999784387
2286,0.989894658,0.978997794,0.000221666,0.01081191,0.999584514,0.99948029,0.010619705,0.988782189,0.030575126,0.999370819,0.000221666
2287,0.989894557,0.00050508,0.000711209,0.010594381,0.000118148,0.010807774,0.020702245,0.988789554,0.010200486,0.999880944,0.000711209
2288,0.989894456,0.000526067,0.979394109,0.011104809,0.000728967,0.010898276,0.989179211,0.010198368,0.988886817,0.999976895,0.979394109
2289,0.989893749,0.000628879,0.01070476,0.011014507,0.020282018,0.00022994,0.999379899,0.01020089,0.010406312,0.010108268,0.01070476
2290,0.989893144,0.000808976,0.979812723,0.020811515,0.011025404,0.999366278,0.988778153,0.010300675,0.989085984,0.030291914,0.979812723
2291,0.989892841,0.979502773,0.989784783,0.999679961,0.010622228,0.999769959,0.001124374,0.98898751,0.010503272,0.020704263,0.989784783
2292,0.989892741,0.000924804,0.99948029,0.020905246,0.030382315,0.02058329,0.030592076,0.989074381,0.010602553,0.020809194,0.99948029
2293,0.989892438,0.979603366,0.989892841,0.020699824,0.010609515,0.010201596,0.011124988,0.989195657,0.989287673,0.021198952,0.989892841
2294,0.989891933,0.001023782,0.999887401,0.000722307,0.011221847,0.979197868,0.021303075,0.010594381,0.989289287,0.030480991,0.999887401
2295,0.989891025,0.001030744,0.99927961,0.020592976,0.020296748,0.999675522,0.988973284,0.010602553,0.010701935,0.020200595,0.99927961
2296,0.989890723,0.001034376,0.979696088,0.000103317,0.021195521,0.000120771,0.000610415,0.989278996,0.010902918,0.999466568,0.979696088
2297,0.989890319,0.979698711,0.989176083,0.021195521,0.02121338,0.969410547,0.020289484,0.989397144,0.010908063,0.021004729,0.989176083
2298,0.989890218,0.979698812,0.999984765,0.000322561,0.02069266,0.020196257,0.999471108,0.9894936,0.010909778,0.010509023,0.999984765
2299,0.989890016,0.001134766,0.999484426,0.020295639,0.020687817,0.989890723,0.020402385,0.989495214,0.98969085,0.010518003,0.999484426
2300,0.989889915,0.979796075,0.979399759,0.010204119,0.010394407,0.000614955,0.010405808,0.989584405,0.989691556,0.010619705,0.979399759
2301,0.989889815,0.97979779,0.999381816,0.021104413,0.001130125,0.999985875,0.02029019,0.989584809,0.011116512,0.010808379,0.999381816
2302,0.989889714,0.979799001,0.999681878,0.020199687,0.030291611,0.979107366,0.021318008,0.989692161,0.011221544,0.01102268,0.999681878
2303,0.989889108,0.968802856,0.979613758,0.010703549,0.999476758,0.000831476,0.020987879,0.98979568,0.989890218,0.000418311,0.979613758
2304,0.989888907,0.969108467,0.969217737,0.000411652,0.020610532,0.989397447,0.030496024,0.989801935,5.65E-06,0.020701539,0.969217737
2305,0.989888806,0.96930834,0.020286255,0.999884879,0.020197569,2.01E-05,0.99926841,0.989903536,0.000120771,0.020991108,0.020286255
2306,0.989888604,0.969309349,0.979391587,0.010096867,0.011219022,0.000526067,0.030491686,0.989903738,0.978790152,0.030576841,0.979391587
2307,0.989888301,0.030372024,0.010698403,0.021109357,0.020396332,0.989083764,0.000613543,5.55E-06,0.00030662,0.010096464,0.010698403
2308,0.9898882,0.969515982,0.010501759,0.01081746,0.010696991,0.020684387,0.020706988,1.84E-05,0.000314994,0.979791938,0.010501759
2309,0.989888099,0.969519816,0.988891963,0.000413367,0.030281824,0.97920029,0.001018333,0.000116332,0.000422246,0.020991915,0.988891963
2310,0.989887696,0.969602449,0.999668358,0.999569077,0.030278091,0.000309344,0.020201604,0.978903961,0.000428703,0.010902514,0.999668358
2311,0.989887191,0.020280605,0.010500044,0.020612449,0.010712831,0.000505181,0.979815548,0.000312875,0.00060759,0.011000281,0.010500044
2312,0.98988699,0.020289282,0.010899084,0.011216802,0.020286356,0.979490262,0.010699917,0.979003343,0.000729067,0.999891134,0.010899084
2313,0.989886586,0.020293923,0.999881953,0.020596709,0.010812617,0.979099193,0.010816753,0.000417201,0.000810288,0.010796272,0.999881953
2314,0.989886081,0.020295538,0.969610117,0.010413577,0.010092226,0.979291095,0.979798799,0.000427896,0.000919355,0.010696991,0.969610117
2315,0.98988588,0.998981364,0.000825725,0.011200154,0.021297728,0.000917338,0.000619596,0.000510831,0.030383123,0.010709098,0.000825725
2316,0.989885678,0.020396937,0.999378184,0.020801627,0.020182939,0.979701435,0.998968147,0.000524957,0.030386654,0.989480887,0.999378184
2317,0.989885577,0.999071261,0.989801027,0.010399451,0.999386861,0.999177907,0.00011391,0.000528085,0.0303918,0.020203421,0.989801027
2318,0.989885375,0.999075297,0.999677338,0.010525066,0.02068469,0.999688133,0.021294903,0.979189999,0.030495318,0.02059792,0.999677338
2319,0.989885274,0.020585914,0.989592881,0.030476551,0.021007251,0.989590459,0.999682786,0.979296947,0.020284237,0.999267199,0.989592881
2320,0.989885173,0.020590353,0.999881549,0.030482807,0.010301886,0.989681567,0.010493082,0.000809279,0.020390076,0.999790441,0.999881549
2321,0.98988477,0.020607101,0.979206949,0.021189669,0.010606791,0.998961891,0.979798597,0.0009357,0.999067831,0.999883164,0.979206949
2322,0.989884669,0.999267906,0.989179413,0.011025707,0.010912099,0.998966633,0.020202714,0.979799001,0.020498639,0.010906045,0.989179413
2323,0.989884467,0.999282334,6.15E-06,0.010601746,0.01011069,0.00011502,0.969606082,0.979815245,0.020499648,0.001013692,6.15E-06
2324,0.989884366,0.020700228,0.000311967,0.000713832,0.01050862,0.001025699,0.999992029,0.969212087,0.999173165,0.030589554,0.000311967
2325,0.989884164,0.020705676,0.999992937,0.021216911,0.010399451,0.999567867,0.988787738,0.998869976,0.999178412,0.020604579,0.999992937
2326,0.989884064,0.999488059,0.999778031,0.999686721,0.01059771,0.000219749,0.001117009,0.998977328,0.020591059,0.020990503,0.999778031
2327,0.98988366,0.020889406,0.000623733,0.0212044,0.011224874,0.9788971,0.020797995,0.999075499,0.020599131,0.011098553,0.000623733
2328,0.989883458,0.020900101,0.001129923,0.000419925,0.021089581,0.000430923,0.979500251,0.999078828,0.999274666,0.020400569,0.001129923
2329,0.989883155,0.999576342,0.979694272,0.011210748,0.01081191,0.969607595,0.020592875,0.020507215,0.020691551,0.010916135,0.979694272
2330,0.989882651,0.999585927,0.97949006,0.988972982,0.030591975,0.979296947,0.999681575,0.999164287,0.020692459,0.000912495,0.97949006
2331,0.98988255,0.999676329,0.9997858,0.010914117,0.000612029,0.999087405,0.000317416,0.020589243,0.02069821,0.01071263,0.9997858
2332,0.989882348,0.021107137,0.999790744,0.001123365,0.000912797,0.989489463,0.99947464,0.999270327,0.999385348,0.011206107,0.999790744
2333,0.989882247,0.999774096,0.978886406,0.000312976,0.000630493,0.998973797,0.0001127,0.999279105,0.020796885,0.000908358,0.978886406
2334,0.989882147,0.999788423,0.979400163,0.010515884,0.030593186,0.010395718,0.020886379,0.999281728,0.999476758,0.02050661,0.979400163
2335,0.989881743,0.021193806,0.989794065,0.00052415,0.010609111,0.989900711,0.999385247,0.020690441,0.999480492,0.999381514,0.989794065
2336,0.989881642,0.021314275,2.01E-05,0.020391792,0.010502465,0.000417201,0.00062908,0.020704768,0.020906255,0.011000584,2.01E-05
2337,0.989806072,0.999973162,0.999679053,0.011106322,0.001136482,0.01090887,0.989781756,0.999377074,0.999567867,0.011023992,0.999679053
2338,0.989805971,0.988790765,0.00112276,0.00022883,0.001127905,0.99939009,0.000522434,0.999467173,0.999579873,0.999089422,0.00112276
2339,0.989805164,0.010202504,0.999176293,0.000730884,0.010818771,0.969712829,0.999473429,0.999474741,0.020999886,0.020605386,0.999176293
2340,0.989805063,0.010404799,0.979502773,0.011027018,0.999284352,0.999570389,0.999176293,0.999678649,0.021000996,0.021118538,0.979502773
2341,0.98980476,0.010498228,0.979303102,0.000427896,0.020891928,0.989900509,0.010301987,0.999770968,0.021011691,4.04E-06,0.979303102
2342,0.989804659,0.010499842,0.978997087,0.020704263,0.020986366,0.000928739,0.000425373,0.99977793,0.999689142,0.02070275,0.978997087
2343,0.989804558,0.010502465,0.998862711,0.000821285,0.010311875,0.000613139,0.020684387,0.999791652,0.021092306,0.02109281,0.998862711
2344,0.989803953,0.010514976,0.999569077,0.010202908,0.021205207,0.000715245,0.000921878,0.999883668,0.021113695,0.011207923,0.999569077
2345,0.989803549,0.010518104,0.010494898,0.030484119,0.020182636,0.989088002,0.999784791,0.999895069,0.999795688,1.31E-05,0.010494898
2346,0.989803448,0.989191318,0.000916833,0.999671889,0.021302066,0.01060669,0.97970083,0.999977198,0.021201878,0.02019999,0.000916833
2347,0.989803247,0.989192933,0.979694877,0.021005132,0.010299364,0.998963304,0.998962194,0.999982545,0.999871157,0.010093336,0.979694877
2348,0.989803045,0.010609717,0.989597219,0.999583304,0.030283842,0.999068941,0.01050973,0.999986177,0.999885282,0.010713437,0.989597219
2349,0.989802641,0.010711822,0.99938676,0.99947464,0.020403092,0.000421539,0.001018434,0.010193827,0.021300048,0.011127611,0.99938676
2350,0.989802238,0.010796372,0.99997629,0.020811817,0.010303702,0.978696925,0.010703953,0.010203312,0.021311248,0.020288879,0.99997629
2351,0.989801935,0.010807673,0.000926014,0.03059702,0.021304387,0.000231453,0.979499545,0.010206137,0.999995662,0.021217315,0.000926014
2352,0.989801632,0.010817359,0.999087405,0.020504491,0.001112267,0.000304098,0.020889809,0.01020765,0.030474332,0.988872389,0.999087405
2353,0.989801431,0.01090887,0.969198567,0.999794477,0.010409945,0.000711915,0.020705071,0.010208861,0.969221167,0.030282429,0.969198567
2354,0.989801229,0.989585011,0.988978228,0.000319333,0.010818468,0.000207642,0.000920263,0.988874609,0.010196753,0.999084075,0.988978228
2355,0.989801128,0.989886586,0.01030683,0.020691853,0.000715346,0.000505282,0.020492485,0.010298052,0.010205834,0.010520828,0.01030683
2356,0.989801027,0.989893749,0.010709199,0.020490063,0.010605277,0.000915219,0.999790845,0.988981154,0.988876728,0.01060215,0.010709199
2357,0.989800321,0.989900509,0.020610633,0.020698714,0.999884879,0.020299775,0.999081149,0.988985593,0.010292503,0.010612643,0.020610633
2358,0.989800018,0.989903536,0.969721304,0.030584408,0.030591874,0.979796176,0.03048765,0.989081444,0.010300776,0.000102913,0.969721304
2359,0.989799614,1.83E-05,0.979697501,0.021090288,0.010698403,0.989804558,0.979698812,0.989092744,0.988994674,0.00082068,0.979697501
2360,0.989799514,0.000109875,0.001017526,0.000926014,0.011121355,0.99886483,0.999674815,0.01050075,0.989085177,0.020201201,0.001017526
2361,0.989799413,0.000125211,0.000415687,0.000926721,0.020383518,0.020482395,0.98907761,0.010520828,0.989089919,0.010613551,0.000415687
2362,0.989798505,0.978793683,0.979799203,0.020498538,0.001125686,0.999989204,0.020385738,0.989185164,0.010499237,0.000820377,0.979799203
2363,0.989798,0.000211779,0.999183356,0.010911897,0.001116,0.000305409,0.999777627,0.989195556,0.010518104,0.001114688,0.999183356
2364,0.989797395,0.00021874,0.98949471,0.021088068,0.010807067,0.998869976,1.81E-05,0.989288783,0.010598215,0.020795069,0.98949471
2365,0.989797092,0.000309445,0.999487655,0.020288979,0.000414174,0.999882558,0.0001015,0.989288985,0.010617889,0.021207528,0.999487655
2366,0.989796991,0.000408221,0.979601348,0.010096766,0.020707896,0.99928526,0.989487143,0.989295442,0.010620714,0.021213783,0.979601348
2367,0.98979689,0.000418916,0.999485032,0.02111531,0.020404807,0.021008664,0.978898109,0.989393916,0.010696587,0.988996187,0.999485032
2368,0.989796386,0.979099193,0.989494306,0.001133858,0.020284338,1.51E-06,0.99978469,0.010803738,0.9894936,0.010820385,0.989494306
2369,0.989796083,0.000525562,0.010502465,0.000427593,0.010291494,0.969208454,0.011099865,0.98949592,0.989496324,0.020906659,0.010502465
2370,0.98979578,0.979193934,0.010516691,0.0001127,0.020599736,0.020191818,0.979705976,0.010902918,0.010903321,0.999772784,0.010516691
2371,0.98979568,0.000610516,0.999468182,0.000203404,0.010914218,0.020500758,0.999485234,0.010913512,0.011026817,0.020998675,0.999468182
2372,0.989795377,0.000630493,0.000619899,0.010604773,0.01059539,0.999893455,0.021296719,0.010914924,0.011100874,0.000528488,0.000619899
2373,0.989795175,0.979288876,0.99939009,0.03027688,0.011212968,0.000715346,0.020280101,0.989681668,0.011122162,0.020183544,0.99939009
2374,0.989795074,0.979305927,0.988989327,0.020596608,0.999569077,0.97939199,0.020999684,0.989694381,0.011210647,0.020407733,0.988989327
2375,0.989794872,0.979399658,0.020500355,0.011009362,0.010519012,0.001125686,0.021197943,0.989780243,0.011214078,0.999891033,0.020500355
2376,0.989794771,0.000831678,0.010706374,0.020196761,0.999780049,0.998979951,0.000824817,0.989799413,1.27E-05,0.021293389,0.010706374
2377,0.989794267,0.000832485,0.989298772,0.02050661,0.0111038,0.000714639,0.979809494,0.989882147,0.978905172,0.010397736,0.989298772
2378,0.989794166,0.979493087,0.969110284,0.010614055,0.011217508,0.020886177,0.010714042,2.00E-05,0.000303694,0.020487036,0.969110284
2379,0.989794065,0.979494197,0.979001829,0.03058007,0.000427896,0.999877917,0.988890651,0.978788134,0.000309647,0.011103194,0.979001829
2380,0.989793258,0.979500654,0.010612643,0.020996657,0.999892749,0.000310656,0.999873074,0.000212788,0.978998702,0.020802232,0.010612643
2381,0.989792754,0.000927931,0.020297354,0.021087967,0.000716456,0.979298864,0.999271235,0.978904668,0.000418815,0.010198065,0.020297354
2382,0.98979235,0.0009357,0.000419925,0.999682483,0.030577043,0.000726646,0.99947696,0.000322259,0.000515674,0.010206137,0.000419925
2383,0.989792249,0.979603971,0.010398947,0.011116311,0.020495512,0.999869946,0.020386444,0.00032236,0.979196153,0.988875214,0.010398947
2384,0.989792148,0.979611336,0.010201596,0.010695881,0.010297043,0.989697811,0.999269722,0.979097579,0.979198877,0.01059539,0.010201596
2385,0.989792047,0.979614161,0.988986703,0.02068469,0.020202311,0.979511349,0.979501159,0.000505181,0.979299066,0.030376262,0.988986703
2386,0.989790837,0.001031551,0.97898609,0.010796473,0.010817762,0.98978216,0.978899825,0.000507199,0.979309559,0.988989226,0.97898609
2387,0.989790736,0.979690842,0.99918164,0.030479376,0.020599635,0.979207958,0.978904668,0.000611525,0.000707375,0.989692767,0.99918164
2388,0.989789828,0.001119128,0.01061456,0.001030744,0.998973696,0.979602659,0.999180833,0.000715043,0.000931362,0.000605975,0.01061456
2389,0.989789424,0.001129419,1.67E-05,0.010405202,0.010196652,0.020293923,0.989586827,0.979390376,0.0009357,0.020298565,1.67E-05
2390,0.989789323,0.979796479,0.03029262,0.010712831,0.010622329,0.969212087,0.99989406,0.979400667,0.979611538,0.011210547,0.03029262
2391,0.98978902,0.968700145,0.000807967,0.00102691,0.010906247,0.020606294,0.001024589,0.97940097,0.030389782,0.000607388,0.000807967
2392,0.989788516,0.968708721,4.14E-06,0.020812625,0.001128208,0.020700228,0.02089445,0.000812709,0.030590966,0.999480794,4.14E-06
2393,0.98978781,0.96879428,0.979494601,0.999886897,0.001021663,0.999067831,0.03058683,0.979491776,0.030595002,0.021305093,0.979494601
2394,0.989787103,0.969115833,0.999087001,0.010196652,0.010307637,0.999279912,0.989885274,0.001022975,0.020292309,0.021313367,0.999087001
2395,0.989786094,0.969406814,0.020295235,0.020493695,0.01102268,0.010515683,0.988978733,0.001030744,0.020383014,0.988872692,0.020295235
2396,0.989785994,0.969407924,0.97868855,0.000808976,0.000918548,0.989699728,0.999974171,0.001113477,0.99907106,0.010502465,0.97868855
2397,0.989785792,0.020288273,0.020788006,0.00021198,0.01081978,0.000507704,0.010201495,0.979812924,0.020486532,0.020199687,0.020788006
2398,0.989785691,0.020299271,0.01040722,0.999997276,0.010706778,0.001018434,0.97898609,0.979813933,0.020488752,0.020998171,0.01040722
2399,0.989785186,0.998967037,0.988875214,0.000410037,0.010719188,0.989290599,0.999775609,0.969203107,0.020497429,0.010523956,0.988875214
2400,0.989785086,0.99897309,0.99978802,0.021320328,0.011019048,0.979306331,0.021190779,0.969311165,0.020503583,0.01089979,0.99978802
2401,0.989784884,0.020399964,0.999083873,0.011217105,0.011000988,0.998970165,0.978887414,0.998865637,0.020607101,0.020182535,0.999083873
2402,0.989784783,0.999087203,0.999886897,0.99958179,0.010903119,0.999684199,0.030476249,0.020289282,0.999277693,0.998973595,0.999886897
2403,0.989784581,0.020584501,0.998961891,0.030583803,0.010916135,0.989395126,0.999982646,0.020295033,0.020690441,0.001019645,0.998961891
2404,0.989784278,0.020608514,0.000715447,0.011225883,0.020493897,0.001022773,0.021189972,0.998976925,0.02070729,0.999273051,0.000715447
2405,0.989783572,0.020612449,0.979813025,0.030383728,0.999476658,0.989485427,0.999872267,0.999071463,0.999367994,0.020280303,0.979813025
2406,0.98978337,0.999287076,0.010402377,0.02059449,0.00112952,0.999370314,0.020404101,0.02049077,0.020804351,0.020987879,0.010402377
2407,0.989783269,0.020692459,0.010310159,0.999366278,0.020903027,0.999673907,0.97939643,0.020505198,0.999477263,0.999774701,0.010310159
2408,0.989782866,0.020700833,0.978801048,0.010517801,0.01070022,0.000323369,0.999976391,0.020583997,0.020903733,0.020903127,0.978801048
2409,0.98978226,0.020812927,0.001134766,0.030288382,0.021306708,0.020293419,0.020899495,0.999273657,0.999568775,0.99979145,0.001134766
2410,0.98978216,0.020887085,0.989397447,0.010610322,0.000320644,0.999087203,0.99937768,0.020689129,0.999573315,0.0305722,0.989397447
2411,0.989781958,0.021008765,0.979311577,0.01089979,0.999779242,0.999372433,0.988776034,0.020703053,0.999669972,0.010912099,0.979311577
2412,0.989781756,0.999676732,0.000809279,0.021213077,0.021289959,0.999776417,0.01011069,0.999381917,0.021110265,0.999386962,0.000809279
2413,0.989781554,0.999778636,0.989285958,0.010719188,0.010403386,0.989884669,0.979796378,0.999386962,0.021207629,0.999388677,0.989285958
2414,0.98978105,0.999887805,0.001125686,0.000423356,0.030380701,0.020289686,0.998862207,0.999388778,0.999873478,0.01081524,0.001125686
2415,0.989780848,0.999895069,0.999569178,0.999587138,0.02040854,0.000405598,0.999569985,0.020807983,0.999880944,0.000116332,0.999569178
2416,0.989780545,0.999997276,0.001110652,0.030479982,0.999795587,0.979394715,0.999567362,0.999484729,0.021294802,0.000626558,0.001110652
2417,0.989780444,0.010110791,0.999770666,0.000119863,0.000717464,0.979312283,0.020890011,0.999488059,0.021323456,0.020382711,0.999770666
2418,0.989780243,0.988785619,0.999576342,0.020486128,0.010595289,0.01030118,0.000315196,0.99967986,0.999979518,0.999773188,0.999576342
2419,0.989704975,0.988789554,0.989903032,0.010203412,0.010599022,0.979104137,0.989279501,0.999688234,0.03057331,0.999878825,0.989903032
2420,0.989704874,0.010204119,0.999580983,0.010299464,0.010205531,0,0.01081191,0.99977228,0.030576236,0.010197964,0.999580983
2421,0.989704773,0.010297648,0.000119359,0.021087564,0.99978802,0.001113477,0.999997881,0.999778636,0.988773108,0.000125413,0.000119359
2422,0.98970447,0.988993564,0.020988586,0.010904734,0.001113276,0.999169634,0.001113982,0.999888713,0.010408128,0.030376464,0.020988586
2423,0.98970437,0.989088002,0.97929382,0.010201395,0.020391489,0.999882054,0.989489867,0.988891559,0.010409036,0.030389378,0.97929382
2424,0.989704067,0.010596499,0.00111267,0.020499749,0.021203795,0.000115827,0.000511033,0.010310866,0.010414888,0.011213069,0.00111267
2425,0.989703966,0.010611735,0.020204732,0.021004325,0.020288273,0.979388056,0.988879351,0.010394709,0.98907761,0.02040178,0.020204732
2426,0.989703764,0.989286261,0.979090718,0.000819772,0.010701935,0.020287163,0.011015012,0.010502364,0.010506703,0.020485321,0.979090718
2427,0.989703663,0.989293424,0.999785195,0.000908963,0.030475542,0.999676732,0.999480088,0.010503878,0.010513866,0.020584703,0.999785195
2428,0.989702957,0.989381606,0.000625953,0.020792647,0.021198245,0.999880036,0.030280311,0.010506703,0.010514169,0.021011388,0.000625953
2429,0.989702352,0.989397245,0.999064602,0.000106545,0.020702044,0.999890327,0.999996469,0.010519012,0.010518205,0.021309734,0.999064602
2430,0.989702049,0.989598833,0.999677741,0.021307515,0.010506703,0.000203404,0.000726646,0.989189099,0.010594078,0.01081635,0.999677741
2431,0.989701948,0.989694482,0.989686108,0.000506695,0.010610019,0.020586822,0.999987085,0.989282225,0.01061012,2.12E-05,0.989686108
2432,0.989701847,0.989781554,0.010307233,0.01081978,0.020282623,0.999173468,0.010705668,0.989291507,0.010612441,0.998874213,0.010307233
2433,0.989701746,0.989884164,0.020686708,0.030592782,0.021310743,0.020905044,0.969622628,0.010701531,0.010619604,0.020588638,0.020686708
2434,0.989701242,0.989904848,0.989286462,0.011118429,0.011205098,0.000522132,0.030391295,0.010818771,0.989288581,0.020808286,0.989286462
2435,0.989700737,2.17E-05,0.020687918,0.010605176,0.02070386,0.020496016,0.010814937,0.989488555,0.010716262,0.011004922,0.020687918
2436,0.989700334,0.000114112,5.04E-07,0.001117412,0.020297354,0.01059428,0.030374748,0.010914117,0.989479273,0.011017938,5.04E-07
2437,0.98969993,0.00011835,0.000118148,0.999477666,0.010493687,0.989597925,0.988784409,0.989599741,0.989492389,0.030384535,0.000118148
2438,0.989699829,0.978898513,0.979108576,0.00051517,0.020500052,0.97969064,0.979708599,0.989688226,0.011004115,0.99958068,0.979108576
2439,0.989699728,0.000310353,0.000813214,0.02100937,0.00112276,0.999280013,0.010313287,0.98989718,0.011012187,0.030571998,0.000813214
2440,0.989699426,0.000316104,0.999284957,0.000305409,0.020382106,0.000722307,0.979312183,0.989902023,0.011107533,0.010510537,0.999284957
2441,0.989699325,0.978996684,0.988891559,0.999466568,0.000321452,0.979089003,0.979090718,0.989904848,0.011214582,0.000606682,0.988891559
2442,0.989699224,0.978999105,0.000828348,0.021312257,0.020601653,0.999370718,0.999481601,6.76E-06,0.011218114,0.979612951,0.000828348
2443,0.98969882,0.000410037,0.010312177,0.021291674,0.011200154,0.020987173,0.010403386,0.000110884,0.989904848,0.020904944,0.010312177
2444,0.989698719,0.000419824,0.00031792,0.021291271,0.021198447,0.000422145,0.000214906,0.000114112,1.25E-05,0.989596513,0.00031792
2445,0.989698114,0.000424667,0.998876635,0.001036999,0.021004426,0.000427896,0.010091015,0.000507704,1.42E-05,0.001010464,0.998876635
2446,0.989697912,0.9790887,0.020292006,0.000317819,0.011210849,0.999977198,0.020296042,0.000525562,0.978802461,0.020990402,0.020292006
2447,0.989697811,0.979109484,0.99917599,0.030377069,0.021314376,0.998974503,0.020686304,0.000612029,0.000226408,0.021304387,0.99917599
2448,0.989697206,0.000510428,0.999885484,0.010593977,0.030287575,0.989094156,0.979086279,0.979400163,0.0004171,0.001129923,0.999885484
2449,0.989696197,0.979194842,0.020992823,0.001026708,0.010524359,0.968593499,0.979592368,0.000822799,0.000428299,0.020798903,0.020992823
2450,0.989695693,0.979207958,1.27E-05,0.020382106,0.020683681,0.988983777,0.979495004,0.000823202,0.979105247,0.999483216,1.27E-05
2451,0.989695592,0.00072039,0.020684387,0.00030662,0.001017526,0.978700759,0.000721399,0.979503479,0.979105852,0.010609111,0.020684387
2452,0.989694784,0.000722711,0.999385348,0.999986076,0.000823202,0.010712226,0.979104137,0.979706278,0.000505282,0.010618192,0.999385348
2453,0.989694482,0.000723014,0.010208558,0.030291712,0.998980052,0.989794771,0.030277486,0.001123971,0.979193227,0.989598732,0.010208558
2454,0.989694381,0.979405006,0.989483409,0.030286263,0.00111267,0.979088296,0.999366884,0.969015947,0.000720693,0.979693263,0.989483409
2455,0.989694078,0.000825321,0.00051517,0.030388066,0.0010146,0.999369003,0.979090516,0.969515982,0.000731388,0.999275776,0.00051517
2456,0.989693876,0.979604879,0.010103829,0.010705971,0.020408641,0.969101506,0.989795074,0.020179307,0.000922483,0.020888195,0.010103829
2457,0.989693473,0.001013289,0.979306331,7.67E-06,0.011024597,0.999580479,0.021011085,0.020188488,0.979613758,0.010394709,0.979306331
2458,0.989692968,0.001024185,0.999582295,0.010719995,0.020201604,0.99978802,0.988980145,0.998962698,0.001024589,0.010816148,0.999582295
2459,0.989692867,0.979697904,0.988773008,0.999467476,0.010697294,0.010298355,0.97949793,0.998963707,0.979697904,0.011008958,0.988773008
2460,0.989692767,0.979698913,0.000314086,0.01091896,0.000714337,0.000519004,0.979590148,0.999083873,0.979703352,0.989692968,0.000314086
2461,0.989692464,0.001113175,0.979698913,0.010297245,0.020403294,0.010509932,0.979799001,0.999085588,0.001123971,0.000922382,0.979698913
2462,0.989692161,0.001114184,0.969203208,0.999780553,0.020181829,0.001018838,0.00052647,0.999088413,0.979792745,0.999687528,0.969203208
2463,0.98969206,0.968808002,0.000220254,0.999986177,0.000426685,0.02060357,0.010697294,0.99917821,0.979800111,0.999971245,0.000220254
2464,0.989691859,0.969004747,0.000430923,0.020384527,0.021319824,0.999985673,0.000612029,0.999178311,0.030286364,0.999981839,0.000430923
2465,0.989691556,0.969205226,0.020805865,2.10E-05,0.010310159,0.010509023,0.011107734,0.020610734,0.96940641,0.021190275,0.020805865
2466,0.98969085,0.969305515,0.999582597,0.011009866,0.999473025,0.978793279,0.010918455,0.02061487,0.030591874,0.021203189,0.999582597
2467,0.989689639,0.969507608,0.989282527,0.020502171,0.020700631,0.010600031,0.979808384,0.999280518,0.020180517,0.010210475,0.989282527
2468,0.989689437,0.969621317,0.989390082,0.010505391,0.021198044,0.000228225,0.011113586,0.020787704,0.020291704,0.010612037,0.989390082
2469,0.989689134,0.998866243,0.999882457,0.000728967,0.021007352,0.999167213,0.999570389,0.020790428,0.998973797,0.011008756,0.999882457
2470,0.989689033,0.998973393,0.020481689,0.020691248,0.020599131,0.999179824,0.979309963,0.020797389,0.999081956,0.011220333,0.020481689
2471,0.989688428,0.999071463,0.010600737,0.030586022,0.011221544,0.979501159,0.979288876,0.999486545,0.999083974,0.020989594,0.010600737
2472,0.989688226,0.999076508,0.989889714,0.000303492,0.000606379,0.000723619,0.010310159,0.020889002,0.020505097,0.000513253,0.989889714
2473,0.989687924,0.999174881,0.978989419,0.001032358,0.020597012,0.020889002,0.969613649,0.99957957,0.020594691,0.03047524,0.978989419
2474,0.98968752,0.020583492,0.000816039,0.020809194,0.0206858,0.979400163,0.020603974,0.020989494,0.020602158,0.020610633,0.000816039
2475,0.989687318,0.020599635,0.00062908,0.010703751,0.999272345,0.001135775,0.989477759,0.999690757,0.999265989,0.021100276,0.00062908
2476,0.989687217,0.02070497,0.979000215,0.000406708,0.011014003,0.000231958,0.969508415,0.999772684,0.999266191,0.021210555,0.979000215
2477,0.989686713,0.999376065,0.999273758,0.020999987,0.000215411,0.000404185,0.979611538,0.999774197,0.999285361,0.011003914,0.999273758
2478,0.98968641,0.020888094,0.999286773,0.021095635,0.000206936,0.000709998,0.010502465,0.999776316,0.999375056,0.011016223,0.999286773
2479,0.989686208,0.999871662,0.979706278,0.021211261,0.020396937,0.969417509,0.020796885,0.99977682,0.99938787,0.999368498,0.979706278
2480,0.989686108,0.999873579,0.989085177,0.010703852,0.010704659,0.989681668,0.979798698,0.999869644,0.020788713,0.021197438,0.989085177
2481,0.989686007,0.999977803,0.999487252,0.000119359,0.00083198,0.000610516,0.979299672,0.999880641,0.020794968,1.64E-05,0.999487252
2482,0.989685906,0.010093235,0.989496021,0.001018434,0.011013499,0.00082744,0.010706374,0.999975987,0.99948029,0.000710402,0.989496021
2483,0.989685805,0.988782189,0.999277693,0.010516086,0.011216802,0.999789331,0.021321943,0.99998305,0.020889507,0.030371015,0.999277693
2484,0.989685502,0.988783198,0.999579369,0.030471204,0.021201575,0.988979338,0.97969064,0.999994854,0.999587138,0.030491686,0.999579369
2485,0.989685199,0.988783299,0.000412963,0.020586822,0.02018647,0.00011613,0.02080193,0.999996368,0.020991209,0.999472319,0.000412963
2486,0.989684493,0.988879351,0.979294929,0.001125787,0.020810001,0.001126291,0.000220557,1,0.020997565,0.000511033,0.979294929
2487,0.989684291,0.010313287,0.020592573,0.020994942,0.0001127,0.96900394,0.978683506,0.01009374,0.020998877,0.000813113,0.020592573
2488,0.989683484,0.988995481,0.999470604,0.010702742,0.010597912,0.989092744,0.030273954,0.988776034,0.021009067,0.020690239,0.999470604
2489,0.98968298,0.010395617,0.969403384,0.020888296,0.001024589,0.020687212,0.020393204,0.010206338,0.021099267,0.999777426,0.969403384
2490,0.989682677,0.010401167,9.79E-06,0.020201705,0.020487137,0.99967875,0.999985068,0.988875214,0.021100781,0.999473429,9.79E-06
2491,0.989682274,0.010501255,0.0010146,0.001129419,0.010396626,0.999876202,0.979812924,0.010301583,0.021106935,0.020893946,0.0010146
2492,0.98968187,0.010523956,0.000529194,0.010709098,0.000219749,0.969510938,0.010815643,0.010402075,0.021111274,0.00071363,0.000529194
2493,0.989681668,0.989191621,0.010606791,0.020994538,0.010308242,0.989086993,0.98968641,0.010412265,0.021111778,0.030383728,0.010606791
2494,0.989681567,0.010622228,0.999882054,0.999989709,0.000925006,0.969725743,0.000707476,0.010414989,0.021200062,0.020702346,0.999882054
2495,0.989681265,0.989394521,0.01090766,0.999375662,0.011121456,0.988973284,0.000726848,0.989075693,0.999871662,0.999369507,0.01090766
2496,0.989679953,0.989399868,0.000605975,0.020196661,0.021092306,0.010912099,0.020613054,0.98909113,0.999873679,0.999987691,0.000605975
2497,0.989599741,0.010797281,0.999891134,0.999672495,0.001016618,0.98978226,0.000826128,0.010496613,0.999881953,0.011102992,0.999891134
2498,0.989599439,0.01081191,0.989803448,0.999889924,0.030598231,0.989792754,0.001021461,0.010514573,0.02131831,0.000204918,0.989803448
2499,0.989599237,0.989490371,0.00022318,0.000818965,0.010499237,0.979799001,0.020298262,0.010518104,0.999971749,0.021010984,0.00022318
2500,0.989598833,0.989491784,0.99997518,0.030593186,0.000613543,0.97909657,0.999575535,0.010518608,0.999995056,0.021314678,0.99997518
2501,0.989598732,0.989493398,0.000827137,0.01050862,0.011008756,0.968608936,0.000202194,0.010524359,0.030478569,0.011219223,0.000827137
2502,0.989597925,0.010896965,0.999579974,0.020598828,0.010205935,0.010395617,0.020995648,0.010614055,0.030580171,0.000109269,0.999579974
2503,0.989597824,0.010903523,0.989276474,0.020597012,0.001126796,0.010398745,0.999980931,0.010699211,0.010096363,0.000222978,0.989276474
2504,0.989597723,0.989588038,0,0.999566959,0.020287567,0.020404403,0.000210366,0.010796372,0.010107259,0.020587831,0
2505,0.989597623,0.011107734,0.969519816,0.021006948,0.010313388,0.999385549,0.999989305,0.01091442,0.010208962,0.020688625,0.969519816
2506,0.989597219,0.011114999,0.010093235,0.999583203,0.000811902,0.02070729,0.021201777,0.989696197,0.010210475,0.999876303,0.010093235
2507,0.989597118,0.989798,0.000817855,0.001011775,0.021117428,0.999472622,0.979404401,0.989701746,0.988999012,0.00042729,0.000817855
2508,0.989596513,0.989798505,0.010703246,0.010710107,0.01050418,0.010597105,0.989881743,0.989784884,0.010402075,0.020284641,0.010703246
2509,0.989596311,0.011218921,0.989785792,0.020798298,0.020287365,0.98989829,1.01E-07,0.989800321,0.98909234,0.999284352,0.989785792
2510,0.989595806,0.989900711,0.000404993,0.999989305,0.020798802,0.02049077,0.001119128,0.989802641,0.989094762,0.999377377,0.000404993
2511,0.989595605,3.63E-06,0.001019948,0.02131034,0.010497521,0.000928638,0.9890765,0.989803045,0.010494898,0.01050075,0.001019948
2512,0.989595201,1.33E-05,0.010209971,0.999277289,0.020181224,0.00082633,0.000610516,0.989896978,0.0105177,0.010598416,0.010209971
2513,0.989594798,1.67E-05,0.01050075,0.010502465,0.010597307,0.010299767,0.021305699,0.989904949,0.989190209,0.00071242,0.01050075
2514,0.989594596,0.978696925,0.979495307,0.010396626,0.011010774,0.020604478,0.010507006,1.07E-05,0.010604672,0.000818965,0.979495307
2515,0.989593789,0.00010372,0.001012179,0.010096363,0.030272441,0.979088902,3.23E-06,2.10E-05,0.010619403,0.979600742,0.001012179
2516,0.989593082,0.000105234,0.020585106,0.999976491,0.021200062,0.000920263,0.979502773,2.14E-05,0.010695477,0.001011775,0.020585106
2517,0.989592881,0.000111085,0.999678145,0.01061456,0.011007848,0.999580983,0.999483922,0.000111489,0.010803233,0.030587939,0.999678145
2518,0.989591569,0.000207238,0.000212384,0.01059771,0.000610516,0.001127805,0.010709098,0.000118148,0.989703764,0.020493897,0.000212384
2519,0.989591367,0.978899825,0.969607595,0.02059903,0.010594078,0.020593481,0.999372231,0.000119863,0.011106221,0.021211664,0.969607595
2520,0.989590762,0.978906383,0.99969005,0.020493897,0.030582693,0.969413877,0.98897732,0.000123798,0.011121053,0.999997881,0.99969005
2521,0.989590459,0.00040812,0.999771675,0.021100377,0.010500952,0.020609321,0.010398039,0.978790454,0.989784278,0.020180618,0.999771675
2522,0.989590257,0.979090415,0.999777325,0.010089502,0.030471204,0.989282124,0.000622724,0.000212081,0.011217912,0.020595398,0.999777325
2523,0.98958945,0.000515977,0.020287163,5.35E-06,0.010600434,0.979601852,0.000221868,0.000213393,0.989903536,0.020997767,0.020287163
2524,0.989589248,0.000519004,0.020700228,0.999483821,0.020206346,0.969005857,0.010394205,0.000220254,1.78E-05,0.021087463,0.020700228
2525,0.989588946,0.000622724,0.020797389,0.000714438,0.010515582,0.020888094,0.010500044,0.978996684,0.000407111,0.999774903,0.020797389
2526,0.989588643,0.000627163,0.988884698,0.020492586,0.011202071,0.98969206,0.021318613,0.000417504,0.000508107,0.999971346,0.988884698
2527,0.989588542,0.979293113,0.000213393,0.0304708,0.010703852,0.979611336,0.999690555,0.000515876,0.000523746,0.000611121,0.000213393
2528,0.98958834,0.979301891,0.001113881,0.011123474,0.020684992,0.001010565,0.989392907,0.000605975,0.00052415,0.021202382,0.001113881
2529,0.989588038,0.000711209,0.010503878,0.000110884,0.000322561,0.999681777,0.989484116,0.000610516,0.000616368,0.021289454,0.010503878
2530,0.989587836,0.979388056,0.0105177,0.001130932,0.011212766,0.000322259,0.979206646,0.000612836,0.979392495,0.010107259,0.0105177
2531,0.989586928,0.97939199,0.001121549,0.010609111,0.010814029,0.000408726,0.979698409,0.000615056,0.000808976,0.98929524,0.001121549
2532,0.989586827,0.979396531,0.998870783,0.010497521,0.021199456,0.000103317,0.979500654,0.000708485,0.000818864,0.000925006,0.998870783
2533,0.989585919,0.979397842,0.979596202,0.010609515,0.021101689,0.969110284,0.020808589,0.979404804,0.000830669,0.010204119,0.979596202
2534,0.989585616,0.97940208,0.979604879,0.000113002,0.000522132,0.969515881,0.001033165,0.979496013,0.000831879,0.979592671,0.979604879
2535,0.989585515,0.979404401,0.999265383,0.010594078,0.011207217,0.000110278,0.989092744,0.000909569,0.000908963,0.020283531,0.999265383
2536,0.989585414,0.000819772,0.999676631,0.030371621,0.020596709,0.969614557,0.000831476,0.000920263,0.000925006,0.020393406,0.999676631
2537,0.989585313,0.000821185,0.999873478,0.999375359,0.020406926,0.999978106,0.02060135,0.001022672,0.001016114,0.021297425,0.999873478
2538,0.989585011,0.00082966,0.999690151,0.000223785,0.010914016,0.001015508,0.010098179,0.001037302,0.00111267,0.999979417,0.999690151
2539,0.989584809,0.979495307,0.999980628,0.000320644,0.010801215,0.999982848,0.020610633,0.001120237,0.030289896,0.010409036,0.999980628
2540,0.989584405,0.000918548,0.010508923,0.010803233,0.001030945,0.010594885,0.020193028,0.001122659,0.030374244,0.010522846,0.010508923
2541,0.989584204,0.979593074,0.998860895,0.011008958,0.020792143,0.001129318,0.989895364,0.979792745,0.030490071,0.030392506,0.998860895
2542,0.989584002,0.001123971,0.010406514,0.999998386,0.02088991,0.010313388,0.020810203,0.969710306,0.030571191,0.021113594,0.010406514
2543,0.9895838,0.968599856,0.979690741,0.020784979,0.020182838,0.020611844,0.979003948,0.998874112,0.030573007,0.000220254,0.979690741
2544,0.989583497,0.969221571,0.999671486,0.020599635,0.020404202,0.999279811,0.010109479,0.020285448,0.030595406,0.010191305,0.999671486
2545,0.989582791,0.969299563,0.999884677,0.999370718,0.000209357,0.000527176,0.989689134,0.998962194,0.969617685,0.010209063,0.999884677
2546,0.989582186,0.969300067,0.000319938,0.021211664,0.000725133,0.969726954,0.978997794,0.999066217,0.96971636,0.01071828,0.000319938
2547,0.989581782,0.969310964,0.010615367,0.011202071,0.99938787,0.010513967,0.989799514,0.999067326,0.969725037,0.011203282,0.010615367
2548,0.98958158,0.030494006,0.000203404,0.010511546,0.000113507,0.97890497,0.978996684,0.020482799,0.020201503,0.000508107,0.000203404
2549,0.989581479,0.030575731,0.998964514,0.020393709,0.000819772,0.000710301,0.978997087,0.020507821,0.020282018,0.030486036,0.998964514
2550,0.989580975,0.969519413,0.999793165,0.010814937,0.010093639,0.979002132,0.998875323,0.999165296,0.998973595,0.020587629,0.999793165
2551,0.98958047,0.969721304,0.000529699,0.999884374,0.021114603,0.999084277,0.978700456,0.999165699,0.020382509,0.021090792,0.000529699
2552,0.98958037,0.969722313,0.010800711,0.030594901,0.000618386,0.999677237,0.979296947,0.99918164,0.999075701,0.02129228,0.010800711
2553,0.989579966,0.020193432,0.000506594,0.020706887,0.010405202,0.010111497,0.010801215,0.020588032,0.030278293,0.999976794,0.000506594
2554,0.989579159,0.998860895,0.988779566,0.999892749,0.001014903,1.45E-05,0.020403798,0.020596608,0.99917256,0.999982949,0.988779566
2555,0.989578654,0.020296748,0.020687616,0.021103909,0.011012187,0.010805756,0.030269414,0.02060135,0.020604478,0.001026506,0.020687616
2556,0.989578352,0.020299977,0.989188897,0.000816644,0.020891222,0.989485932,0.011201163,0.02060246,0.020707694,0.001126796,0.989188897
2557,0.989496728,0.998971678,0.000523746,0.010109782,0.99957947,0.979296039,0.999083268,0.999281829,0.999372937,0.999073481,0.000523746
2558,0.989496627,0.020397442,0.979195043,0.011007445,0.020204732,0.969206436,0.999888007,0.999286672,0.999380404,0.020500758,0.979195043
2559,0.989496526,0.999085387,0.000932573,0.020697201,0.010610726,0.989094964,0.000525461,0.020693669,0.999384339,0.999992433,0.000932573
2560,0.989496425,0.02049198,0.999177907,0.021006747,0.001022067,0.001114184,0.010197964,0.020694981,0.020784677,0.010395012,0.999177907
2561,0.989496324,0.999183154,0.999978408,0.000106041,0.020886682,0.020181728,0.989400171,0.020696595,0.020807277,0.989083058,0.999978408
2562,0.989496021,0.020598122,0.989388064,0.020182939,0.020196358,0.020389067,0.979197061,0.020789318,0.999475951,0.020405412,0.989388064
2563,0.98949592,0.020601451,1.51E-06,0.999674815,0.010901505,0.999184566,0.001126392,0.999468182,0.999484527,0.020590756,1.51E-06
2564,0.98949582,0.999277693,0.020407632,0.020606093,0.020406825,0.999985068,0.030277889,0.999470705,0.020892029,0.030374748,0.020407632
2565,0.989495719,0.999279811,0.010698101,0.000715043,0.021290363,0.999286067,0.999381312,0.999471512,0.99957947,0.030480385,0.010698101
2566,0.989495214,0.999280013,0.979295737,0.000825422,0.010418722,0.010416099,0.979611336,0.999474034,0.999687528,0.010819881,0.979295737
2567,0.989495012,0.020690441,0.010092024,0.010607598,0.999971749,0.998980052,0.999987287,0.020903228,0.021105422,0.98949471,0.010092024
2568,0.98949471,0.020690542,0.989588643,0.020994337,0.021319319,0.988888431,0.03047978,0.99957836,0.021115007,0.020495512,0.989588643
2569,0.989494306,0.020694981,0.020689634,0.010395214,0.001129722,0.979301387,0.010497925,0.999673706,0.99977682,0.020596608,0.020689634
2570,0.989493701,0.999387365,0.999469191,0.020599736,0.020405311,0.999480088,0.979308853,0.99967643,0.999779746,0.020601451,0.999469191
2571,0.9894936,0.999468182,0.999681071,0.010517499,0.010905642,0.999975785,0.010901909,0.999780452,0.999873276,0.021006948,0.999681071
2572,0.989493398,0.999479483,0.989391696,0.000213797,0.020799206,0.000629585,0.001028726,0.999877917,0.999880843,0.999779242,0.989391696
2573,0.989493196,0.020886984,1.14E-05,0.020908273,0.010099491,0.000712016,0.99968551,0.999880036,0.999979115,0.010594885,1.14E-05
2574,0.989492389,0.020889103,0.999067226,0.030374345,0.010709098,0.010814029,0.978905273,0.999881953,0.999984563,1.23E-05,0.999067226
2575,0.989492086,0.02089778,0.010301886,0.000125413,0.020386444,0.000620706,0.979296342,0.999883365,0.030473424,0.000222171,0.010301886
2576,0.989491784,0.020908576,0.010396626,0.010113111,0.000626356,0.979691548,0.979799909,0.999887704,0.010297951,0.00022994,0.010396626
2577,0.989491582,0.99957957,0.020698916,0.020999886,0.030582289,0.969204519,0.020608514,0.999889217,0.01030118,0.001112065,0.020698916
2578,0.989491481,0.999770767,0.999776618,0.030489365,0.001012986,0.969318026,0.010111497,0.999984967,0.98898065,0.001115092,0.999776618
2579,0.98949138,0.99977682,0.010903523,0.020290493,0.010905036,0.020794968,0.988887221,0.999994451,0.98899195,0.030291712,0.010903523
2580,0.989490876,0.99979256,0.000122789,0.011207621,0.001024286,1.83E-05,0.000607691,0.010090713,0.010412063,0.999169735,0.000122789
2581,0.989490674,0.988773512,0.000718473,0.001018636,0.020791437,0.99926841,0.010797281,0.010099087,0.989176588,0.021190981,0.000718473
2582,0.989490371,0.988778759,0.000819873,0.010510133,0.010405404,0.999477364,0.010619403,0.988777144,0.010598013,0.021298434,0.000819873
2583,0.989490068,0.010208558,0.020699925,0.011206612,0.020401074,0.000613543,0.998961891,0.010307637,0.010705466,0.999992937,0.020699925
2584,0.989489867,0.988874609,0.001134867,0.010497723,0.020897982,0.000424566,0.010302794,0.988996995,0.01071828,0.01070143,0.001134867
2585,0.989489463,0.010402075,0.000303089,0.0213059,0.010409036,0.001020049,0.979203014,0.010405505,0.010718381,0.989897382,0.000303089
2586,0.989489362,0.010403386,0.989597623,0.000216924,0.000607085,0.010820385,0.001020856,0.010406514,0.010916438,1.87E-05,0.989597623
2587,0.98948916,0.010501961,0.979690842,0.999973162,0.011216298,0.000711512,0.020593481,0.989089011,0.010918355,0.000921777,0.979690842
2588,0.989488555,0.01050418,0.020284641,0.021210958,0.001029432,0.9995716,0.010712125,0.989092139,0.989585919,0.010095152,0.020284641
2589,0.989487546,0.010506703,0.969707078,0.000111993,0.010091015,0.969110485,0.979096873,0.0105966,0.011010774,0.010611129,0.969707078
2590,0.989487445,0.010509023,0.999268007,0.021319622,0.011207822,0.969525366,0.979501058,0.010610221,0.01101481,0.999177403,0.999268007
2591,0.989487143,0.010518709,0.989386248,0.000322864,0.010610221,0.020298363,0.001016215,0.98929524,0.989790736,0.020688927,0.989386248
2592,0.989486234,0.989193942,0.00052415,0.020385839,0.011118429,0.97919575,0.999873679,0.010697899,0.989792148,0.02069932,0.00052415
2593,0.989485932,0.010795969,0.000616267,0.011008756,0.000719583,0.968908292,0.021012397,0.010698403,0.989803448,0.020905044,0.000616267
2594,0.989485528,0.989481492,0.000912797,0.999988801,0.010515985,0.989093955,0.999368195,0.010706778,0.011204089,0.010096363,0.000912797
2595,0.989485427,0.010903119,0.000927326,0.000506594,0.999583203,0.000207339,0.000830568,0.989393714,0.011206612,0.010904128,0.000927326
2596,0.989485326,0.010907357,0.97969185,0.01031248,0.000916833,0.00112165,0.01049964,0.989396236,0.011218215,0.011002501,0.97969185
2597,0.989484923,0.011002501,0.97939643,0.010697899,0.999274666,0.021005536,0.000321048,0.010804848,0.011220838,1.82E-06,0.97939643
2598,0.989484822,0.989681265,0.999885081,0.020785686,0.010497421,0.978989419,0.999894867,0.989485932,2.83E-06,0.030581886,0.999885081
2599,0.989484317,0.989692767,0.000103821,0.020403294,0.000412257,0.02048744,0.030478973,0.989489362,1.03E-05,0.020599736,0.000103821
2600,0.989484116,0.989703764,0.989293525,0.021100983,0.020610431,0.020299473,0.000709191,0.010903624,0.000117946,0.030375757,0.989293525
2601,0.98948351,0.98978226,0.988777144,0.02132164,0.010515683,0.999185172,0.979810099,0.01090998,0.000216319,0.999687225,0.988777144
2602,0.989483409,0.989803045,0.999878623,0.030491383,0.000109976,0.001118926,0.020612953,0.989689639,0.000516583,0.030581079,0.999878623
2603,0.989483006,0.011213876,0.99948705,0.000212081,0.021291069,0.999891841,0.001011775,0.989789323,0.000527176,0.979098386,0.99948705
2604,0.989482905,0.989896877,0.00010483,0.999584111,0.001009455,0.010509124,0.021305396,0.989795074,0.979194337,0.020794464,0.00010483
2605,0.989482602,0.989902931,0.999987388,0.020499951,0.011001593,6.76E-06,0.020281211,0.989891025,0.000610617,0.999482106,0.999987388
2606,0.989482501,0.978689458,0.000819772,0.000811801,0.021216709,0.000119359,0.020893038,0.989902729,0.979296039,0.020900605,0.000819772
2607,0.989482199,0.000106242,0.020280605,0.999483922,0.021309331,0.020188993,0.989799413,1.79E-05,0.00071363,0.999786405,0.020280605
2608,0.989481593,0.978786217,0.001031652,0.999470705,0.020199183,0.999775408,0.020186571,1.85E-05,0.000725334,0.999872872,0.001031652
2609,0.989481492,0.978799131,0.989493196,0.010906853,0.020792647,0.010901909,0.020484211,0.000223684,0.000726343,0.021309936,0.989493196
2610,0.989481291,0.97890497,0.999687528,0.011223259,0.000611424,0.000709494,0.989894557,0.978899825,0.979394109,0.010409137,0.999687528
2611,0.98948119,0.000410744,0.98898408,0.001014903,0.010914924,0.999267502,0.979303506,0.000309445,0.000817855,0.010622631,0.98898408
2612,0.989481089,0.979200694,0.020180416,0.010201697,0.021206418,0.000206229,0.99988498,0.000408726,0.979601348,0.011120346,0.020180416
2613,0.989480887,0.979205738,0.978698236,0.030574823,0.000410744,0.020891827,0.000810086,0.000418311,0.979704462,0.011217912,0.978698236
2614,0.989480584,0.000629383,0.020495713,0.020696091,0.01060336,0.00022318,2.01E-05,0.000424667,0.030272441,0.000912797,0.020495713
2615,0.989479374,0.97931188,0.000715648,0.99957836,0.020300078,0.000936104,0.000422145,0.000509217,0.03037041,0.020206346,0.000715648
2616,0.989479273,0.000710301,0.999477969,0.020608514,0.010523956,0.010899084,0.00062,0.000610112,0.030474433,0.999281627,0.999477969
2617,0.989479172,0.979394715,5.45E-06,0.010417411,0.010621017,0.000202395,0.02049198,0.000610617,0.030593691,0.01030905,5.45E-06
2618,0.989479071,0.000812709,0.999474841,0.020591765,0.020183645,0.020605386,0.020584501,0.979287867,0.020194945,0.010499842,0.999474841
2619,0.98947897,0.979592973,0.001023075,0.010518911,0.020804149,0.020611743,0.020590353,0.00081836,0.020285852,0.010600737,0.001023075
2620,0.989478768,0.001010464,0.020901614,0.021199456,0.010308041,0.999786002,0.020596003,0.000819873,0.020286255,0.020384224,0.020901614
2621,0.989477961,0.001010665,0.00101904,0.999984462,0.010401469,0.999893758,0.98887249,0.000820983,0.020295033,0.020485019,0.00101904
2622,0.989477759,0.97969064,0.98909113,0.01072171,0.020194945,0.988774117,0.999285562,0.000831476,0.998969458,0.010600333,0.98909113
2623,0.989477558,0.979694877,0.020895964,0.0111264,0.010089502,0.010409137,0.011217407,0.979498435,0.020393709,0.979392495,0.020895964
2624,0.989400776,0.979701839,0.020192625,0.030577547,0.010406111,0.989091533,0.01059771,0.979500654,0.020399661,0.020610027,0.020192625
2625,0.989400676,0.001113074,0.00072937,0.021096644,0.02019656,0.979109484,0.999086799,0.000915622,0.020406421,0.020700228,0.00072937
2626,0.989400373,0.001121549,0.989597118,0.020205035,0.021198649,0.979392293,0.979396934,0.001028726,0.999071463,0.021294398,0.989597118
2627,0.989400171,0.001136582,0.969712526,0.010316112,0.020994135,0.010406111,0.021002206,0.001112267,0.999071867,1.97E-05,0.969712526
2628,0.98940007,0.969018772,0.99937324,0.021299746,0.020795674,0.020280101,0.000223382,0.001115798,0.99907338,0.979404804,0.99937324
2629,0.989399868,0.96931389,0.99948261,0.999671789,0.01050075,0.999672596,0.988878846,0.001125585,0.030274358,0.001133354,0.99948261
2630,0.989399667,0.030391598,0.988973082,0.020188993,0.020785686,0.989788516,0.979704462,0.001127098,0.020608514,0.02029352,0.988973082
2631,0.989399465,0.030489668,0.020200595,0.020499043,0.010709199,0.999689243,0.010796272,0.969210472,0.020683883,0.020609826,0.020200595
2632,0.989399364,0.969504279,0.978901439,1.80E-05,0.030293528,0.001009656,0.001018636,0.969507608,0.020694981,0.999572407,0.978901439
2633,0.989399263,0.02028222,0.020180517,0.0211142,0.020589041,0.000508107,0.979792645,0.969519816,0.999366379,0.020993025,0.020180517
2634,0.989399162,0.020288576,0.999182246,0.020584097,0.000508511,0.020612348,0.989085984,0.969723624,0.020793253,0.999680768,0.999182246
2635,0.98939896,0.020400973,0.020691248,0.999791046,0.020994942,0.979206949,0.000213998,0.020196761,0.020795472,0.01111742,0.020691248
2636,0.989398859,0.020407733,0.999982545,0.000405094,0.999086396,0.000819873,0.000419824,0.998862711,0.999469797,0.030474836,0.999982545
2637,0.989398759,0.999067427,0.01030915,0.00032125,0.000116937,0.969517092,0.979606291,0.998968147,0.999487151,0.020685194,0.01030915
2638,0.989398254,0.99906773,0.02019323,0.011218517,0.021191485,0.999486343,0.010903624,0.998974402,0.999488059,0.010109479,0.02019323
2639,0.989397951,0.999164589,0.020406623,0.010192516,0.030375858,0.010604773,0.011026312,0.998979649,0.020888195,0.000310353,0.020406623
2640,0.989397447,0.999165195,0.999087505,0.030283943,0.01111742,0.999174679,0.000303896,0.998981364,0.020906053,0.001113982,0.999087505
2641,0.989397245,0.999170239,0.989485427,0.021317402,0.0005185,0.999787011,0.001123567,0.999073784,0.999569178,0.999279811,0.989485427
2642,0.989397144,0.020590857,0.989290095,0.01070587,0.020201705,0.010902918,0.020484514,0.999076811,0.99957614,0.021106935,0.989290095
2643,0.98939664,0.020597214,0.988785619,0.011217407,0.010716968,0.969721304,0.020692459,0.999081149,0.020987173,0.000930252,0.988785619
2644,0.989396438,0.999269116,0.020490063,0.011010976,0.001130226,0.010294218,0.000912595,0.999087203,0.020997868,0.988779566,0.020490063
2645,0.989396236,0.0207084,0.969221167,0.020183645,0.010494898,0.000114112,0.988783702,0.020507115,0.021000088,0.010311774,0.969221167
2646,0.989396135,0.999369103,0.01071273,0.021312761,0.011019855,0.020613054,0.010190901,0.999168928,0.021001702,0.010717573,0.01071273
2647,0.989395328,0.020784677,0.000317517,0.011006537,0.02050439,0.010515884,0.999777426,0.999183356,0.021006545,0.020498639,0.000317517
2648,0.989395126,0.020793455,0.979611538,0.021212169,0.010601544,0.968914951,0.999988296,0.020587528,0.021007756,0.999369003,0.979611538
2649,0.989394521,0.020803241,0.968995768,0.030376363,0.020395726,0.99956827,0.979691548,0.02060357,0.021209243,0.020995648,0.968995768
2650,0.989393916,0.020805663,0.000620101,0.021190577,0.030582088,0.999869644,0.969621519,0.020604478,0.021217012,0.999778132,0.000620101
2651,0.989393714,0.020889305,0.00101117,0.020281412,0.01030118,0.010102921,0.98989829,0.999265585,0.999882054,0.999890731,0.00101117
2652,0.989393007,0.999576544,0.000423456,0.010601241,0.011212564,0.030272037,0.000623128,0.999275473,0.021295407,0.010597407,0.000423456
2653,0.989392907,0.021009471,0.999879128,0.010713437,0.020989191,0.020182838,0.010397736,0.999275776,0.021322144,1.22E-05,0.999879128
2654,0.9893922,0.999771675,0.01031359,0.021302974,0.010096464,0.020692459,0.989383624,0.999277693,0.999974272,0.000718776,0.01031359
2655,0.989391696,0.999788221,0.000420934,0.999879128,0.01120641,0.988776943,0.02050439,0.020684387,0.999996469,0.001114789,0.000420934
2656,0.989391595,0.999869845,0.000317819,0.030379995,0.010502163,0.010619604,0.010093235,0.020694275,0.010092125,0.999386861,0.000317819
2657,0.989391494,0.999881953,0.000309344,0.999680264,0.020689835,6.26E-06,0.969221167,0.020700228,0.988784611,0.021215902,0.000309344
2658,0.989391191,0.021322245,0.999474539,0.020898991,0.011225277,0.999484729,0.989789424,0.020707694,0.988789554,0.010091419,0.999474539
2659,0.989390586,0.010099087,0.010814937,0.000928739,0.030486843,0.978786217,0.020484918,0.999373846,0.988874609,0.000822799,0.010814937
2660,0.989390384,0.988783904,0.000825927,0.020891222,0.001018434,0.999472218,0.000810893,0.999375258,0.988879149,0.020592169,0.000825927
2661,0.989390283,0.010192112,0.999164589,0.001124677,0.030277687,0.010092024,0.010703246,0.99938454,0.010298052,0.021312459,0.999164589
2662,0.989390082,0.010201395,0.010205329,0.021196026,0.010807774,0.978996684,0.011219123,0.99938787,0.010313691,0.010398745,0.010205329
2663,0.989389274,0.010205531,0.989480584,0.010311673,0.02120894,0.000726444,0.000527176,0.020784677,0.989082251,0.989888806,0.989480584
2664,0.989388972,0.01020765,0.989798,0.999372433,0.030281017,0.979603971,0.021309936,0.999466265,0.010513564,0.000125211,0.989798
2665,0.989388064,0.989078921,0.999086295,0.010899487,0.010517398,0.001031652,0.010205834,0.99946899,0.010610221,0.02029695,0.999086295
2666,0.989387458,0.010516893,0.999182448,2.14E-05,0.000317819,0.010113111,0.020286356,0.999476658,0.010705971,0.020297757,0.999182448
2667,0.989387156,0.989179211,0.999471815,0.000214705,0.020297455,0.989193034,0.00060759,0.999484124,0.010714849,0.021002307,0.999471815
2668,0.989386348,0.010602049,0.010192112,0.010103829,0.000408221,0.989292617,0.000626962,0.99956827,0.010716968,0.021087564,0.010192112
2669,0.989386248,0.989288783,0.010600333,0.999584413,0.01120308,0.989804659,0.999678851,0.999575938,0.010902514,0.02109614,0.010600333
2670,0.989385844,0.989299276,0.010801215,0.020201403,0.010605176,0.999086496,0.978792472,0.999770565,0.011006839,0.999792762,0.010801215
2671,0.989385642,0.010695477,0.000112498,0.02038372,0.010205329,0.998864931,0.030471305,0.999788221,0.011009362,0.010611331,0.000112498
2672,0.989385541,0.010705466,0.998968147,0.010496916,0.020197266,0.020690441,0.01071273,0.999871662,0.989689134,0.020687918,0.998968147
2673,0.989385239,0.010714647,0.999679961,0.010508519,0.011222957,0.999379899,0.000710301,0.999996166,0.011205804,0.020786291,0.999679961
2674,0.989385037,0.989390384,0.988984685,0.02129228,0.020685194,0.010807269,2.13E-05,0.999998083,0.011207217,0.030471507,0.988984685
2675,0.989384734,0.989397951,0.010617889,0.020383014,0.000825927,0.020380996,0.011006839,0.988784409,0.989902023,0.010302895,0.010617889
2676,0.989384532,0.989483409,0.000407111,0.001023075,0.010594381,0.020385536,0.001013692,0.010192617,0.978697934,0.000321956,0.000407111
2677,0.989384129,0.010914117,0.020401679,0.999672697,0.011203585,0.999672091,0.988773411,0.010293512,0.000120368,0.030285355,0.020401679
2678,0.989383624,0.989681567,0.999876101,0.030475643,0.000220153,0.010292503,0.979611639,0.01030118,0.000204111,0.020197669,0.999876101
2679,0.989383422,0.989691556,0.99997972,0.030268708,0.020996556,0.00050508,0.979107467,0.010303702,0.000213393,0.020292612,0.99997972
2680,0.989382918,0.011119438,0.000821285,0.020482496,0.020895056,0.000827036,0.020601149,0.988992353,0.97909657,0.998969559,0.000821285
2681,0.989382716,0.989797092,0.020399964,0.020986366,0.000419925,0.000115222,0.011027523,0.98908437,0.000608901,0.999278399,0.020399964
2682,0.98938201,0.989902023,0.999481803,0.011113586,0.010101307,0.979107971,0.000309849,0.989183449,0.000613139,0.030475442,0.999481803
2683,0.989381606,2.32E-06,0.00072029,0.000206936,0.010915933,0.01051881,0.020707492,0.010615367,0.9793029,0.989684493,0.00072029
2684,0.989381505,6.56E-06,0.969726954,0.0203927,0.010103022,0.989489867,0.000414679,0.989290599,0.000714539,0.020589546,0.969726954
2685,0.989381304,0.000101601,0.99958068,0.000120166,0.010203211,0.979307945,0.020591463,0.010694973,0.979398246,0.020787199,0.99958068
2686,0.989381203,0.000101904,0.999995258,0.020204732,0.000721399,0.969306928,0.010310563,0.01070032,0.00092218,0.021189871,0.999995258
2687,0.989381102,0.000110884,0.010291494,0.999377881,0.021093113,2.02E-05,0.000416293,0.010807572,0.03028818,0.021199557,0.010291494
2688,0.989379891,0.000213393,0.97981464,0.030377674,0.0111151,0.000408221,0.978995372,0.010818468,0.030374547,0.030382416,0.97981464
2689,0.98937979,0.00022883,0.9789872,1.94E-05,0.010096867,0.00072039,0.020505198,0.989482199,0.030383425,0.020404807,0.9789872
2690,0.989378378,0.000318526,0.999174881,0.00050508,0.999773188,0.021001197,0.979097276,0.989494306,0.030482706,0.02058773,0.999174881
2691,0.989377571,0.000414981,0.999386659,0.021294701,0.01061012,0.000918145,0.001019948,0.989594596,0.030492392,0.02081101,0.999386659
2692,0.98929978,0.000422145,0.988879351,0.020987879,0.000115424,0.988890651,0.999469595,0.989686713,0.030590765,0.010712932,0.988879351
2693,0.989299377,0.979085471,0.989074684,4.04E-06,0.999183154,0.020600342,0.010618797,0.989687924,0.030596818,0.010804141,0.989074684
2694,0.989299276,0.979099092,0.989076399,0.020482395,0.011013801,0.968703273,0.001126796,0.989689033,0.020197569,0.000109572,0.989076399
2695,0.989298872,0.979186972,0.020286558,0.999780049,0.999586835,0.969403384,0.021307716,0.989703764,0.020206145,0.989080031,0.020286558
2696,0.989298772,0.979206646,0.020588032,0.999677943,0.021008361,0.001022975,0.011003914,0.989888806,0.020284641,0.010713235,0.020588032
2697,0.98929746,0.000625953,0.989393007,0.020784576,0.000315196,0.020604276,0.021005738,0.989892741,0.020383518,0.000909468,0.989393007
2698,0.989297359,0.979291398,0.010903624,0.999769858,0.999986985,0.010800913,0.000713025,1.31E-05,0.020408641,0.001020452,0.010903624
2699,0.989297157,0.979304716,0.001028322,0.000931866,0.010620714,0.010099692,0.010525268,2.17E-05,0.999064703,0.020283733,0.001028322
2700,0.989297056,0.000807967,0.969618593,0.020404605,0.010807168,0.000813315,0.021008159,0.000103619,0.999065006,0.020600644,0.969618593
2701,0.989295644,0.00083198,0.999993845,0.0105966,0.999083268,0.989695592,0.989588643,0.000211779,0.999071766,0.999574021,0.999993845
2702,0.989295442,0.000926721,0.999279811,0.999676026,0.021210958,0.989806072,0.011024799,0.000213797,0.020490063,0.999778535,0.999279811
2703,0.98929524,0.000928638,0.999370314,0.020799004,0.030372125,0.00102025,0.978886506,0.978898109,0.0302791,0.010110589,0.999370314
2704,0.989295139,0.979592368,0.999580479,0.010310967,0.000725334,0.999182448,0.979590552,0.000302887,0.999178513,0.010909678,0.999580479
2705,0.989294534,0.0010146,0.99978126,0.030589049,0.020894955,0.99938898,0.989276373,0.000316911,0.999179925,0.011112073,0.99978126
2706,0.98929413,0.001033468,0.999976391,0.999978106,0.020501061,0.000229032,0.978995574,0.0004171,0.020588638,0.9798102,0.999976391
2707,0.989293929,0.97971092,0.998964817,0.999985068,0.999778636,0.979504892,0.020788006,0.000428804,0.020596507,0.999071564,0.998964817
2708,0.989293727,0.001126997,0.999982848,0.030474836,0.010901606,0.969008884,0.030277586,0.97909657,0.999369103,0.021311651,0.999982848
2709,0.989293525,0.979797387,0.96869732,0.030371923,0.03058128,0.969311165,0.010414989,0.000521325,0.020801526,0.011016727,0.96869732
2710,0.989293424,0.979798497,0.999781865,0.010291494,0.030495116,0.010091015,8.88E-06,0.000523443,0.999476153,0.011103396,0.999781865
2711,0.989293021,0.979808788,0.999080745,0.999779746,0.010502667,0.9893922,0.001120036,0.000523746,0.999477364,0.001120237,0.999080745
2712,0.989292819,0.999067226,0.01081413,0.010506703,0.010204119,0.000104527,0.030482302,0.000610314,0.999478877,0.020282623,0.01081413
2713,0.989292617,0.968609037,0.979793553,0.030480688,0.011220838,0.000719583,0.020200898,0.97930734,0.02089556,0.010402781,0.979793553
2714,0.989291911,0.969203511,0.020293419,0.99977793,0.000413367,0.000929949,0.02058329,0.000711411,0.999568472,0.010497219,0.020293419
2715,0.98929181,0.969206638,0.010913209,0.020487238,0.010202908,0.010517398,0.9796072,0.000723619,0.999569077,0.989184054,0.010913209
2716,0.989291608,0.030489769,0.999996166,0.021117227,0.000227014,0.001117412,0.030578354,0.000808068,0.999582295,0.010898276,0.999996166
2717,0.989291507,0.998869774,0.010495403,0.001009152,0.020809093,0.969205125,0.020886581,0.000816745,0.021008058,0.011217206,0.010495403
2718,0.989291305,0.998968248,0.010595793,0.020690037,0.010714647,0.999084781,0.989681265,0.00082744,0.999674815,0.001032358,0.010595793
2719,0.989291204,0.998968853,0.010599425,0.999773894,0.020695082,0.020694174,0.989187383,0.000828146,0.999685611,0.999065309,0.010599425
2720,0.989290599,0.02038594,0.000613139,0.021104009,0.010601241,0.969100194,0.000203707,0.000917136,0.021094929,0.988874306,0.000613139
2721,0.989290296,0.02038715,0.001018333,0.020199183,0.02108716,0.999273959,0.979495307,0.000917338,0.021099772,0.989092139,0.001018333
2722,0.989290195,0.999085185,0.998874617,0.011013499,0.02060922,0.010612643,0.988878947,0.979611639,0.999774903,1.10E-05,0.998874617
2723,0.989290095,0.020489962,0.969721506,0.020900908,0.000725536,0.99908347,0.97879893,0.00101339,0.999775307,0.020801829,0.969721506
2724,0.989289994,0.999177605,0.999883164,0.011006436,0.000920263,0.010705668,0.020812826,0.001032055,0.999779343,0.021094122,0.999883164
2725,0.989289691,0.999177706,0.010604268,0.021115713,0.020704162,0.969205226,0.000816644,0.979697501,0.999790441,0.021202079,0.010604268
2726,0.989289287,0.020592976,0.020388966,0.021110265,0.001131739,0.9992673,0.010099692,0.979699518,0.021197035,0.000123596,0.020388966
2727,0.989288985,0.020598626,0.989785186,0.02099928,0.010302895,0.979306129,0.989293424,0.001112065,0.021203593,0.030293629,0.989785186
2728,0.989288884,0.020605689,0.9994815,0.020402789,0.020696091,0.001115193,0.020188286,0.001125686,0.021213077,0.02018647,0.9994815
2729,0.989288783,0.02060811,0.999580378,0.020696293,0.021315687,0.999374552,0.9788971,0.001128208,0.999879128,0.020191111,0.999580378
2730,0.989288581,0.999366278,0.0104162,0.02070053,0.010604773,0.020901614,0.020614467,0.001135775,0.021309936,0.020290493,0.0104162
2731,0.98928848,0.999366379,0.999572508,0.010418722,0.001129217,0.989286261,0.969115227,0.979793553,0.021314577,0.010809287,0.999572508
2732,0.989288278,0.999373846,0.000628071,0.021319723,0.021005132,0.00101682,0.010501961,0.979796378,0.030577346,0.000910275,0.000628071
2733,0.989288178,0.999386861,0.998980658,0.02110522,0.010395819,0.000216622,0.010605984,0.979812218,0.010099087,0.021088573,0.998980658
2734,0.989287976,0.99938787,0.020593178,0.020296547,0.000917338,0.000313279,0.001134665,0.969525366,0.988878846,0.979101917,0.020593178
2735,0.989287875,0.020812322,0.99987943,0.020610431,0.999577855,0.000716355,0.9793029,0.969713737,0.010314901,0.020497429,0.99987943
2736,0.989287673,0.999479382,0.989702049,0.021011691,0.020285347,0.979794057,0.000109269,0.998860996,0.010315507,0.999585927,0.989702049
2737,0.989287572,0.999486343,0.969607393,0.001112771,0.010501759,0.96971636,0.979510946,0.020282825,0.988972982,0.021208133,0.969607393
2738,0.989286967,0.99957836,0.000421842,0.999486747,0.010815946,0.020703053,0.021091398,0.020292511,0.988981457,0.010201395,0.000421842
2739,0.989286866,0.020990805,0.000117946,0.010398745,0.020486633,0.999989406,0.999782571,0.020293419,0.010405404,0.010207751,0.000117946
2740,0.989286563,0.020995144,0.01090201,0.030580473,0.001034678,0.020889406,0.969099891,0.020294932,0.010410752,0.010498228,0.01090201
2741,0.989286462,0.021003821,0.000726646,0.010915832,0.020204833,0.010812314,0.999389484,0.998968853,0.010506804,0.989881642,0.000726646
2742,0.989286261,0.999677237,0.020705575,0.000928436,0.020899092,0.00020855,0.978790152,0.999064602,0.010515985,0.020802434,0.020705575
2743,0.989286059,0.999773692,0.99937768,0.000810994,0.000422851,0.020794464,0.000528185,0.999066015,0.989188998,0.999567261,0.99937768
2744,0.989285958,0.9997745,0.021000693,0.999673403,0.010516893,0.98990616,0.011106322,0.999067528,0.0105966,0.021323355,0.021000693
2745,0.989285554,0.999780452,0.989081444,0.999477364,0.000505181,0.999871662,0.030283539,0.020488247,0.010612138,0.01062253,0.989081444
2746,0.989285252,0.99987378,0.989396438,0.020795775,0.010596499,0.999672697,0.010191002,0.999174981,0.010618797,0.001126392,0.989396438
2747,0.989285151,0.999876202,0.968900018,0.010612945,0.000624944,0.010394407,0.999568775,0.999182145,0.989279803,0.030289795,0.968900018
2748,0.989284747,0.999891538,0.999182145,0.999768749,0.020609624,0.00032125,0.000106545,0.020609725,0.989282527,0.030380298,0.999182145
2749,0.989284344,0.030471809,0.000118451,0.021008563,0.001133858,0.979299066,0.979807476,0.020611743,0.989288783,0.020705373,0.000118451
2750,0.989283637,0.010093639,0.969010801,0.001022773,0.020797188,0.979796075,0.999184163,0.999285461,0.010697899,0.021197741,0.969010801
2751,0.989283435,0.010100399,0.999689344,0.999577452,0.010407826,0.000526975,0.01052325,0.999285865,0.010807975,0.000406405,0.999689344
2752,0.989283133,0.988882378,0.978696622,0.000225399,0.001123567,0.999275776,0.988779566,0.999366379,0.989484923,0.001116504,0.978696622
2753,0.989283032,0.010308141,0.000921777,0.010906247,0.020486128,0.99998305,0.000809178,0.999366884,0.010911796,0.011209336,0.000921777
2754,0.98928283,0.010310058,0.020188589,0.021294802,0.010092125,0.989891933,0.021105826,0.999369103,0.010912704,0.979812218,0.020188589
2755,0.989282729,0.010401671,0.02049198,0.020484514,0.020889507,0.969017359,0.999978408,0.999369709,0.010914117,0.020203824,0.02049198
2756,0.989282527,0.010409945,0.000310656,0.030270927,0.030482807,0.998967037,0.02129914,0.999374955,0.011003712,0.999770666,0.000310656
2757,0.989282225,0.989090222,0.999278903,0.010804242,0.020791134,0.999468586,0.969517496,0.999379597,0.989701242,0.010307536,0.999278903
2758,0.989282124,0.010595894,0.0005185,0.020300078,0.01100694,0.999479281,0.011017635,0.020799004,0.011106927,0.000728967,0.0005185
2759,0.989281115,0.0105966,0.999085185,0.021313568,0.010805756,0.999682786,0.020407733,0.020808992,0.989784783,0.030495621,0.999085185
2760,0.989280711,0.010617889,0.999572911,0.000726646,0.000206734,0.000729067,0.020810909,0.999466064,0.989891933,0.999079131,0.999572911
2761,0.989280005,0.989288884,0.010298052,0.01070022,0.010096363,0.98978902,0.989890723,0.99946677,0.989896978,0.020796683,0.010298052
2762,0.989279803,0.989295442,0.010699917,0.020894955,0.010913512,0.020290594,0.97981464,0.020897679,7.06E-06,0.021188963,0.010699917
2763,0.989279702,0.010697899,0.978992345,0.020289484,0.00101117,0.998977631,1.44E-05,0.020897881,2.02E-05,0.010301079,0.978992345
2764,0.989279501,0.01071384,0.969725037,0.010997658,0.021088573,0.020486128,0.000315095,0.020908576,0.978683506,0.010594683,0.969725037
2765,0.989278996,0.989384734,0.97970083,0.999971447,0.020184049,0.999999496,0.979294929,0.999570994,0.978685826,0.011104405,0.97970083
2766,0.989278391,0.010803738,0.989899097,0.000410239,0.001028322,0.989686208,0.999884879,0.999571499,0.000116736,1.56E-05,0.989899097
2767,0.989278189,0.010808883,0.000204918,0.999783378,0.011004115,0.000521022,0.021008563,0.020999987,0.000126018,0.020287769,0.000204918
2768,0.989277987,0.989491481,0.989892741,0.999786203,0.010103829,0.000205019,0.010306628,0.999681071,0.000228225,0.020899193,0.989892741
2769,0.989277785,0.989495719,0.978685322,0.020598929,0.020191717,0.999171854,0.00031116,0.999690858,0.000308234,0.99979256,0.978685322
2770,0.989277684,0.010898276,0.979590148,0.000403782,0.021298838,0.020997565,0.979196153,0.999776921,0.978998601,0.000813315,0.979590148
2771,0.989277382,0.010911393,0.999567867,0.020507417,0.000524957,0.999681979,0.000909669,0.999787011,0.979096873,0.000819671,0.999567867
2772,0.989277281,0.989704773,0.000321552,0.010805352,0.02060468,0.010407826,0.9798102,0.999884879,0.000606379,0.030291005,0.000321552
2773,0.989276474,0.011113586,0.020395525,0.999570389,0.010109782,0.969105239,0.011008454,0.999892648,0.000714639,0.020180517,0.020395525
2774,0.989276373,0.989882348,0.979488951,0.001110652,0.00071363,0.968999904,0.979104541,0.999974171,0.000812709,0.02019777,0.979488951
2775,0.989275969,0.978682396,0.989384734,0.000605975,0.010099087,0.020788208,0.001112166,0.999983554,0.979695886,0.020997868,0.989384734
2776,0.989275667,0.000115626,0.001117917,0.021291069,0.010717573,0.021006343,0.999581588,0.999984866,0.030285053,0.000404185,0.001117917
2777,0.989196666,0.978887314,0.968998694,0.021309331,0.00042497,0.999681575,0.010608001,0.999996065,0.030371015,0.00062908,0.968998694
2778,0.989196565,0.978893468,0.999881146,0.00093449,0.02090787,0.969516487,0.999883264,0.010098583,0.969515074,0.000715346,0.999881146
2779,0.989196363,0.978893569,0.998972182,0.010500952,0.001112166,0.000230041,0.001115193,0.010107159,0.969712526,0.999273455,0.998972182
2780,0.989195657,0.978989419,0.000209155,0.000710402,0.010093235,0.001024286,0.020203925,0.010311168,0.020181829,0.99977904,0.000209155
2781,0.989195556,0.0004171,0.988773108,0.020497933,0.020404504,0.999889015,0.999774903,0.010401167,0.020190203,0.000715447,0.988773108
2782,0.989193942,0.000417302,0.999684602,0.010313691,0.020702649,0.010916538,0.988791976,0.010494797,0.020194844,0.020182434,0.999684602
2783,0.989193034,0.000424869,0.020297858,0.02131145,0.011102992,0.999678649,0.011104102,0.010509023,0.020197367,0.030580473,0.020297858
2784,0.989192933,0.979101917,0.989386348,0.010407725,0.001134766,0.989390082,0.000406102,0.989188392,0.020283733,0.989903738,0.989386348
2785,0.989192025,0.97919575,0.020805158,0.99948029,0.010100903,0.978993859,0.011021469,0.010594986,0.020388966,0.000914008,0.020805158
2786,0.989191924,0.979208765,0.010308141,0.030482504,0.010309251,0.9898882,0.010807774,0.01061456,0.020405816,0.000936104,0.010308141
2787,0.989191823,0.000614955,0.98948916,0.000101904,0.000929647,0.000222675,0.978905172,0.010617889,0.020487743,0.979704967,0.98948916
2788,0.989191621,0.979288674,0.978899825,0.020793354,0.010612945,0.969524155,0.000425575,0.010703953,0.020496117,0.030273551,0.978899825
2789,0.989191318,0.979304111,0.020595499,0.999783277,0.999669064,0.00090856,0.999673605,0.989489463,0.020598929,0.020896569,0.020595499
2790,0.989191016,0.979508827,0.999889621,0.999387365,0.010613046,0.020689734,0.999792459,0.010900496,0.020600342,0.021193604,0.999889621
2791,0.989190713,0.000912495,0.020297959,0.999476758,0.000205927,0.99979256,0.010501355,0.010913209,0.020614265,0.010604268,0.020297959
2792,0.989190511,0.000926014,0.999275977,0.020387554,0.020196257,0.999795183,0.999986278,0.010917648,0.999267502,0.020699824,0.999275977
2793,0.98919041,0.001136683,0.010719188,0.010906146,0.010501961,0.999282636,0.000613139,0.989585313,0.020692358,0.021105624,0.010719188
2794,0.989190209,0.97979325,0.979394715,0.999279811,0.001113074,0.999779847,0.02069821,0.989681265,0.02069266,0.021105725,0.979394715
2795,0.989190108,0.96900162,0.020295033,0.010412063,0.020890415,0.98989718,0.030293225,0.989883458,0.020695082,0.021289656,0.020295033
2796,0.989189906,0.969001922,0.999892244,0.000624944,0.999772684,0.000121982,0.979188586,2.42E-06,0.020705676,0.010501961,0.999892244
2797,0.989189401,0.030277486,0.989477759,0.021191183,0.020280303,0.979202005,0.979607603,1.11E-05,0.020795775,0.010515985,0.989477759
2798,0.9891893,0.969317118,0.969715149,0.010292503,0.021106431,0.000509116,0.999076508,2.13E-05,0.020795876,0.011214381,0.969715149
2799,0.989189099,0.96940974,0.001009757,0.0104162,0.000425979,0.968804773,0.010395214,0.000204918,0.020803443,0.000106041,0.001009757
2800,0.989188998,0.030484219,0.000106242,0.010698403,0.030272138,0.96900162,0.020888094,0.000303694,0.020886076,0.97910222,0.000106242
2801,0.989188897,0.030491181,0.001037907,0.999580983,0.000119359,0.989078921,0.978888625,0.000323369,0.020886177,0.02089556,0.001037907
2802,0.989188796,0.969602651,0.020280303,0.010101307,0.011111367,0.010298153,0.979794057,0.978990731,0.020887993,0.999778939,0.020280303
2803,0.989188695,0.96962505,0.999669972,6.46E-06,0.021323759,0.000422851,0.998972586,0.000405598,0.020897578,0.010301886,0.999669972
2804,0.989188392,0.969725239,0.000510226,0.020489054,0.030581381,0.999581588,0.000520517,0.000417302,0.020900605,0.01049964,0.000510226
2805,0.989187888,0.020186571,0.000620706,0.020588537,0.020182434,0.98878572,0.97940097,0.000625751,0.020904338,0.010696285,0.000620706
2806,0.989187686,0.020190203,0.999168726,0.021322952,0.011111165,0.99927295,0.979793553,0.000627466,0.99957836,0.010705668,0.999168726
2807,0.989187383,0.020191717,0.99946677,0.010207751,0.000422145,0.988875214,0.020687212,0.000715346,0.021107743,0.979304212,0.99946677
2808,0.989187283,0.020196358,0.999368397,0.020896166,0.030583702,0.979200694,0.99997518,0.97939199,0.021112384,0.001019141,0.999368397
2809,0.989187081,0.998871187,0.999486848,0.02131831,0.010510133,0.979502773,0.000816947,0.979495711,0.999769758,0.020280605,0.999486848
2810,0.98918698,0.020403596,0.999273657,0.999776921,0.02078508,0.001113074,0.020796784,0.001117816,0.999780452,0.020596507,0.999273657
2811,0.989186879,0.020492888,0.999273152,0.999689445,0.020894854,0.010603966,1.79E-05,0.979791938,0.021199557,0.020793757,0.999273152
2812,0.989186173,0.020503583,0.979699518,0.001114789,0.001114789,0.989796386,0.000609709,0.03029262,0.021200667,0.999881146,0.979699518
2813,0.989185971,0.999170643,0.000622522,0.021196127,0.021316494,0.001126997,0.000831678,0.02018082,0.021209647,0.010202908,0.000622522
2814,0.989185366,0.020604478,0.978906383,0.000824312,0.021188156,0.020191717,0.020499144,0.998872498,0.999872973,0.01070587,0.978906383
2815,0.989185265,0.999264576,0.968903852,0.999285562,0.0108108,0.99886937,0.020795876,0.020297354,0.999881146,0.010798592,0.968903852
2816,0.989185164,0.999273859,0.999974171,0.011209235,0.000419824,0.999669771,0.999477465,0.020297556,0.021307515,0.000506695,0.999974171
2817,0.989184659,0.999277995,0.988998003,0.010612844,0.02048633,0.010300272,0.020611844,0.998961891,0.021315485,0.000716859,0.988998003
2818,0.989184457,0.020701842,0.000722711,0.999893152,0.010595995,0.989785994,0.000616267,0.998971678,0.021319319,0.020794564,0.000722711
2819,0.989184357,0.020707694,0.000933783,0.010713235,0.010494696,0.010601544,0.969605274,0.99897531,0.021320732,0.020800013,0.000933783
2820,0.989184054,0.999372635,0.02089556,0.999893455,0.000515473,0.999675017,0.979201299,0.020382711,0.999989002,0.010095858,0.02089556
2821,0.989183449,0.999377074,0.010394709,0.999678851,0.010918455,0.999582295,0.001130932,0.020396937,0.999991424,0.010396727,0.010394709
2822,0.989182944,0.999389282,0.999587844,0.999473429,0.010903523,0.999774197,0.988774925,0.999084277,0.030576034,0.000626356,0.999587844
2823,0.989182339,0.020786997,0.989481492,0.999468283,0.010594885,0.010720096,0.010597912,0.999087505,0.010105645,0.000924198,0.989481492
2824,0.989181632,0.999467173,0.98949592,0.999573517,0.00112165,0.979494197,0.00010372,0.999173771,0.01041398,0.999177806,0.98949592
2825,0.989181128,0.999468889,0.979200694,0.01030007,0.010406514,0.010495403,0.000827137,0.020605386,0.010418319,0.021211261,0.979200694
2826,0.989180523,0.999481299,0.020582786,0.001119128,0.030293023,0.99988609,0.021194714,0.999269924,0.989083562,0.000321552,0.020582786
2827,0.989179816,0.999487756,0.000515069,0.000113507,0.02059903,0.010101307,0.97898841,0.999273758,0.010502163,0.000816745,0.000515069
2828,0.989179715,0.020885471,0.999572306,0.010698101,0.020389874,0.020788006,0.999071766,0.999284352,0.989179715,0.000817754,0.999572306
2829,0.989179413,0.020897175,0.000221868,0.030491686,0.00071353,0.999787313,0.999674008,0.999287076,0.989187686,0.020784374,0.000221868
2830,0.989179211,0.020899394,0.979697299,0.999690151,0.000820377,0.000715447,0.000914008,0.020696696,0.989192933,0.999469292,0.979697299
2831,0.98917911,0.999577351,0.999782672,0.021303983,0.021311147,0.979494096,0.979813933,0.020699622,0.010619705,0.000914916,0.999782672
2832,0.989178807,0.999667854,0.999992433,0.021314376,0.010308141,0.998871187,0.030493704,0.020703961,0.989282225,0.020896166,0.999992433
2833,0.989178101,0.999672697,0.999678548,0.030476652,0.000921878,0.999690757,0.010911393,0.999369911,0.989285958,0.000321351,0.999678548
2834,0.989177496,0.99967764,0.978790152,0.010190901,0.020183141,0.99997861,0.010914319,0.999376065,0.010721105,0.010505593,0.978790152
2835,0.989176588,0.999779746,0.999281627,0.999373846,0.011006739,5.35E-06,0.979294526,0.999389888,0.989385037,0.030478368,0.999281627
2836,0.989176487,0.99978136,0.001027212,0.011004115,0.001026001,0.979693667,0.969707078,0.020788006,0.010796272,0.030576135,0.001027212
2837,0.989176184,0.999795587,0.999577956,0.030471103,0.000825624,0.989496627,0.999084277,0.999467375,0.989495012,0.988783702,0.999577956
2838,0.989176083,0.999883365,0.010916841,0.030495721,0.010520122,0.98988477,0.010395718,0.999469191,0.011007848,0.989188998,0.010916841
2839,0.989094964,0.999981234,0.999182649,0.999792156,0.000509217,0.979611639,0.020299977,0.999474236,0.011016223,0.010907861,0.999182649
2840,0.989094863,0.999991222,0.010610019,0.030592883,0.000230848,0.020295538,0.010211181,0.999479987,0.01101925,0.020501061,0.010610019
2841,0.989094762,0.010098179,0.999282636,0.03059248,0.01062253,0.000525461,0.001032358,0.999484326,0.011116613,0.020688423,0.999282636
2842,0.989094257,0.988773411,0.969015947,0.020589445,0.01030683,0.979607805,0.020695284,0.020886581,0.011210547,0.020784677,0.969015947
2843,0.989094156,0.010206137,0.999486343,0.021103303,0.010305821,0.000211072,0.010405505,0.999572104,0.011216802,0.999882054,0.999486343
2844,0.989093955,0.01030118,0.999169634,0.010111497,0.011027624,0.020700127,0.98969085,0.021005536,4.84E-06,0.010398039,0.999169634
2845,0.989093854,0.010301482,0.989396135,0.020902018,0.020892029,0.020490568,0.001112267,0.999669064,1.32E-05,0.011005326,0.989396135
2846,0.989092744,0.988992152,0.999086698,0.999384339,0.020994034,0.02100937,0.010804949,0.999781159,1.91E-05,0.011211858,0.999086698
2847,0.98909234,0.010402377,0.999389888,0.020886682,0.010105443,0.999678548,0.020700228,0.999787616,0.000113406,0.020791941,0.999389888
2848,0.989092239,0.010402781,0.999684299,0.989187888,0.02079406,0.010101408,0.010192516,0.999790643,0.00022318,0.99948261,0.999684299
2849,0.989092139,0.010408128,0.000113406,0.010205329,0.000914008,0.020596205,0.000205019,0.999878119,0.978889432,0.999570288,0.000113406
2850,0.989091937,0.989074785,0.001020049,0.000414174,0.000909468,0.020600644,0.011212968,0.999885989,0.979000013,0.999781058,0.001020049
2851,0.989091634,0.989089818,0.020295639,0.00022318,0.020598929,0.010596499,0.0303918,0.99988609,0.000412862,0.03047645,0.020295639
2852,0.989091533,0.010493082,0.999885282,0.999476658,0.001029735,0.010610221,1.59E-05,0.999892749,0.000421943,0.000425373,0.999885282
2853,0.989091432,0.010502667,0.020583997,0.020404504,0.010618999,0.979201299,0.010198872,0.999981334,0.000513556,0.001022067,0.020583997
2854,0.989091331,0.010507006,0.010615165,0.001125181,0.020903733,0.998980658,0.000928537,0.010090107,0.000620706,0.998982171,0.010615165
2855,0.98909113,0.010524158,0.989795074,0.011120245,0.011023487,0.999788423,0.96971414,0.010104636,0.00071353,0.020612247,0.989795074
2856,0.989090928,0.010596298,0.96950448,0.010909879,0.999369103,0.000418815,0.999689344,0.010105645,0.000716758,0.999579974,0.96950448
2857,0.989090524,0.010598316,0.989581479,0.999578259,0.001113175,0.989702957,0.011203282,0.988777851,0.000813113,0.010701935,0.989581479
2858,0.989090322,0.010610221,0.000419521,0.999574526,0.010316112,0.000118451,0.000720693,0.988779566,0.000825624,0.010717674,0.000419521
2859,0.989090222,0.010618999,0.979104137,0.020613761,0.010997658,0.979396127,0.000808976,0.010204926,0.000827036,0.998981667,0.979104137
2860,0.989089919,0.01070587,0.000611525,0.99978802,0.000126018,0.96961718,0.000809279,0.010306628,0.979495711,0.020492586,0.000611525
2861,0.989089818,0.989379891,0.9796072,0.999478978,0.000303694,0.021012599,0.000807967,0.988993665,0.000919658,0.02059227,0.9796072
2862,0.989089011,0.989395328,0.010090713,0.000625751,0.010401671,0.000109875,0.979313091,0.010408128,0.979604677,0.021006343,0.010090713
2863,0.989088809,0.010808379,0.001019141,0.001028221,0.010292503,0.000830568,0.000917338,0.010517499,0.001037907,0.021205611,0.001019141
2864,0.989088002,0.010809489,0.020384527,0.000515977,0.000314389,0.99918164,0.02070497,0.010518911,0.979690842,0.010412467,0.020384527
2865,0.9890878,0.989484317,0.999477263,0.020802434,0.011025707,0.01041398,0.978693393,0.989196666,0.979811714,0.020286558,0.999477263
2866,0.989086993,0.01091442,0.999998789,0.000825725,0.000824413,0.978986392,0.979811714,0.01059549,0.030275165,0.020608615,0.999998789
2867,0.989086488,0.98970447,0.01081524,0.010412265,0.020485927,0.999791046,0.000106242,0.989283133,0.030387663,0.021308221,0.01081524
2868,0.989086287,0.011106322,0.969617079,0.010811204,0.020392094,0.00040358,0.020591866,0.989297157,0.030392506,0.010902918,0.969617079
2869,0.989086186,0.011203988,0.020605689,0.000918649,0.000317517,0.000428703,0.999282636,0.989378378,0.030479175,0.000818864,0.020605689
2870,0.989085984,0.989885173,0.010612138,0.999478373,0.000511033,0.000929647,0.978691174,0.989382918,0.030486036,0.021112384,0.010612138
2871,0.989085379,0.989886081,0.010091015,0.010406514,0.010807269,0.021000693,0.000116736,0.01081635,0.030491282,0.021188459,0.010091015
2872,0.989085278,0.989893144,0.979190806,0.010898579,0.010711621,0.999469797,0.989396438,0.989490068,0.030577245,0.011013599,0.979190806
2873,0.989085177,0.98989718,0.00092218,0.020182535,0.020605487,0.999690151,0.010812617,0.989585919,0.030590462,0.030492291,0.00092218
2874,0.989084975,1.31E-05,0.99947585,0.000404185,0.020614467,0.010407523,0.96921249,0.989587836,0.969725743,0.020397341,0.99947585
2875,0.989084874,0.000107453,0.999577553,0.020194844,0.010206237,0.000226812,0.999477767,0.020501767,0.998865436,0.02049763,0.999577553
2876,0.98908437,0.000125413,0.999672697,0.99928526,0.020188993,0.998875929,0.979792745,0.98969882,0.998872902,0.020900807,0.999672697
2877,0.989083764,0.000312875,0.979609621,0.000830568,0.030480486,0.020496722,0.020605689,0.98970437,0.020296748,0.021099671,0.979609621
2878,0.989083562,0.000523544,0.999068941,0.020485725,0.00072039,0.000909669,0.021190275,0.989780848,0.020298363,0.011008353,0.999068941
2879,0.989083361,0.979201501,0.999890832,0.000928133,0.000405598,0.969204116,0.989385037,0.989788516,0.020298565,0.030470296,0.999890832
2880,0.989083159,0.000611525,0.999975987,0.020295235,0.020789721,0.0104162,0.989903032,0.989806072,0.020383922,0.010311673,0.999975987
2881,0.989083058,0.000622522,0.999468687,0.021307212,0.010596298,0.00071353,0.001026506,1.21E-06,0.020391792,0.000722711,0.999468687
2882,0.989082453,0.979291095,0.989297157,0.99977682,0.00101339,0.001119128,0.020810001,6.26E-06,0.999067326,0.000910578,0.989297157
2883,0.989082352,0.979312283,0.010496613,0.000706265,0.010504584,0.020696696,0.011218114,8.88E-06,0.999084983,0.0207084,0.010496613
2884,0.989082251,0.000714639,0.03028586,0.000221565,0.010311673,0.010811002,0.979690842,1.12E-05,0.020493695,0.999568976,0.03028586
2885,0.98908215,0.000727453,0.010309857,0.010815643,0.010200486,0.989796991,0.02048744,1.26E-05,0.020507518,0.988785619,0.010309857
2886,0.989081444,0.979391486,0.988995784,0.020406018,0.020381399,0.999082057,0.010298153,0.978696925,0.020592371,0.010604672,0.988995784
2887,0.989080031,0.000813315,0.020786493,0.020994639,0.020407531,0.001110652,0.978903961,0.000206734,0.020693266,0.001018132,0.020786493
2888,0.989079829,0.000816644,0.999569683,0.021217113,0.001025699,0.020787704,0.000821386,0.000226812,0.020707896,0.030491383,0.999569683
2889,0.989079728,0.000823202,0.020587528,0.999973666,0.010099995,0.010396626,0.000932573,0.00031116,0.999381413,0.021113494,0.020587528
2890,0.989079628,0.979490262,0.999894262,0.020282018,0.030384636,0.000321048,0.999087203,0.000321552,0.999387466,0.021193907,0.999894262
2891,0.989079527,0.000913907,0.01011301,0.021298434,0.999689445,0.969011205,0.000821285,0.000410037,0.020808791,0.010099188,0.01011301
2892,0.989079426,0.97959822,0.010504382,0.020796179,0.999773894,0.979191108,0.001133858,0.000410744,0.999475346,0.001009152,0.010504382
2893,0.989078921,0.979599431,0.010696285,0.020388563,0.011210244,0.969308946,0.01020089,0.000419925,0.020886379,0.001023782,0.010696285
2894,0.98907761,0.001009152,0.989283032,0.999480391,0.030273853,0.999087001,0.010497421,0.979085471,0.020889608,0.020482698,0.989283032
2895,0.989077509,0.001019645,0.999485234,0.020605487,0.021095534,0.00102812,0.989701242,0.000517692,0.020906961,0.999165195,0.999485234
2896,0.989077307,0.979708801,0.999776921,0.011110358,0.999996368,0.010695881,0.030491383,0.000526067,0.999569279,0.030472314,0.999776921
2897,0.989076903,0.979792745,0.000621312,0.02060922,0.010705971,0.010698403,0.010210475,0.000527176,0.999577553,0.010497925,0.000621312
2898,0.9890765,0.979817465,0.989581782,0.020889204,0.001011775,0.000828146,0.03037041,0.000714639,0.021005939,0.011109147,0.989581782
2899,0.989076399,0.968599956,0.969510938,0.001018333,0.010506501,0.02038261,0.999468283,0.000718877,0.021008865,0.000215411,0.969510938
2900,0.989076197,0.968809818,0.000505181,0.020383518,0.01041287,0.979196052,0.021307212,0.00072937,0.021010984,0.000814626,0.000505181
2901,0.989076096,0.969306928,0.989885577,0.999869946,0.021313568,0.001033165,0.000610314,0.00083198,0.999670477,0.030383022,0.989885577
2902,0.989075693,0.969417509,0.989395328,0.000933783,0.010694973,0.020292309,0.979809999,0.979498838,0.999688133,0.020284137,0.989395328
2903,0.989075592,0.96942326,0.969716663,0.021290867,0.010999878,0.989799614,0.020199586,0.000920465,0.021088068,0.020289686,0.969716663
2904,0.98907539,0.030497033,0.999672091,0.000405497,0.000123798,0.020897881,0.010406312,0.000932068,0.999770363,0.989597824,0.999672091
2905,0.989074785,0.96950781,0.01020765,0.010402075,0.000318727,0.001017728,0.010703549,0.97960609,0.999780251,0.011126501,0.01020765
2906,0.989074684,0.030597625,0.000425979,0.98978105,0.000818864,0.020810203,0.97930744,0.001017526,0.999790542,0.979195245,0.000425979
2907,0.989074381,0.969611429,0.020489054,0.999676631,0.011220132,0.02089445,0.978696925,0.97970083,0.021191485,0.020707694,0.020489054
2908,0.989073877,0.969614557,0.020696091,0.020812927,0.000727251,0.979797387,0.979000013,0.998963909,0.021217315,0.99947585,0.020696091
2909,0.988999618,0.969703647,0.988789554,0.999583707,0.010412063,0.96930834,0.000424667,0.998969458,0.999889015,0.999476758,0.988789554
2910,0.988999416,0.020196661,0.010513866,0.020892735,7.67E-06,0.99928082,0.999888309,0.998978438,0.999890327,0.999483518,0.010513866
2911,0.988999012,0.998875525,0.000119762,0.000617881,0.011127611,0.999587138,0.030280411,0.020390682,0.999893455,0.011013801,0.000119762
2912,0.988998306,0.020280101,0.000610314,0.999988296,0.000207642,0.001009455,0.979693667,0.020407733,0.999893758,0.011101883,0.000610314
2913,0.988998205,0.020389067,0.000816745,0.011119438,0.001028221,0.999070353,0.969714645,0.999065309,0.999895069,0.999281829,0.000816745
2914,0.988998003,0.020401175,0.968810121,0.000119762,0.021092104,0.000216016,0.020496117,0.999070252,0.02129349,0.999670981,0.968810121
2915,0.988996995,0.999070252,0.969099891,0.010099995,0.00062454,0.00031116,0.011102791,0.020600644,0.021293894,0.021117529,0.969099891
2916,0.988996793,0.99907449,0.020187076,0.011010774,0.010505391,0.020594691,0.978787024,0.020612852,0.021294398,0.000716456,0.020187076
2917,0.988996591,0.020498034,0.020904036,0.011019855,0.001136582,0.999869845,0.010804242,0.999264677,0.021297829,0.00102812,0.020904036
2918,0.988996288,0.999164287,0.979603971,0.010513564,0.000819873,0.010414888,0.02060811,0.999267199,0.999994753,0.020401074,0.979603971
2919,0.988996187,0.999184566,0.010708695,0.000230545,0.999886594,0.989885173,0.999680365,0.999269217,0.030484724,0.999072876,0.010708695
2920,0.988995784,0.020598828,0.989796991,0.999994753,0.999791046,1.32E-05,0.998981263,0.999279004,0.010096766,0.99967532,0.989796991
2921,0.988995481,0.020606294,0.010608607,0.020496722,0.999875596,0.000110884,0.020609725,0.999279206,0.988772806,0.999689748,0.010608607
2922,0.988995078,0.020689129,0.999578562,0.030278999,0.010202504,0.01031702,0.999689849,0.999282334,0.010199578,0.0111039,0.999578562
2923,0.988994674,0.020693669,0.02101048,0.000505484,0.020180114,0.969420334,0.01070587,0.999285562,0.010201193,0.011222049,0.02101048
2924,0.988994472,0.020810909,0.010612844,0.000319232,0.0104162,0.010109479,0.978984778,0.020689734,0.988872995,0.000608195,0.010612844
2925,0.988993968,0.999476758,0.001136582,1.31E-05,0.01121095,0.988989831,0.020611743,0.02069377,0.010293512,0.000926014,0.001136582
2926,0.988993665,0.999477263,0.979796176,0.001136582,0.000827036,0.000821285,0.021097552,0.020699925,0.010295328,0.001026001,0.979796176
2927,0.988993564,0.02089667,0.999179623,0.000412257,0.020705071,0.020299271,0.021196833,0.999366077,0.010301079,0.020893442,0.999179623
2928,0.988993362,0.999569077,0.020591059,0.999574627,0.030475038,0.010193525,0.011206612,0.99937778,0.988978934,0.021320026,0.020591059
2929,0.988992656,0.99957392,0.020608615,0.001021058,0.020895258,0.000529194,0.979096973,0.020806773,0.01041287,0.989392907,0.020608615
2930,0.988992454,0.999577855,0.999378083,1.09E-05,0.01059428,0.979812218,0.000619395,0.020812322,0.989083361,0.00082855,0.999378083
2931,0.988992353,0.020997565,0.000309849,0.021001904,0.020885874,0.020397643,0.000629383,0.999469797,0.989185971,0.030488457,0.000309849
2932,0.988992152,0.021113393,0.99967875,0.01060891,0.02110522,0.020805865,0.020507417,0.999475043,0.010603158,0.02028,0.99967875
2933,0.98899195,0.999772684,0.978998601,0.000517692,0.010595188,0.999683089,0.021289051,0.999476859,0.989288178,0.02070053,0.978998601
2934,0.988990436,0.999789029,0.979105852,0.001022975,0.010620412,0.000908459,0.979805862,0.999477061,0.989297157,0.020791134,0.979105852
2935,0.988990134,0.021192091,0.998869169,0.989794872,0.010095858,0.020586216,0.969710003,0.999477263,0.010707484,0.988780171,0.998869169
2936,0.988989831,0.999886897,0.999372231,0.999879229,0.000811801,0.999376973,0.999480693,0.999481601,0.010916135,0.010193525,0.999372231
2937,0.98898973,0.999972355,0.999972052,0.999382724,0.020485725,0.020801526,0.978901439,0.999482509,0.011100066,0.000914109,0.999972052
2938,0.988989629,0.999992433,0.989188392,0.000618386,0.010208962,0.98899195,0.979691043,0.020888094,0.989794872,0.020496621,0.989188392
2939,0.988989327,0.010089502,0.969502765,0.000914008,0.001012078,0.979201501,0.969605779,0.02089445,0.011222755,0.999267099,0.969502765
2940,0.988989226,0.010203211,0.989704975,2.07E-05,0.000120771,0.020689634,0.969718277,0.02089556,0.978690467,0.999273152,0.989704975
2941,0.98898751,0.010298052,0.999790643,0.999384742,0.010914722,0.020696091,0.010908063,0.999569077,0.000113507,0.02099918,0.999790643
2942,0.988987208,0.010310563,0.010501961,0.010401167,0.021303479,0.021011388,0.979205839,0.999584514,0.000115827,0.021200768,0.010501961
2943,0.988987107,0.988987006,0.969722817,0.999383431,0.000521022,0.989086488,0.000909468,0.020997565,0.000213292,0.010417411,0.969722817
2944,0.988987006,0.9890878,0.998975007,0.011200053,0.010517196,0.989802238,0.001126291,0.020997767,0.000315095,0.000411652,0.998975007
2945,0.988986804,0.989093955,0.999387769,0.021206317,0.001119128,0.000116534,0.021302066,0.021006444,0.978993253,0.030487751,0.999387769
2946,0.988986703,0.010500952,0.001026405,0.030293023,0.000611121,0.000629383,0.011213069,0.02100937,0.978995574,0.999075297,0.001026405
2947,0.988986501,0.010501759,0.979000013,0.999369507,0.010315406,0.020488651,0.011121053,0.999668762,0.000404085,0.02048633,0.979000013
2948,0.988986098,0.010508216,0.999165901,0.020996758,0.010518911,0.020693266,0.969300773,0.999684299,0.00042497,0.020602561,0.999165901
2949,0.988985694,0.010604672,0.999282334,0.999466265,0.02018082,0.020796784,0.010796473,0.999689546,0.979099193,0.020795775,0.999282334
2950,0.988985593,0.989282225,0.979193934,0.000523746,0.000928133,0.020592472,0.000517692,0.999773692,0.000510428,0.999479079,0.979193934
2951,0.988985392,0.989293525,0.979591056,0.999972254,0.011200053,0.010513866,0.000609608,0.999776618,0.000607186,0.021007453,0.979591056
2952,0.988984887,0.010703246,0.999068335,0.020400166,0.000103619,3.13E-06,0.988989629,0.999779746,0.000818965,0.010519012,0.999068335
2953,0.988984685,0.01071273,0.999281829,0.001034678,0.021211261,0.999783378,0.010518709,0.999883164,0.000908459,0.989293424,0.999281829
2954,0.988984584,0.989385642,0.999888511,0.010807269,0.020200898,0.010303702,0.000523645,0.999893455,0.97969185,9.79E-06,0.999888511
2955,0.98898408,0.989399162,0.000908963,0.001012078,0.01120873,0.020395525,0.020889406,0.999978711,0.979696088,0.000612836,0.000908963
2956,0.988983878,0.989481593,0.968900321,0.021092104,0.000508713,0.968805278,0.999985875,0.010091015,0.030285961,0.979817364,0.968900321
2957,0.988983777,0.010906853,0.010294319,0.011102488,0.999977803,0.000624944,0.010406111,0.010099995,0.030483614,0.020290594,0.010294319
2958,0.988983676,0.989584809,0.000811801,0.030281017,0.00010483,0.00101339,0.010406514,0.010108975,0.020180618,0.999689042,0.000811801
2959,0.988983273,0.989597925,0.96920795,0.011098553,0.010402781,0.968600663,0.010414081,0.010200486,0.020182939,0.999783177,0.96920795
2960,0.988982365,0.011015012,0.978887515,0.010795767,0.999769858,0.020991512,0.01071384,0.010310967,0.020206346,0.021206721,0.978887515
2961,0.988981961,0.011016828,0.010613248,0.020288677,0.001121549,0.03029262,0.000811902,0.010311067,0.998872195,0.010399451,0.010613248
2962,0.988981658,0.989694381,0.001131739,0.999586835,0.021098258,0.999286269,0.000918145,0.010312278,0.998875929,0.010709199,0.001131739
2963,0.988981558,0.011099158,0.999772381,0.010819881,0.010695477,0.978689458,0.9997858,0.010313388,0.020285448,0.010714849,0.999772381
2964,0.988981457,0.011111367,0.999773491,0.010618293,0.020591866,0.979592368,0.010997658,0.010314901,0.020297656,0.011221241,0.999773491
2965,0.988981154,0.989780545,0.989484923,0.030586527,0.011007647,0.00011391,0.02028232,0.988974798,0.020300683,0.021303782,0.989484923
2966,0.988980952,3.13E-06,0.969605274,0.011107634,0.000919759,0.000712722,0.01121095,0.988979237,0.998973494,0.0304708,0.969605274
2967,0.98898075,6.76E-06,0.989180523,0.000713731,0.000515977,0.968700347,0.999072876,0.988980145,0.998974099,0.010601544,0.989180523
2968,0.98898065,0.978696824,0.978689458,0.010096464,0.000309344,0.999372837,0.01041166,0.988987006,0.020389269,0.98940007,0.978689458
2969,0.988980549,0.000123798,0.978900127,0.020289787,0.010523048,0.999679457,0.01071152,0.988995784,0.02039724,0.030590058,0.978900127
2970,0.988980145,0.000202295,0.969623436,0.999071564,0.000933783,0.999680264,0.989697206,0.988998306,0.999070252,0.020287264,0.969623436
2971,0.988979741,0.000206229,0.968898303,0.010494696,0.010506905,0.988780171,0.011203585,0.010394407,0.999074793,0.999373846,0.968898303
2972,0.988979641,0.000207339,0.020405211,0.021003114,0.999885686,0.010597508,0.011207419,0.010409137,0.999078929,0.999573819,0.020405211
2973,0.98897954,0.000213595,0.000726747,0.999387265,0.030284851,0.000112801,0.030274257,0.989076903,0.020484817,0.98929978,0.000726747
2974,0.988979338,0.000303694,0.999869745,0.000831678,0.01020765,0.969315201,0.021299544,0.989079426,0.030280512,0.001117311,0.999869745
2975,0.988979237,0.000305409,0.98919041,0.999877917,0.999999395,0.020490063,0.999983554,0.989080031,0.020592169,0.030384132,0.98919041
2976,0.988979035,0.000313077,0.010912099,0.01120308,0.000425676,0.989587836,0.988979338,0.010506602,0.020689936,0.02018304,0.010912099
2977,0.988978934,0.978985384,0.969710003,0.010905642,0.010305518,0.000919759,0.979806064,0.989186879,0.020701136,0.020606294,0.969710003
2978,0.988978733,0.978993859,0.999085588,0.99937889,0.010407725,0.979614565,0.030475946,0.989193942,0.020702952,0.999483014,0.999085588
2979,0.988978329,0.979088296,0.010208861,0.010598215,0.020902724,0.96920795,0.020901412,0.01060669,0.999373846,0.999572205,0.010208861
2980,0.988978228,0.979090819,0.989399162,0.000420833,0.010412366,0.010819377,0.978791867,0.989281115,0.020804149,0.011015416,0.989399162
2981,0.988978026,0.000505181,0.000410138,0.010710914,0.000727554,0.969206638,0.978685826,0.989288581,0.99957957,0.011217407,0.000410138
2982,0.98897732,0.000510831,0.999388778,0.020201907,0.010705466,0.999166607,0.001110652,0.989290095,0.020987879,0.001018031,0.999388778
2983,0.988976816,0.000611424,4.84E-06,0.021191485,0.020487238,0.999277289,0.01029331,0.989291911,0.021006242,0.030594195,4.84E-06
2984,0.988976715,0.000619899,0.000426685,0.999279105,0.010808883,0.021002509,0.97939199,0.010695477,0.999673605,0.998971577,0.000426685
2985,0.988976513,0.979298057,0.000725536,0.020587629,0.011215894,0.010513463,0.020600039,0.010698504,0.999682685,0.020692156,0.000725536
2986,0.988976008,0.979298864,0.989887696,0.030571998,0.001034477,0.978683102,0.010408128,0.01070476,0.021094324,0.030293225,0.989887696
2987,0.988975706,0.97930744,0.999070151,0.020992016,0.001016215,0.000524856,0.010907357,0.989480887,0.021109054,0.010596298,0.999070151
2988,0.988975605,0.000715043,0.999170441,0.010898075,0.030594094,0.979195245,0.999287378,0.989578654,0.0211142,0.011014709,0.999170441
2989,0.988975201,0.000823909,0.999878724,0.999769959,0.000606682,0.000627163,0.020388765,0.989591569,0.021190678,0.979093039,0.999878724
2990,0.988974798,0.000910275,0.000103115,0.000315297,0.010795969,0.979807073,0.021091599,0.989691556,0.021193503,0.000622724,0.000103115
2991,0.988974394,0.979597514,0.01030007,0.02079749,0.010797381,0.000930252,0.021201878,0.989789828,0.021195319,0.000821285,0.01030007
2992,0.988974192,0.979606291,0.999779746,0.010501961,0.999567867,0.979005865,0.000719079,0.989882348,0.021200263,0.02028232,0.999779746
2993,0.988973284,0.00101904,0.000522132,0.999480592,0.001110854,0.999782168,0.020193432,0.989886081,0.021205207,0.020287365,0.000522132
2994,0.988973082,0.001026001,0.999488664,0.020290896,0.000914916,0.979001123,0.020583492,0.98988699,0.999876101,0.020603974,0.999488664
2995,0.988972982,0.001026506,0.988985392,0.021202987,0.99998305,0.989293424,0.010395315,0.989889714,0.999888007,0.030571695,0.988985392
2996,0.988892467,0.00102812,0.989400676,0.0110024,0.00103599,0.969005353,0.010395819,0.98989829,0.021307212,0.010098583,0.989400676
2997,0.988891963,0.979691548,0.010807774,0.999795587,0.00111711,0.999482409,0.010407826,2.02E-07,0.021315889,0.010618999,0.010807774
2998,0.988891862,0.979807476,0.00092773,0.000729168,0.000204918,0.000214705,0.000910275,1.45E-05,0.999983554,0.011104102,0.00092773
2999,0.98889166,0.979813933,0.999982343,0.999779242,0.999991525,0.00030662,0.020486532,0.0001015,0.999987691,0.000101904,0.999982343
3000,0.988891559,0.968702769,0.010202504,1.98E-05,0.999794477,0.968694596,0.020806773,0.000115827,0.030575529,0.020603267,0.010202504
3001,0.988890651,0.96900394,0.020901816,0.000207339,0.020988787,0.968811029,0.010800005,0.000125211,0.010097473,0.999273657,0.020901816
3002,0.988890449,0.969101607,0.999793771,0.999384641,0.001018636,0.99887381,0.000210265,0.000205019,0.010105948,0.999371929,0.999793771
3003,0.988888936,0.969207445,0.001037201,0.020798802,0.011108844,0.998964817,0.00021985,0.000206835,0.010306124,0.010098482,0.001037201
3004,0.988888431,0.03037041,0.020992016,0.020597718,0.000101904,0.999774601,0.999989103,0.000216924,0.010312278,0.02019656,0.020992016
3005,0.988888331,0.969316816,0.00042608,0.020698815,0.000724931,0.999876908,0.020797389,0.000231453,0.98897732,0.020904641,0.00042608
3006,0.988887221,0.030384434,0.000709998,0.00102812,0.010604672,0.999981133,0.999487252,0.000408221,0.988978329,0.011115201,0.000709998
3007,0.98888712,0.9694052,0.010911191,0.030372125,0.011009362,0.988992152,0.010089502,0.000514766,0.988979035,1.91E-05,0.010911191
3008,0.988886817,0.969408832,0.000108361,0.001135069,0.999878422,0.989288581,0.000222272,0.00051517,0.988989629,0.000101601,0.000108361
3009,0.988885102,0.969525567,0.968698228,0.99907338,0.010518608,0.020292511,0.00091199,0.00052415,0.989094156,0.000919759,0.968698228
3010,0.988884698,0.030589049,0.979492078,0.030594195,0.010808581,0.020497731,0.010315305,0.97919575,0.010496916,0.020809093,0.979492078
3011,0.988883689,0.020185966,0.988878947,0.989481089,0.000116534,0.020607303,0.010713437,0.000629383,0.010498228,0.020996455,0.988878947
3012,0.988882983,0.020188488,0.988783904,0.030389378,0.000420329,0.999583203,0.000222978,0.000709191,0.010514774,0.010712529,0.988783904
3013,0.988882882,0.998969458,0.001010464,8.17E-06,0.999781159,0.010510234,0.979397842,0.000715144,0.010522846,0.978786822,0.001010464
3014,0.988882378,0.998972586,0.998965725,0.010709199,0.010113212,0.989496021,0.979399759,0.000716456,0.010523048,0.999171147,0.998965725
3015,0.988881268,0.999064602,0.020199687,0.010495403,0.020387655,0.010202908,0.969716663,0.000722711,0.989193034,0.999287076,0.020199687
3016,0.988880864,0.999066217,0.010600434,0.01070476,0.999287076,1.06E-05,0.020795472,0.000725738,0.010610019,0.021092709,0.010600434
3017,0.988880562,0.999067326,0.001022975,0.021209243,0.000523645,0.989187383,0.020498034,0.000921878,0.010613046,0.010514573,0.001022975
3018,0.988879654,0.999080745,0.999178513,0.999989002,0.020584097,0.000829962,6.56E-06,0.000925813,0.010614963,0.000210265,0.999178513
3019,0.988879452,0.020489054,0.000614249,0.011119741,0.00042608,0.0009357,0.000112801,0.000933783,0.989282729,0.000505484,0.000614249
3020,0.988879351,0.02049077,0.99926952,0.011215894,0.000213696,0.020489962,0.020500657,0.979611336,0.989295442,0.030286364,0.99926952
3021,0.988879149,0.020500052,0.999873881,0.030284044,0.000112498,0.99946677,0.000725536,0.001033468,0.010711217,0.020202311,0.999873881
3022,0.988878947,0.9991771,0.020588839,0.020997868,0.999780452,0.020791437,0.010308041,0.001036999,0.010717674,0.999771069,0.020588839
3023,0.988878846,0.020608615,0.99927063,0.03048543,0.999879128,0.020899495,0.988976008,0.001116908,0.010809085,0.999881549,0.99927063
3024,0.988878746,0.020611844,0.010613046,0.021297728,0.001033165,0.999784286,0.020481689,0.001119128,0.989493196,0.030486136,0.010613046
3025,0.988877232,0.999276078,0.020700127,0.011221544,0.000222171,0.979797689,0.000920768,0.001136582,0.98958037,0.02061255,0.020700127
3026,0.988877131,0.999278601,0.020800013,0.020299674,0.000529699,0.998869471,0.001032055,0.979807476,0.989591367,0.020988686,0.020800013
3027,0.988876929,0.999282636,0.001133757,0.999687831,0.999373846,0.999086597,0.010204926,0.969524659,0.989595605,0.999979619,0.001133757
3028,0.988876728,0.020690643,0.989795377,0.021297123,0.0211142,0.010210677,0.989285554,0.020180517,0.011000988,0.01010393,0.989795377
3029,0.988876223,0.020692156,1.44E-05,0.030593388,0.010313691,0.989595605,0.02060922,0.020190203,0.011108643,0.979298057,1.44E-05
3030,0.988876122,0.020694174,0.999368296,0.030475341,0.020610027,0.000202295,0.020709106,0.020193432,0.011123474,0.00072937,0.999368296
3031,0.988875315,0.020699017,0.999573819,0.999675522,0.010301079,0.020592875,0.999673907,0.020197972,0.98978216,0.0010146,0.999573819
3032,0.988875214,0.020703053,0.999974272,0.011108239,0.010399048,0.02079628,0.988979641,0.998874213,9.28E-06,0.020395222,0.999974272
3033,0.988875012,0.02070729,0.000928537,0.999887098,0.010804141,0.99947918,0.989698114,0.02028222,1.11E-05,0.020610935,0.000928537
3034,0.988874609,0.020708299,0.989888806,0.011207419,0.010200083,0.999268007,0.978886406,0.998966028,0.978792472,0.020801022,0.989888806
3035,0.988874306,0.999370213,0.000115222,0.021092911,0.000314994,0.01071384,0.97950015,0.999086799,0.978796205,0.021105422,0.000115222
3036,0.9888736,0.999370819,0.010202908,0.000927326,0.030577749,0.000215512,0.999582496,0.999089523,0.000403782,0.99977793,0.010202908
3037,0.988872995,0.99938565,0.99907449,0.0205844,0.000313784,0.999467274,0.010109782,0.020494604,0.000505484,0.999892547,0.99907449
3038,0.988872692,0.020805259,0.999384339,0.020403092,0.01030905,0.999972355,0.011116613,0.020503583,0.000524755,0.021291775,0.999384339
3039,0.98887249,0.999469797,0.020804553,0.021007251,0.02099242,0.999176596,0.0010146,0.999164589,0.000606177,0.021303075,0.020804553
3040,0.988872389,0.999476859,0.99946788,0.989900509,0.011104607,0.999282132,0.01090211,0.020587629,0.000609608,0.011217105,0.99946788
3041,0.988791976,0.999477666,0.001031551,0.000213292,0.021089178,0.988782189,0.000125211,0.020609321,0.979287867,0.000114919,0.001031551
3042,0.988791875,0.020892634,0.010405404,0.010903523,0.01020089,0.001116908,0.020288979,0.020611844,0.979294929,0.000813012,0.010405404
3043,0.988791774,0.021005031,1.90E-05,0.011024496,0.021306506,0.968599856,0.999475951,0.020614366,0.000719684,0.020388058,1.90E-05
3044,0.988790765,0.999673403,0.00061324,0.020182434,0.000629383,0.020794766,0.020206346,0.999267401,0.00073159,0.020503583,0.00061324
3045,0.988789554,0.999776316,0.999777728,0.010308141,0.000927326,0.010402377,0.989176487,0.99926952,0.979498838,0.999682483,0.999777728
3046,0.988789453,0.999777426,0.988985694,1.59E-05,0.000207238,0.98949471,0.000211072,0.999278197,0.97950691,0.030275669,0.988985694
3047,0.988787738,0.999782269,0.988994674,0.020808286,0.010597105,0.0005185,0.978998702,0.999284856,0.00090856,0.988985392,0.988994674
3048,0.988787335,0.02119199,1.86E-05,0.000109976,0.020484514,0.979400667,0.999877917,0.999286168,0.9796072,0.010915933,1.86E-05
3049,0.988786326,0.021294297,0.978783291,0.021293087,0.010307233,0.000925611,0.010093437,0.999366278,0.001028019,0.011110358,0.978783291
3050,0.988785922,0.021306607,0.020500052,0.999678044,0.030370511,0.998969559,0.010207852,0.999368902,0.001029432,0.030492795,0.020500052
3051,0.98878572,0.021321943,0.020294932,0.999690757,0.00102691,0.999690858,0.010493587,0.999370516,0.001127905,0.030495318,0.020294932
3052,0.988785619,0.999991525,0.020604781,0.020603772,0.000106041,0.999894262,0.979193227,0.999389282,0.001131033,0.030586931,0.020604781
3053,0.988784711,0.988778456,0.010414081,0.000821185,0.021204703,0.000910275,0.979803037,0.999389585,0.969303699,0.000315196,0.010414081
3054,0.988784611,0.988784711,0.000414174,0.999783681,0.020996354,0.998974806,0.999478877,0.999389686,0.030387461,0.020690441,0.000414174
3055,0.988784409,0.988787738,0.000831879,0.021000996,0.00020855,0.99998426,0.988789554,0.020797894,0.030387562,0.020898385,0.000831879
3056,0.988783904,0.010200486,0.999669468,0.010513967,0.010405808,0.989698719,0.010622228,0.020805865,0.03049552,0.999872973,0.999669468
3057,0.988783702,0.010294521,2.05E-05,0.001026001,0.010897873,0.96911664,0.021118538,0.999468687,0.030586224,0.999996368,2.05E-05
3058,0.988783299,0.010301886,0.000920768,0.020803342,0.001124677,0.010505997,0.999881045,0.999476758,0.969621619,0.010089502,0.000920768
3059,0.988783198,0.010316112,0.988996995,0.020993025,0.999478373,0.020399964,0.000621211,0.999477364,0.969623436,0.011116613,0.988996995
3060,0.988782189,0.988978733,0.000219447,0.011104607,0.99958179,0.999375359,0.999582194,0.999479281,0.020186874,0.001126291,0.000219447
3061,0.988780171,0.010510234,0.979701335,0.999488059,0.999677943,0.010909375,0.020994236,0.999484426,0.020188286,0.020184049,0.979701335
3062,0.988779566,0.010513463,0.99997861,0.999980124,0.999687629,0.010914218,0.021297627,0.999484931,0.998860794,0.020482799,0.99997861
3063,0.988778759,0.010516691,0.00041256,0.010317323,0.010604268,0.979503479,0.989276474,0.020889406,0.020285045,0.020585005,0.00041256
3064,0.988778456,0.989179715,0.000817754,0.000930252,0.020296042,0.020590555,0.011011884,0.020905044,0.020287365,0.020697907,0.000817754
3065,0.988778153,0.989182339,0.9694052,0.999971749,0.999386356,0.020612449,0.001033569,0.999577653,0.020297354,0.999367994,0.9694052
3066,0.988777851,0.989186879,0.979309963,0.999889419,0.010396727,0.010306124,0.020199687,0.999676026,0.020381198,0.020806268,0.979309963
3067,0.988777144,0.989187383,1.35E-05,0.999777627,0.000224895,0.989079426,0.011023992,0.999680465,0.020382005,0.021005939,1.35E-05
3068,0.988776943,0.989189401,0.969711517,0.02050439,0.010095152,0.010705466,0.010902918,0.999685813,0.020385637,0.001012986,0.969711517
3069,0.988776034,0.989190108,0.020596003,0.020388765,0.001013692,0.989682677,0.000910578,0.999768749,0.020404807,0.999480492,0.020596003
3070,0.988775126,0.01059428,0.010506501,0.999477566,0.999988296,0.969299563,0.999785195,0.99978691,0.999066217,0.999885282,0.010506501
3071,0.988774925,0.010620109,0.020692459,0.999679053,0.000928436,1.80E-05,0.010906045,0.999787818,0.999069344,0.010701632,0.020692459
3072,0.988774117,0.989289691,0.020897578,0.999385348,0.000807665,0.999986278,0.978887515,0.999794073,0.999087001,4.44E-06,0.020897578
3073,0.988773512,0.01070476,0.010702944,0.999971648,0.021189972,0.989281115,0.999996065,0.999877614,0.030276779,0.000220153,0.010702944
3074,0.988773411,0.010800913,1.63E-05,0.010409541,0.010308343,2.32E-06,0.030577144,0.999881146,0.020494402,0.999083369,1.63E-05
3075,0.988773108,0.989484822,0.99907106,0.010606387,0.999971447,0.978901439,0.989277382,0.99989406,0.03028021,0.99926952,0.99907106
3076,0.988773008,0.010918455,0.999892042,0.020808791,0.000627668,0.999176898,0.010312278,0.99997064,0.020591765,0.021001399,0.999892042
3077,0.988772806,0.989781756,0.000308941,0.020486633,0.010522442,0.999380505,0.00101117,0.999971951,0.020600644,0.021091398,0.000308941
3078,0.988771898,0.989801431,0.979208362,0.000919658,0.030389782,0.010208558,0.001022975,0.99997407,0.020601149,0.021114603,0.979208362
3079,0.979817465,0.011203585,0.989785691,0.010498833,0.030386452,0.010497521,0.02038261,0.999986278,0.020687616,0.021209647,0.989785691
3080,0.979817364,0.011221746,0.968805581,0.000910275,0.00101682,0.020492888,0.000526067,0.999994955,0.999386356,0.010711419,0.968805581
3081,0.979817263,0.989890016,0.989790736,0.010608203,0.999776316,0.969211481,0.979612446,0.010100399,0.020785181,0.979803037,0.989790736
3082,0.979817061,0.989896978,0.978802864,0.020800416,0.010498934,0.030283539,0.001033468,0.988773411,0.020798197,0.020794968,0.978802864
3083,0.97981696,0.989904949,0.000919355,0.999384944,0.011023184,2.10E-05,0.979802028,0.01019746,0.999579066,0.011117219,0.000919355
3084,0.979816759,8.88E-06,0.000120065,0.999371525,0.020499749,0.020603772,0.969617685,0.010207852,0.999581588,0.011117723,0.000120065
3085,0.97981575,0.000114919,0.979200492,0.030470498,0.010113111,0.020798802,0.000419521,0.988872995,0.021005233,0.011210748,0.979200492
3086,0.979815548,0.000213696,0.020390076,0.020298968,0.999973162,0.979493087,0.000718776,0.010310159,0.021012599,0.000809178,0.020390076
3087,0.979815245,0.000321351,0.979810099,0.021289959,0.001114184,0.999992433,0.988888431,0.010410146,0.999680365,0.999270529,0.979810099
3088,0.97981464,0.000428299,0.020404,0.0002255,0.020693569,0.010090511,0.010718784,0.989083159,0.999686519,0.999385852,0.020404
3089,0.979813933,0.979089003,0.020810203,0.010800711,0.999483821,0.010311168,0.021191485,0.010493587,0.999690353,0.999468586,0.020810203
3090,0.979813631,0.97909657,0.978988612,0.00032236,0.000623128,0.989487546,0.010204522,0.010504584,0.02119875,0.999674412,0.978988612
3091,0.979813025,0.000610617,0.999982444,0.010518003,8.17E-06,0.020582786,0.010602049,0.989179715,0.021205611,0.999877715,0.999982444
3092,0.979812924,0.000629484,0.010619604,0.999586936,0.999974978,0.988778456,0.000114112,0.010599728,0.999878422,0.999879128,0.010619604
3093,0.979812723,0.979300378,0.010904128,0.010918455,0.011207116,0.000314994,0.978904466,0.010618999,0.021289656,0.989092744,0.010904128
3094,0.979812218,0.979306129,0.99967764,0.010414081,0.000418714,0.001114688,0.97909657,0.010619705,0.021290766,0.00102025,0.99967764
3095,0.979811714,0.97930734,0.989495719,0.000105032,0.020382408,0.998864023,0.030575731,0.989286563,0.021306405,0.030284851,0.989495719
3096,0.97981131,0.000731287,0.000808976,0.020296748,0.000116332,0.999175587,0.020180618,0.989289287,0.021312559,0.030595305,0.000808976
3097,0.979810907,0.979389065,0.001032358,0.000505282,0.999578259,0.030293629,0.98978902,0.010703448,0.021313972,0.02130358,0.001032358
3098,0.9798102,0.97940097,0.969516487,0.998968954,0.999586936,0.02059449,0.000606682,0.010705466,0.021314779,0.030475744,0.969516487
3099,0.979810099,0.000809178,0.999584212,0.010403386,0.000909569,0.000611424,0.020181829,0.010709805,0.999976491,0.000418916,0.999584212
3100,0.979809999,0.979491776,0.999473429,0.030479276,0.020504289,0.979698913,0.000505787,0.98939664,0.999987287,0.030285053,0.999473429
3101,0.979809494,0.979492179,0.999583707,0.030572402,0.020203421,0.968693991,0.97950691,0.010795969,0.999993644,0.999577452,0.999583707
3102,0.979808788,0.000910578,0.010192415,0.999376973,0.999671789,0.999168928,0.968903751,0.010809489,0.999998184,0.011117521,0.010192415
3103,0.979808384,0.000927326,0.000511538,0.020182838,0.99977228,0.999572104,0.020589949,0.010817762,0.030480991,0.020394818,0.000511538
3104,0.979807476,0.000932875,0.979404804,0.01089757,0.00011391,0.988777851,0.010502163,0.010898276,0.030574621,0.020900706,0.979404804
3105,0.979807073,0.001020856,0.979816759,0.020493998,0.999680264,9.08E-07,0.011105414,0.010904835,0.030583197,0.999773894,0.979816759
3106,0.979806467,0.001120036,0.9894936,0.01031702,0.000213393,0.978693999,0.011217105,0.989695592,0.988782189,0.02120894,0.9894936
3107,0.979806064,0.968594407,6.76E-06,0.021309835,0.000425575,0.010499237,0.978887213,0.989885274,0.010206137,0.010096867,6.76E-06
3108,0.979805862,0.968608936,0.000406708,0.000230343,0.020498236,1.91E-05,0.000413064,0.989899803,0.988876122,0.010507611,0.000406708
3109,0.97980566,0.968693991,0.979100404,0.011017232,5.35E-06,0.979404804,0.020388361,1.89E-05,0.988880562,0.010507712,0.979100404
3110,0.979804853,0.968703273,0.999795486,0.010206237,0.999672697,0.020689129,0.000825624,1.94E-05,0.01030007,0.021090389,0.999795486
3111,0.97980455,0.968707107,0.020688322,0.010711822,0.010597508,0.999387567,0.97980455,0.00011391,0.010306628,0.021310642,0.020688322
3112,0.979803239,0.968805278,0.020389975,0.000214099,0.011108138,0.000807967,0.969309248,0.000125413,0.010306729,0.010500952,0.020389975
3113,0.979803037,0.968999904,0.968904559,0.010902918,0.999986177,0.969317118,0.021103808,0.000126623,0.010311875,0.011117925,0.968904559
3114,0.979802532,0.969110485,0.978888625,0.020500859,0.020597718,0.988783702,0.010518911,0.000207339,0.010317121,0.02049531,0.978888625
3115,0.979802028,0.969218645,0.010721206,0.999973767,0.030486136,0.001037403,0.000725738,0.000210366,0.010394911,0.999374047,0.010721206
3116,0.979801019,0.969311165,0.989882247,0.999782369,0.021000188,0.999782269,0.979396127,0.000317819,0.989076399,0.02078952,0.989882247
3117,0.979800313,0.969315201,1.45E-05,0.001020856,0.000523746,0.998973595,0.969724431,0.000418815,0.9890765,0.99948029,1.45E-05
3118,0.979800111,0.969408025,0.969110586,0.999370314,0.020498639,0.999993644,0.020700127,0.000421539,0.010597508,0.010406918,0.969110586
3119,0.979799909,0.030490172,0.999989709,0.021206418,0.011111468,1.81E-05,0.988777144,0.000425979,0.989289994,0.000119661,0.999989709
3120,0.979799203,0.96951689,0.000203505,0.999982444,0.020192019,0.000926721,0.010618192,0.000428299,0.989290599,0.000814324,0.000203505
3121,0.979799001,0.030594498,0.999085084,0.999280316,0.000506594,0.020489559,0.979098285,0.97909546,0.010915832,0.02049198,0.999085084
3122,0.9797989,0.030598332,0.989289994,0.000102913,0.010701632,0.020595499,0.999678145,0.000505787,0.010915933,0.01030461,0.989289994
3123,0.979798799,0.020285448,0.978700759,0.01101027,0.020296547,0.001129217,0.021307918,0.000628879,0.989686713,0.010904734,0.978700759
3124,0.979798698,0.020290291,0.001114991,8.48E-06,0.000203404,0.989785186,0.010113212,0.000630493,0.011118328,1.93E-05,0.001114991
3125,0.979798597,0.020297051,0.021001197,0.999483619,0.999676631,0.000605975,0.989186879,0.000718171,0.989795377,0.000925813,0.021001197
3126,0.979798497,0.998966129,0.969504279,0.000209862,0.001020856,0.999473429,0.979402685,0.000825725,0.989805164,0.020505702,0.969504279
3127,0.979798093,0.020405614,0.020986467,0.998875121,1.80E-05,0.999883668,0.969515074,0.979490262,0.011212464,0.020789318,0.020986467
3128,0.97979779,0.99907106,0.010097775,0.010499237,0.020785988,0.010501355,0.02078952,0.979508121,0.011217105,0.999474135,0.010097775
3129,0.979797689,0.999076811,0.020201907,0.011106019,0.999986076,0.010301482,0.010397837,0.000928739,0.989888301,0.021108348,0.020201907
3130,0.979797387,0.999079131,0.998972586,0.020395121,0.999081553,2.06E-05,0.01040036,0.00102025,1.09E-05,0.021110568,0.998972586
3131,0.979796983,0.999084075,0.999987085,0.998872801,0.010594986,0.999994854,0.011008857,0.001025598,0.978685322,0.999771372,0.999987085
3132,0.979796479,0.030275569,0.010513967,0.989881642,0.011006234,2.13E-05,0.000307528,0.001026506,0.000123193,0.021207931,0.010513967
3133,0.979796378,0.020500859,0.000314994,0.011014003,0.020588839,0.020205943,0.001130226,0.979697803,0.978793481,0.021312559,0.000314994
3134,0.979796176,0.02060468,0.030384434,0.020493595,0.000204212,0.020401679,0.999486243,0.979703352,0.000215512,0.988876122,0.030384434
3135,0.979796075,0.999279912,0.978801351,0.021007655,0.021206317,0.021002105,0.010205531,0.001112166,0.000309849,0.010524158,0.978801351
3136,0.979795772,0.999281627,0.978994767,0.020805562,0.0105177,0.010307536,0.989399868,0.00112276,0.000419622,0.989595201,0.978994767
3137,0.979794259,0.020685396,0.999991626,0.020506307,0.99947464,0.000205927,0.999583606,0.001126392,0.000420127,0.000230343,0.999991626
3138,0.979794057,0.02070386,0.999372433,0.0111151,0.999473429,0.969515982,0.000223785,0.001129318,0.000424264,0.999079938,0.999372433
3139,0.979793553,0.99939009,0.999670477,0.000715245,0.001132042,0.999669266,0.000725133,0.97979325,0.000528488,0.020587326,0.999670477
3140,0.979793452,0.99947353,0.999871561,0.020998877,0.010604874,0.999783277,0.968997281,0.979795772,0.000528589,0.020696091,0.999871561
3141,0.97979325,0.999486142,0.010309756,0.001023782,0.000120166,0.000524957,0.989591367,0.03037041,0.000529699,0.010595894,0.010309756
3142,0.979792745,0.020887489,0.000714639,0.989079829,0.01009606,0.999280619,0.000731388,0.969312074,0.000618386,0.00111489,0.000714639
3143,0.979792645,0.02089556,0.969622729,0.011216701,0.999891941,0.989595806,0.000823202,0.020191717,0.000711613,0.020812322,0.969622729
3144,0.979791938,0.021008159,0.020406421,0.030392102,0.999981234,0.968702769,0.020683479,0.998871287,0.979397842,0.999587945,0.020406421
3145,0.979791837,0.999675522,0.999073784,0.020800215,0.999889924,0.999169735,0.030490677,0.998874617,0.000823202,0.021097249,0.999073784
3146,0.979711222,0.999681777,0.979203014,0.020689835,0.010108975,0.999983857,0.999779645,0.020284338,0.001029735,0.999772684,0.979203014
3147,0.97971092,0.99968884,0.968903751,0.030287575,0.000831678,0.988790765,0.030589049,0.020292612,0.001110854,0.979697904,0.968903751
3148,0.979710819,0.02109049,0.020689331,0.020786493,0.999883164,0.96962172,0.020394818,0.020299775,0.001113175,0.00112841,0.020689331
3149,0.979710718,0.021101588,0.010313691,0.020287769,0.001130932,0.999285562,1.09E-05,0.998966633,0.001120338,0.030282026,0.010313691
3150,0.979710415,0.999775408,0.978792472,0.011024799,0.021106633,0.999778535,0.000314086,0.020382005,0.969217737,0.030493704,0.978792472
3151,0.979709003,0.999877816,0.999485335,0.020404807,0.000225399,0.010093235,0.001017728,0.020385536,0.030282228,0.999581185,0.999485335
3152,0.979708801,0.999881045,0.010418722,0.021094525,0.000110884,0.999878018,0.979697501,0.020492687,0.030291308,0.999793771,0.010418722
3153,0.979708599,0.021301461,0.010800913,0.999173165,0.999994753,0.000204312,0.030572906,0.020506307,0.030293931,0.999894867,0.010800913
3154,0.979707187,0.021313468,0.999983352,0.010521534,0.999577452,0.000424869,0.969718479,0.999167313,0.030384031,0.020206145,0.999983352
3155,0.979706884,0.9999775,0.010502667,0.999164589,0.999466568,0.979389367,0.021313972,0.999170643,0.030494914,0.999277087,0.010502667
3156,0.979706783,0.99997861,0.989890218,0.989079628,0.021296921,0.99938454,0.989188897,0.999171147,0.030497437,0.99946788,0.989890218
3157,0.979706278,0.999986177,0.030285658,0.000622724,0.999989002,0.999877614,0.01071263,0.999183255,0.030586628,0.989588643,0.030285658
3158,0.979705976,0.030573612,0.999886695,0.989092139,0.020182535,0.988985392,0.000917035,0.999184566,0.969607393,0.011020158,0.999886695
3159,0.979704967,0.010090511,0.999574122,0.999078728,0.000102913,0.000105032,0.001120338,0.02058329,0.02018304,0.000223987,0.999574122
3160,0.979704462,0.988787335,0.000510428,0.00112165,0.010608203,0.97931188,0.010796978,0.02059449,0.020290997,0.000415687,0.000510428
3161,0.979703655,0.010194433,0.000910275,0.01120873,0.030286667,0.000810288,0.000310656,0.999264374,0.998964514,0.000811902,0.000910275
3162,0.979703352,0.030272037,0.999164387,0.999274666,0.000123596,0.020495713,0.999064602,0.9992673,0.020390682,0.020198174,0.999164387
3163,0.97970305,0.010208861,0.988993665,0.000829962,0.000315095,0.020500455,0.000707375,0.999267805,0.999071665,0.030582289,0.988993665
3164,0.979701839,0.010302895,0.989491784,0.02069932,0.999884374,0.010092125,0.000714539,0.999268814,0.020499951,0.010909577,0.989491784
3165,0.979701637,0.010306628,0.000611424,0.999082158,0.00051517,0.969525567,0.020690945,0.999286773,0.999166607,0.011104809,0.000611424
3166,0.979701435,0.988985392,0.999585624,0.010505997,0.999369507,0.999278903,0.999976491,0.020693468,0.020590555,0.011111266,0.999585624
3167,0.979701335,0.988985593,0.999668459,0.999993845,0.020706988,0.000727453,0.978796205,0.020700127,0.020590756,0.001130932,0.999668459
3168,0.979701234,0.01040722,0.000422145,0.020803544,0.020598727,0.020705878,0.978993253,0.02070729,0.020592472,0.030292418,0.000422145
3169,0.97970083,0.010418722,0.999793972,0.030475038,0.03038393,0.020790428,0.979001628,0.0207084,0.02059792,0.999087203,0.999793972
3170,0.979700527,0.989075693,0.999894867,0.000606682,0.030377977,0.999979115,0.001136482,0.999370819,0.020600039,0.999685208,0.999894867
3171,0.979700326,0.010502062,0.999981133,0.030377876,0.010708997,0.000125211,0.02029473,0.999385045,0.020612348,0.999785195,0.999981133
3172,0.979700023,0.010502364,0.998980759,0.001015508,0.030472919,0.999278601,0.999170441,0.999387567,0.999271033,0.010918052,0.998980759
3173,0.979699518,0.0105177,0.999873679,0.001024185,0.010199578,0.979309458,0.010096464,0.020794766,0.020690945,0.98978105,0.999873679
3174,0.979698913,0.010523149,0.030379894,0.010402781,0.010394205,0.97950691,0.010206137,0.999473933,0.999474841,0.00052304,0.030379894
3175,0.979698812,0.01059539,0.96971636,0.010515279,0.020691853,0.96931389,0.01071828,0.999480492,0.999483922,0.020501464,0.96971636
3176,0.979698711,0.989288581,0.999386861,0.000716859,0.011213069,0.020484615,0,0.999483821,0.999486747,0.999388173,0.999386861
3177,0.979698409,0.010696991,0.989582791,0.010696991,0.999366278,0.999264879,1.11E-05,0.020886177,0.999487655,0.999483317,0.989582791
3178,0.979697904,0.010704659,0.989093955,0.000410744,0.999280316,0.020798903,0.978994767,0.020887489,0.999488664,0.989290599,0.989093955
3179,0.979697803,0.010795767,0.01062142,0.0009357,0.010504382,0.999885383,0.000724931,0.999572306,0.020900101,0.000207339,0.01062142
3180,0.979697501,0.010804848,0.010911897,0.00071696,0.001026708,0.989488555,0.001037201,0.999573416,0.020907567,0.02068812,0.010911897
3181,0.979697299,0.010804949,0.020589546,0.021215902,0.020493998,0.999374754,0.979791837,0.020986467,0.999568573,0.999368801,0.020589546
3182,0.979696088,0.989481291,0.010205935,0.010496815,0.010710914,0.989192025,0.969525265,0.021008462,0.999570389,0.020805562,0.010205935
3183,0.979695886,0.010900496,0.999075297,0.000406002,0.00021198,0.000927326,0.020806571,0.021012599,0.021004123,0.999981234,0.999075297
3184,0.979694978,0.010901909,0.99999546,0.999673605,0.021211362,0.99957957,0.02100261,0.999669771,0.021007453,0.01009374,0.99999546
3185,0.979694877,0.989585919,1.31E-05,0.998972182,0.020704465,0.999885081,0.989075592,0.999682584,0.021091398,0.010819377,1.31E-05
3186,0.979694272,0.011008756,0.968997483,0.020390278,0.020589445,0.010496512,7.06E-06,0.999771977,0.021114099,0.000815837,0.968997483
3187,0.97969407,0.011009059,0.999582093,0.020396332,0.001036999,0.000625751,0.030287474,0.999775811,0.99979367,0.030280815,0.999582093
3188,0.979693667,0.011011884,0.999771473,0.021310138,0.00032125,0.020285852,0.030385443,0.999785699,0.021189871,0.020798197,0.999771473
3189,0.979693263,0.989701847,0.999974877,0.010522846,0.999783378,0.020500052,0.020703557,0.999785901,0.021190376,0.999677943,0.999974877
3190,0.979692859,0.989796083,0.989484317,0.020290796,0.021115713,0.000425676,0.020803443,0.999789331,0.999874789,0.999876404,0.989484317
3191,0.97969185,0.989799614,0.000823202,0.021214691,0.999587138,0.020703961,0.999777829,0.99988498,0.999877917,0.999371424,0.000823202
3192,0.979691548,0.989802238,0.020685093,0.999578562,0.010515884,0.999380101,0.97889367,0.99997629,0.999885081,0.999570187,0.020685093
3193,0.979691043,0.989890218,0.010193121,0.001135775,0.010696587,0.020991713,0.00031681,0.999989103,0.999894867,0.999687125,0.010193121
3194,0.979690842,0.989895364,0.989076903,0.020507115,0.000106545,0.999891235,0.99927295,0.010092125,0.021289959,0.98968298,0.989076903
3195,0.979690741,0.000121982,0.010713437,0.021117529,0.010508519,0.000230343,0.999369003,0.010103022,0.021318613,0.000607186,0.010713437
3196,0.97969064,0.000230343,0.020496621,0.01040036,3.23E-06,0.000611121,0.999376065,0.01011069,0.999986076,0.001024286,0.020496621
3197,0.979614565,0.000302887,0.999678246,0.010916438,1.79E-05,0.999669972,0.010612441,0.988783198,0.999989406,0.020600342,0.999678246
3198,0.979614363,0.978986392,0.999991222,0.020694376,0.010197964,0.979697904,0.979810907,0.010404799,0.030579061,0.999781461,0.999991222
3199,0.979614161,0.000410138,0.969524659,0.999769758,0.00052415,0.020588638,0.999689243,0.989079829,0.030584307,0.999886897,0.969524659
3200,0.979613758,0.97909768,0.0203927,0.000408726,0.010317323,0.020589546,0.010697899,0.989091432,0.010099995,0.001028322,0.0203927
3201,0.979612951,0.0005185,0.999368801,0.000922382,0.020485422,0.020699925,0.979793452,0.010497723,0.010105443,0.001117412,0.999368801
3202,0.97961285,0.000527176,0.98978226,0.999988094,0.02118866,0.0001015,1.98E-05,0.0105177,0.010205128,0.021002509,0.98978226
3203,0.979612446,0.000613543,0.010417411,0.01030118,0.000213797,0.000812709,0.979706884,0.989181128,0.010206237,0.999794477,0.010417411
3204,0.979611639,0.979287867,0.979097276,0.010607396,0.00101904,0.010313691,0.000221565,0.010601544,0.988880864,0.999883264,0.979097276
3205,0.979611538,0.000728967,0.96921249,0.010301079,0.999468283,0.020697604,0.000407515,0.010608001,0.010305821,0.00030773,0.96921249
3206,0.979611336,0.000811801,0.010205128,0.021290262,0.000216622,0.999685914,0.020501464,0.010612643,0.01031359,0.979509533,0.010205128
3207,0.97961063,0.979498838,0.968794785,0.02079517,0.011104506,0.999770363,0.969721304,0.010613248,0.988976816,0.999087707,0.968794785
3208,0.979610428,0.979500251,0.030269515,0.000119661,0.000214099,0.00020522,0.020405816,0.010614156,0.988979641,0.999373644,0.030269515
3209,0.979610327,0.000914311,0.978996381,0.999164993,0.000308234,0.979809494,0.999876303,0.010618595,0.988985593,0.999996469,0.978996381
3210,0.979609621,0.979591964,0.979001426,0.030482202,0.99977793,0.010309251,9.28E-06,0.010707484,0.988993968,0.01090211,0.979001426
3211,0.979607805,0.001010766,0.010505997,0.020702245,0.999893556,0.001123365,0.978992345,0.989390586,0.010394407,0.000211779,0.010505997
3212,0.979607603,0.001019141,0.989179211,0.000209155,0.999768749,0.968914547,0.001010766,0.010795767,0.010396425,0.999286975,0.989179211
3213,0.9796072,0.001117412,0.989391494,0.989495719,0.001123971,0.979090819,0.021008765,0.010811002,0.989091533,0.999484023,0.989391494
3214,0.979606695,0.001129217,1.36E-05,0.020698411,0.000206835,0.998971577,0.999873478,0.010815946,0.010512252,0.9995716,1.36E-05
3215,0.979606291,0.979798093,0.999267401,0.000204312,0.010524057,0.998971779,0.97879338,0.010817359,0.989176083,0.999777224,0.999267401
3216,0.97960609,0.979804853,0.999870854,0.999783782,0.021215297,0.999264677,0.978905374,0.989496627,0.989184357,0.988776943,0.999870854
3217,0.979604879,0.968899917,0.978683102,0.010914218,0.010412265,1,0.000513556,0.01091896,0.010597004,0.011021469,0.978683102
3218,0.979604677,0.969208353,0.001112973,0.000714539,0.000120872,1.72E-06,0.979499645,0.989681567,0.010599728,0.000314086,0.001112973
3219,0.979603971,0.030282429,0.998864931,0.999773188,0.021090288,0.000213292,0.999687831,0.989699325,0.010609111,0.020288979,0.998864931
3220,0.979603366,0.969308946,0.999998487,0.010191002,0.020290997,0.010599324,0.999783681,0.989785186,0.989277684,0.020606093,0.999998487
3221,0.979602659,0.969311065,0.978993859,0.020296446,0.0105966,0.979710415,0.010294521,8.27E-06,0.989297056,0.999383632,0.978993859
3222,0.979601852,0.030473625,0.998861803,0.020998574,0.000308941,0.010694973,0.010612945,1.81E-05,0.010706273,0.021102395,0.998861803
3223,0.97960165,0.030490273,0.999685208,0.000525461,0.03057785,0.000210265,0.989286563,0.000113406,0.98938201,0.021111476,0.999685208
3224,0.979601549,0.030593892,0.010201395,0.999388677,0.999286975,0.02060246,0.011204291,0.000120065,0.010807572,0.010191002,0.010201395
3225,0.979601348,0.96962172,0.021011791,0.999065309,0.999971144,0.999876303,0.011219223,0.000120771,0.010901505,0.989487546,0.021011791
3226,0.979600742,0.969710407,0.999480391,0.021209041,0.010190901,0.999982646,0.000222675,0.000205523,0.01091442,0.011007546,0.999480391
3227,0.979599431,0.9697209,0.000926721,0.000528488,0.000303492,0.988980145,0.969618593,0.978993859,0.011012288,0.000630796,0.000926721
3228,0.97959822,0.020203824,0.020690441,0.999779847,0.020287769,0.010796978,0.99957614,0.979003847,0.98968752,0.001021663,0.020690441
3229,0.979597514,0.998866646,0.97949793,0.001009656,0.010295933,1.67E-05,0.021095938,0.00040358,0.989703663,0.001118825,0.97949793
3230,0.979596202,0.998869169,0.979195851,0.030591975,0.000202395,0.010796372,0.979404804,0.000410138,0.011104607,0.02038483,0.979195851
3231,0.979594285,0.020280908,0.021007957,0.010301583,0.001134867,0.989790837,0.020502372,0.000525663,0.011114797,0.999583203,0.021007957
3232,0.979593074,0.998963707,0.999786002,0.020707896,0.010510739,0.99988498,0.010603966,0.979195245,0.989794065,0.999872368,0.999786002
3233,0.979592973,0.998964817,0.999471714,0.000932169,0.020805562,0.999973263,0.010596298,0.979206646,0.011199448,0.979299672,0.999471714
3234,0.979592671,0.020395928,0.99968208,0.030375152,0.999384036,0.000528085,0.010093639,0.979288876,0.01120197,0.001020049,0.99968208
3235,0.979592368,0.020405211,0.001025699,0.999880036,0.010902918,0.020296748,0.010100903,0.000707375,0.01120641,0.030489567,0.001025699
3236,0.979592267,0.999086496,0.020395726,0.020903531,0.010700825,0.02088991,0.999577553,0.000808573,0.011218416,0.020800719,0.020395726
3237,0.979591964,0.999168322,0.010907357,0.001016215,0.999770262,0.010812818,0.988984584,0.00082068,0.011224268,0.9995829,0.010907357
3238,0.979591056,0.999178715,0.000809178,0.00043173,0.999978106,0.001026203,0.989889108,0.000821285,0.989884669,0.99958633,0.000809178
3239,0.979590955,0.99926952,0.969000308,0.020699622,0.010695881,0.968709831,0.978698337,0.000827137,0.989890319,0.01090433,0.969000308
3240,0.979590552,0.99928082,0.998971981,0.000303089,0.000119863,0.999480391,0.968913841,0.979504892,1.72E-06,0.000218135,0.998971981
3241,0.97959035,0.020683479,0.020612348,0.020286356,0.999279811,0.99997972,0.969000812,0.000918447,6.76E-06,0.000418714,0.020612348
3242,0.979590148,0.020796078,0.010518003,0.001125484,0.000207339,0.999880641,0.999890024,0.000932573,1.33E-05,0.0005185,0.010518003
3243,0.979590047,0.020797591,0.000315297,0.020407531,0.999997276,0.999984866,0.000204111,0.979606291,1.59E-05,0.001016215,0.000315297
3244,0.979511349,0.999480592,0.97920372,0.020507014,0.999380303,0.988779566,0.000909569,0.001009656,0.000109976,0.020583997,0.97920372
3245,0.979511147,0.020893845,0.000707375,0.010701632,0.000517692,1.90E-05,0.969507608,0.001020049,0.000122083,0.999891941,0.000707375
3246,0.979510946,0.030369804,0.000928739,0.01070032,0.020499648,0.000210366,0.000316003,0.001024286,0.978802057,0.010203312,0.000928739
3247,0.979510441,0.99957947,0.0002255,0.011219829,0.999570389,0.0207084,0.001124172,0.979700527,0.00020855,0.010706778,0.0002255
3248,0.979509533,0.999583203,0.999074793,0.010523048,0.000410037,0.020789318,0.03029262,0.979800313,0.000221666,0.010795969,0.999074793
3249,0.97950913,0.020993832,0.999264677,0.010717573,1.03E-05,0.020800013,0.989890319,0.979802532,0.000225399,1.71E-05,0.999264677
3250,0.979508827,0.021001904,0.999471411,0.030478267,0.000505484,0.010402075,0.000821185,0.979806467,0.000229738,0.000617881,0.999471411
3251,0.979508222,0.021005637,0.99956827,0.020803847,0.000825725,0.000419521,0.011109147,0.979808788,0.000424768,0.020496823,0.99956827
3252,0.979508121,0.021095837,0.999689142,0.021099671,0.010297245,0.979303506,0.00022994,0.030484219,0.000509823,0.999175082,0.999689142
3253,0.97950691,0.0211029,0.96891152,0.020690643,0.03059591,0.000926014,0.000820277,0.969510433,0.00051063,0.021310239,0.96891152
3254,0.979506103,0.021108953,0.020612449,0.000303997,0.01100462,0.969096663,0.969311165,0.969726954,0.000515876,0.010101408,0.020612449
3255,0.979504892,0.999772784,0.999870955,0.010594986,0.999780553,3.63E-06,0.021111476,0.020194945,0.000515977,0.011207217,0.999870955
3256,0.979503479,0.999781663,0.000813315,0.000909569,0.999483922,0.000830669,0.00022883,0.020196459,0.000607388,0.000123193,0.000813315
3257,0.979502773,0.021198145,0.999872469,0.000726848,0.000926721,0.021007352,0.01061456,0.020201201,0.979299369,0.000506594,0.999872469
3258,0.979501159,0.021206216,0.989094156,0.021001803,0.001125787,0.999890226,0.02080536,0.998875021,0.000711512,0.000510831,0.989094156
3259,0.979501058,0.999877917,0.000123294,0.99938787,0.999486747,0.010716968,0.021091801,0.020285852,0.000713731,0.999577754,0.000123294
3260,0.979500654,0.999894363,0.969410547,0.011219627,0.99928526,0.979289683,0.021191082,0.020290594,0.00071696,0.999870854,0.969410547
3261,0.979500251,0.021299544,0.99999657,0.999686519,0.01071949,0.999062685,0.010795969,0.020293822,0.000719583,0.021298737,0.99999657
3262,0.97950015,0.010103829,0.98938201,0.020282623,1.59E-05,0.999471108,0.969406915,0.02029473,0.000720592,0.021318714,0.98938201
3263,0.979499746,0.010105645,0.978783089,0.020406825,0.999375056,0.999778132,0.020191717,0.0203927,0.000726646,0.988887221,0.978783089
3264,0.979499645,0.010107259,0.00082068,0.011104506,0.999566959,0.000610617,0.020395525,0.9990643,0.000727554,0.988987208,0.00082068
3265,0.979499545,0.01020089,0.989278391,0.989891933,0.999685813,0.979500251,0.02060357,0.999075297,0.000815837,0.010403487,0.989278391
3266,0.979498838,0.988872995,0.000629383,0.999380505,0.010410247,0.998861501,0.021089884,0.999084075,0.000816039,0.010414888,0.000629383
3267,0.979498737,0.988882882,0.999984059,0.010298153,0.000922382,0.989293021,0.969310157,0.020489559,0.000817653,0.011015516,0.999984059
3268,0.979498435,0.010293512,0.999770161,0.999788524,0.01049853,0.979287867,0.011027018,0.99916691,0.000908156,0.00021642,0.999770161
3269,0.97949793,0.010305518,0.999890731,0.021005233,0.000124504,0.020699017,0.978994161,0.999179623,0.000918447,0.030385746,0.999890731
3270,0.979497728,0.010307233,0.010514976,0.000918447,0.001037201,2.17E-05,0.001014903,0.020586822,0.000928335,0.020383014,0.010514976
3271,0.979497527,0.010310462,0.989701948,0.99957614,0.000914311,0.999681071,0.020699622,0.020593279,0.979601852,0.020504189,0.989701948
3272,0.979496013,0.010312278,0.989484822,0.010608607,0.000104729,0.988777144,0.979309559,0.020613054,0.001010665,0.999679356,0.989484822
3273,0.979495711,0.010314901,0.010916538,0.030388874,0.999676026,0.989077509,0.000930252,0.999267502,0.00101117,0.989482199,0.010916538
3274,0.979495307,0.030278595,0.020702346,0.030578052,0.999882054,0.999777627,0.999280518,0.99926841,0.001023479,0.010899084,0.020702346
3275,0.979495105,0.01039925,0.979501159,0.010207852,0.020287264,0.988785619,0.021113393,0.99927406,0.001024286,0.01090998,0.979501159
3276,0.979495004,0.989082453,0.99948372,0.030596717,0.010998768,0.989085379,0.010306124,0.999276986,0.979700326,0.011216298,0.99948372
3277,0.979494601,0.010493486,0.999778636,0.010398947,0.999775307,0.978790454,0.010719995,0.020692156,0.00111711,0.989889108,0.999778636
3278,0.979494197,0.010496512,0.999668762,0.010902514,0.999477364,0.000423356,0.989798505,0.020694174,0.979817364,0.000408726,0.999668762
3279,0.979494096,0.010513866,0.98970447,0.998966028,0.999583001,0.979791938,0.000608195,0.020703759,0.030383526,0.000523443,0.98970447
3280,0.979493087,0.010601746,0.979291095,0.0105177,0.99948029,0.02050207,0.989094964,0.020705575,0.030385241,0.001010565,0.979291095
3281,0.979492179,0.010619705,0.969621619,0.999993644,0.010517801,0.010903624,0.01030905,0.999375056,0.03038736,0.030283539,0.969621619
3282,0.979492078,0.010622631,0.000516381,0.02018082,0.011224571,2.00E-05,0.989178101,0.99938,0.030389277,0.020389067,0.000516381
3283,0.979491776,0.989287572,0.001114688,0.001129722,0.00093449,0.020893341,0.000120065,0.999381211,0.030597928,0.999385953,0.001114688
3284,0.979491675,0.989288278,0.001131033,0.01041287,0.010111497,0.010601241,0.020908576,0.999381816,0.969605779,0.021298838,0.001131033
3285,0.979491473,0.989290599,0.968804874,0.03048997,0.000103317,0.989385642,0.021095332,0.999471815,0.020191111,0.010109681,0.968804874
3286,0.979490262,0.989291507,0.99977682,0.999873579,0.000403782,0.000229738,0.999984563,0.99947353,0.998868664,0.01041166,0.99977682
3287,0.979490161,0.989293727,0.988990436,0.989699426,0.021191385,0.000616267,0.979494601,0.020901816,0.020297959,0.030284649,0.988990436
3288,0.97949006,0.989299377,0.989885375,0.010621017,0.999869946,0.020204934,0.020886984,0.020907062,0.020298262,0.020201403,0.989885375
3289,0.979488951,0.010699211,0.001130125,0.001033165,0.01101027,0.020587528,0.020204833,0.999574425,0.02038372,0.998862308,0.001130125
3290,0.979405006,0.010701935,0.999472723,0.989597723,0.00043173,0.020612953,0.020391691,0.999576241,0.020399863,0.020582988,0.999472723
3291,0.979404804,0.010707484,0.010603158,0.011217508,0.999584413,0.010194433,0.020994337,0.99957947,0.999070454,0.99958512,0.010603158
3292,0.979404401,0.010712529,1.65E-05,0.030293225,0.010298052,0.969723624,0.999680768,0.999581588,0.030270524,0.999874789,1.65E-05
3293,0.979402685,0.989381102,0.999076508,0.021292986,0.010401167,0.020502171,0.999988094,0.020987173,0.999085286,0.010406111,0.999076508
3294,0.97940208,0.010796473,0.989193942,0.021305194,0.000216924,0.97940208,0.02079406,0.0209902,0.020485321,0.989900509,0.989193942
3295,0.979401374,0.010809287,0.989691556,0.999772684,0.01031702,0.000920163,0.978802965,0.020990805,0.020500758,0.000606177,0.989691556
3296,0.97940097,0.989483006,0.989688226,0.030592379,0.000411652,0.001021058,0.030268607,0.020991209,0.020502171,0.979498435,0.989688226
3297,0.979400667,0.989492086,0.978901136,0.989784278,0.000126522,0.969309349,0.000613644,0.999668156,0.999164387,0.001131235,0.978901136
3298,0.979400163,0.98949471,0.97920029,0.020297858,1.09E-05,0.000617881,0.000715447,0.999669972,0.020591564,0.999079737,0.97920029
3299,0.97939986,0.98949592,0.000936104,0.000525562,0.010207347,0.00082068,0.020705676,0.999670578,0.999278903,0.030279403,0.000936104
3300,0.979399759,0.010897873,0.030473726,0.010099491,0.010398745,0.001013289,0.001034678,0.999678548,0.020689331,0.999180127,0.030473726
3301,0.979399658,0.010903018,0.02089667,2.12E-05,0.030369603,0.969221571,0.02130358,0.999679457,0.020693871,0.020797591,0.02089667
3302,0.979398246,0.989588946,0.00021309,0.020500455,0.00030662,0.000909569,0.010207751,0.999680566,0.020703961,0.021096341,0.00021309
3303,0.979397842,0.011001593,0.999982646,0.999372635,0.999998386,0.020901816,0.988877232,0.999682282,0.020706483,0.999775609,0.999982646
3304,0.979396934,0.011016424,0.010803738,0.000312371,0.00022318,0.978893367,0.000630796,0.999682786,0.999368397,0.021197337,0.010803738
3305,0.979396531,0.011016525,0.999977803,0.99937324,0.999387668,0.979099092,0.020201201,0.999686216,0.999375359,0.999880137,0.999977803
3306,0.97939643,0.989686007,0.01020089,0.000219749,0.000818965,0.000817653,0.998869976,0.999687629,0.999387567,0.010903119,0.01020089
3307,0.979396127,0.011113385,0.010621017,0.010201596,0.011107634,0.010599728,0.010915832,0.999769959,0.020789419,0.021109054,0.010621017
3308,0.979394715,0.98978781,0.99999102,0.011008656,0.000314086,0.00021874,0.978904567,0.999770867,0.02079628,0.989276474,0.99999102
3309,0.979394109,0.989789828,0.999476052,0.000225601,0.000229032,0.000911385,0.000416495,0.999774096,0.020800416,0.000826936,0.999476052
3310,0.979392798,0.989883458,0.99978469,0.020501263,6.46E-06,0.020396836,0.020489962,0.999776417,0.020800719,0.001020856,0.99978469
3311,0.979392495,0.989889108,0.000315801,0.999372837,0.02070618,0.999674916,0.989094762,0.999778939,0.020908475,0.999068941,0.000315801
3312,0.979392293,1.11E-06,0.000618386,0.010514875,0.000808976,0.999885989,0.010511344,0.999780049,0.020986467,0.02049077,0.000618386
3313,0.979392091,0.978687743,0.979291398,0.030586325,0.000101601,0.999983554,0.001129722,0.99978469,0.020999785,0.999384944,0.979291398
3314,0.97939199,0.000120166,0.020998372,0.020797692,0.999285562,0.010515985,0.001132042,0.99979256,0.021096341,0.999875798,0.020998372
3315,0.97939189,0.978791463,0.999375258,0.999375258,0.999477666,0.010614156,0.01050862,0.999881045,0.021109861,0.021319723,0.999375258
3316,0.979391587,0.000211072,0.989086993,0.02070275,0.999483619,8.88E-06,0.010610019,0.999882558,0.999772684,0.999976391,0.989086993
3317,0.979391486,0.000222978,0.010719289,0.011014911,0.020791538,0.99886372,0.000427593,0.999883567,0.999784791,0.010203211,0.010719289
3318,0.979390376,0.000224895,0.000528589,0.01050418,0.01039703,0.010099491,0.00082068,0.999974272,0.02120894,0.011205098,0.000528589
3319,0.979389367,0.978901439,0.010096867,0.021103707,0.999476859,0.010109782,0.979698913,0.999978812,0.999893959,0.979086279,0.010096867
3320,0.979389065,0.000303492,0.989889108,0.010203312,0.999487756,0.020791941,0.020181425,0.999986783,0.021295508,0.969702739,0.989889108
3321,0.979388358,0.979104339,0.000214906,0.020895258,0.011017232,0.999787616,0.989278391,0.999990213,0.021298434,0.020797188,0.000214906
3322,0.979388156,0.000505282,0.979298864,0.999674916,0.999474841,0.000711007,0.000932169,0.999992433,0.999988801,0.021088976,0.979298864
3323,0.979388056,0.000515876,0.998872296,0.020298665,0.999887098,0.979697501,0.011008756,0.999992836,0.030479376,0.021297324,0.998872296
3324,0.979313091,0.000523645,0.000207844,0.010905036,0.010513967,0.020600543,0.999271033,0.010101408,0.010095152,0.010505391,0.000207844
3325,0.979312283,0.000523746,0.969202502,0.000117341,0.999983756,0.999280518,0.011010976,0.010105948,0.988774925,0.000206734,0.969202502
3326,0.979312183,0.00052415,0.999586835,0.989074381,0.999574526,0.021008159,0.011126198,0.010109681,0.988780171,0.999083873,0.999586835
3327,0.97931188,0.979201299,0.010614358,0.020388866,0.000406708,0.98988588,0.020395928,0.988784711,0.988791774,0.999470806,0.010614358
3328,0.979311678,0.000707375,0.978689862,0.001017728,0.000823606,0.978686936,0.010608809,0.010192919,0.01020765,0.020902926,0.978689862
3329,0.979311577,0.000711007,0.969525467,0.000607691,0.999779746,0.979492078,0.979193328,0.010199578,0.988891862,0.999873276,0.969525467
3330,0.979309963,0.000815434,0.020903127,0.010412467,0.999672495,0.010312278,0.020491778,0.030272239,0.988983273,0.021297829,0.020903127
3331,0.979309559,0.000915219,0.989801935,0.000425979,0.999678851,0.999976391,0.020696696,0.010210677,0.989092239,0.010404799,0.989801935
3332,0.979309458,0.000930353,0.001013692,0.030580877,0.999769959,0.989086287,0.979389367,0.988879149,0.010515279,1.34E-05,0.001013692
3333,0.979308853,0.001018031,0.978898513,0.001112368,0.00032236,0.989902023,0.010203312,0.010297648,0.989176487,0.000507704,0.978898513
3334,0.979307945,0.979703352,0.979708599,0.999081149,0.999682483,0.010807975,0.010210677,0.010300272,0.989278189,0.020389673,0.979708599
3335,0.97930744,0.001122962,0.999487554,0.989279702,0.999371525,0.001033468,0.978802764,0.01030239,0.01072171,0.999983352,0.999487554
3336,0.97930734,0.968899211,0.010110589,0.021191889,0.999383431,0.969000308,0.000625751,0.010308141,0.989400171,0.989290095,0.010110589
3337,0.979306331,0.969000308,0.010493082,0.020594893,0.999384339,0.988774925,0.020397139,0.010316919,0.010797381,0.011008656,0.010493082
3338,0.979306129,0.969006967,0.01070365,0.020406926,0.000405497,0.988875012,0.010712529,0.988980952,0.010812617,4.54E-06,0.01070365
3339,0.979305927,0.969213701,0.989701847,0.989785792,0.999370516,0.000718776,0.978686936,0.988992656,0.989496728,0.000313784,0.989701847
3340,0.979304716,0.969302287,0.968705089,0.999065006,0.99957836,0.999164387,0.000319333,0.010395012,0.010900496,0.000722509,0.968705089
3341,0.979304212,0.030391295,0.000526067,0.999881953,0.999467476,0.010315406,0.030472616,0.010401469,0.010902312,0.020284338,0.000526067
3342,0.979304111,0.020194945,0.969725239,0.99997629,0.030278797,0.020591564,0.020590555,0.010418319,0.011006335,0.999368195,0.969725239
3343,0.979303506,0.020204833,0.999279206,0.999770363,0.010496916,0.999376065,0.020800114,0.010418722,0.011011783,0.999580075,0.999279206
3344,0.979303405,0.998869976,0.989781756,0.999473933,0.010600737,0.010408028,0.99946677,0.989085379,0.011023992,0.021300149,0.989781756
3345,0.979303102,0.020293015,0.989794771,0.010604874,0.011122062,0.989381505,0.011016727,0.010502667,0.011099562,0.011122062,0.989794771
3346,0.9793029,0.020297354,0.01041287,0.020704162,0.999470705,0.000924804,0.030473726,0.010511344,0.01110501,0.011214582,0.01041287
3347,0.979301891,0.020299069,0.999072775,0.02090676,0.989794872,0.020797289,0.02039159,0.010515985,0.011110358,0.000216521,0.999072775
3348,0.979301387,0.998962698,0.020986366,0.020405311,1.31E-05,0.000106545,0.020401982,0.010518709,0.989901619,0.030481596,0.020986366
3349,0.979300479,0.020403092,0.989294534,0.01019746,1.94E-05,0.020494604,0.021107743,0.989179816,1.01E-06,0.999168928,0.989294534
3350,0.979300378,0.999067528,0.000918145,0.030591168,0.999980124,0.999281627,0.999784286,0.989187383,2.42E-06,0.999265081,0.000918145
3351,0.979299672,0.999085588,0.99908347,0.030391396,0.010610322,0.979188586,0.000431326,0.01059428,2.62E-06,0.020704768,0.99908347
3352,0.979299369,0.999086698,0.010502163,0.030593993,0.000323167,0.020181829,0.000715245,0.010601141,1.31E-05,0.02120773,0.010502163
3353,0.979299066,0.020483909,0.989291507,0.011001593,1.01E-07,0.999067528,0.020614164,0.010611129,1.68E-05,0.030272037,0.989291507
3354,0.979298864,0.020496521,0.020383518,0.010708997,0.001120036,1.85E-05,0.999678044,0.010695881,1.94E-05,8.48E-06,0.020383518
3355,0.979298057,0.999176293,0.999063795,0.01120641,0.00081836,0.000520517,0.021295105,0.010696991,2.07E-05,0.020182939,0.999063795
3356,0.979296947,0.999178311,0.03028021,0.001021461,0.999375359,0.020991209,0.989083058,0.010807168,0.000102913,0.021006242,0.03028021
3357,0.979296342,0.020600342,0.999184566,0.001116,0.999386962,0.010201395,0.01059428,0.010807269,0.000111993,0.999884576,0.999184566
3358,0.979296039,0.999267603,0.999676026,0.03048765,0.99937889,1.07E-05,0.000204212,0.01081413,0.000124706,0.021312761,0.999676026
3359,0.979295737,0.999277289,0.020181829,0.02018647,0.999580983,0.010298052,0.000321552,0.010903018,0.978792876,0.999971447,0.020181829
3360,0.979295333,0.020698714,0.989881743,0.000321048,0.999387365,0.010405505,0.000711915,0.010903119,0.000216622,0.010194433,0.989881743
3361,0.979294929,0.020699824,0.000410845,0.011016929,0.999679053,0.979495711,0.010297951,0.010905036,0.000311362,0.988996288,0.000410845
3362,0.979294526,0.999375056,0.00102812,0.011108643,0.999375662,0.020298262,0.988981558,0.989684493,0.978988713,0.989382918,0.00102812
3363,0.979294223,0.999388778,0.96931389,0.000813315,0.999279105,0.010399048,0.010703448,0.989692464,0.000627668,0.011004418,0.96931389
3364,0.97929382,0.020807983,9.99E-06,0.000310656,0.000514766,0.000826936,0.011016223,0.989782866,0.000715144,0.001127905,9.99E-06
3365,0.979293113,0.999467274,0.999178412,0.998974705,0.999678044,0.999578461,0.000424264,0.989885678,0.000725536,0.999475346,0.999178412
3366,0.979291398,0.99946788,0.999382825,0.999678145,0.999690151,0.999998386,0.979401374,0.989890218,0.979399658,0.021012094,0.999382825
3367,0.979291196,0.999470705,0.989090222,0.010914016,0.999477566,0.000710906,0.030594296,0.989890723,0.000825321,0.010299364,0.989090222
3368,0.979291095,0.999477465,0.010602049,0.020483001,0.000915219,0.969710306,0.020196661,0.989894658,0.000923593,0.010300272,0.010602049
3369,0.979290086,0.999480492,0.999479483,0.010100399,0.999480592,0.020701035,8.27E-06,0.989905857,0.001025699,0.989086287,0.999479483
3370,0.979289683,0.020893139,0.020290594,0.021300755,0.999681273,0.99956938,0.999273354,9.08E-07,0.001114184,0.010907761,0.020290594
3371,0.979288876,0.99958179,0.999990213,0.999889621,0.999776921,0.999487151,0.020986971,6.56E-06,0.001129923,0.978990731,0.999990213
3372,0.979288775,0.99958633,2.83E-06,0.010612441,0.010819377,0.0108108,0.020689331,1.44E-05,0.001130024,0.979085471,2.83E-06
3373,0.979288674,0.020994034,0.001127905,0.000928537,0.020694073,0.989682274,0.021106431,2.06E-05,0.979794259,0.000523544,0.001127905
3374,0.979287867,0.999673706,0.020199486,0.001037201,0.999583707,0.999971951,0.988974394,0.000118451,0.979813933,0.000816644,0.020199486
3375,0.979208765,0.999678649,0.020280101,0.010098179,0.01089757,0.969300067,0.000929647,0.000202194,0.969000812,0.000917136,0.020280101
3376,0.979208362,0.999689142,0.999476859,0.999778535,0.000810994,0.999792156,0.010898579,0.000213191,0.969101506,0.021102597,0.999476859
3377,0.979207958,0.021091599,0.999890226,0.021090389,0.000209862,0.99989406,0.98958834,0.978901439,0.969110284,0.999880843,0.999890226
3378,0.979207252,0.021118034,0.999977904,0.011220132,0.000918649,0.968799022,0.969620207,0.000313077,0.969114319,0.988784409,0.999977904
3379,0.979206949,0.999778535,0.989279702,0.021297324,0.999686721,0.999076508,0.010208861,0.000321452,0.96921249,0.011223259,0.989279702
3380,0.979206646,0.999783378,0.989396236,0.010200486,0.999889419,0.010719289,0.001009757,0.978993758,0.969300773,0.000808976,0.989396236
3381,0.979205839,0.999784286,0.999282132,0.999680566,0.010522846,0.979294526,0.020997868,0.000403782,0.030482302,0.000909569,0.999282132
3382,0.979205738,0.999788524,0.999284755,0.000915219,0.000311967,0.969001922,0.010100399,0.000419824,0.030487347,0.030374042,0.999284755
3383,0.979205436,0.021201474,0.999377377,0.010814534,0.999370718,0.020197367,0.010909678,0.000420934,0.030592581,0.99947696,0.999377377
3384,0.97920372,0.021208335,0.020785181,0.020804149,0.999475346,0.989079527,0.011120245,0.00042608,0.030593791,0.020894753,0.020785181
3385,0.979203014,0.021213884,0.999585725,0.011111669,0.999486545,0.999780352,0.979508827,0.000522636,0.030596011,0.02099242,0.999585725
3386,0.979202005,0.021216608,0.999791954,0.000608901,0.021296013,0.989383624,0.02018304,0.000528488,0.030597525,0.010090511,0.999791954
3387,0.979201501,0.999876303,0.010297648,0.001033468,0.00061435,0.98978337,0.999669771,0.979201501,0.969711517,0.98899195,0.010297648
3388,0.979201299,0.021296921,0.010705769,0.999880843,0.000119762,0.999586835,0.988785922,0.000607186,0.969712223,0.010497421,0.010705769
3389,0.979200694,0.999979317,0.010707484,0.03047524,0.999783277,0.999780553,0.010796372,0.000625953,0.020183645,0.010911494,0.010707484
3390,0.979200492,0.999983554,0.00040358,0.021189871,0.01029785,0.999888007,0.011224571,0.979294526,0.020201705,0.000526773,0.00040358
3391,0.97920029,0.010112809,0.02078841,0.020893946,0.010808379,0.98939896,0.989292617,0.000710301,0.99886483,0.020801728,0.02078841
3392,0.979198877,0.01011301,0.999482005,0.02070386,0.999984462,0.000816745,0.010612037,0.000714539,0.998876837,0.999870653,0.999482005
3393,0.97919807,0.010192617,0.020201201,0.000206229,0.999372433,0.968895175,0.021294398,0.000810994,0.020283531,0.999990011,0.020201201
3394,0.979197868,0.010193525,0.020590151,0.000709191,0.001123365,0.010613248,0.010714849,0.000830669,0.998963707,0.999996872,0.020590151
3395,0.979197162,0.010194937,0.969510736,0.000226711,0.010417411,0.000214099,0.011123474,0.000912797,0.998977631,0.988775126,0.969510736
3396,0.979197061,0.010299162,0.020590555,0.021310542,0.020896166,0.979508121,0.979195851,0.000913907,0.020381298,0.988880562,0.020590555
3397,0.979196153,0.010308242,0.999884475,0.011117521,0.000718776,0.968801343,0.979707187,0.000915219,0.020401679,0.011022478,0.999884475
3398,0.979196052,0.988974192,0.989596311,0.010299767,0.999973767,0.999273354,0.001122962,0.000916228,0.020406825,0.000314994,0.989596311
3399,0.979195851,0.010398947,0.020612651,0.000207137,0.999673403,0.010501255,0.010620714,0.000928133,0.02049531,0.999368397,0.020612651
3400,0.97919575,0.010412467,0.979101917,0.999583505,0.999384944,0.010699211,0.989286866,0.001010464,0.020497227,0.020993832,0.979101917
3401,0.979195245,0.010415494,0.000514766,0.02061255,0.020695788,1.84E-05,0.969512754,0.001025699,0.999170441,0.999878422,0.000514766
3402,0.979195043,0.989079426,0.978690467,0.020702044,0.999574627,0.000412963,0.021008865,0.001032358,0.999174679,0.010205027,0.978690467
3403,0.979194842,0.010508923,0.978793279,0.010309251,0.999792156,0.979808384,0.030480789,0.001034174,0.020585106,0.010209971,0.978793279
3404,0.979194337,0.010518003,0.000523645,0.989703764,0.999690757,0.020994034,0.979306331,0.00103488,0.020592673,0.010594078,0.000523645
3405,0.979193934,0.010520223,0.000119258,0.020400973,8.48E-06,0.999986783,0.0009357,0.979698913,0.999265686,0.000403782,0.000119258
3406,0.979193328,0.989189906,0.9990756,0.021198447,0.00081725,0.000415587,0.020205943,0.001113074,0.999272244,0.979491776,0.9990756
3407,0.979193227,0.010593977,0.020692358,0.021100781,0.010907861,0.999679255,0.020501263,0.001123567,0.999283847,0.97960609,0.020692358
3408,0.979191411,0.010595995,0.02070729,0.999071463,0.999989305,0.010310159,0.010501759,0.969208555,0.020693669,0.020604478,0.02070729
3409,0.979191209,0.989286967,0.999882659,0.000932573,0.010203312,0.989903738,0.010817359,0.030384031,0.020696595,0.999266998,0.999882659
3410,0.979191108,0.989289287,0.979298057,0.998981364,0.020288677,1.26E-05,0.011000887,0.969721304,0.020701741,0.999677338,0.979298057
3411,0.979190806,0.989292819,0.000715043,0.021004426,0.000816644,0.000321351,0.011218416,0.020191818,0.999369911,0.030482,0.000715043
3412,0.979189999,0.989297157,0.020795472,0.030481899,0.030270927,0.9790887,0.96971071,0.020196661,0.020791033,0.010314397,0.020795472
3413,0.979188586,0.010699917,0.999792762,0.021198245,0.999478978,0.979613758,0.999577351,0.020198779,0.020806571,0.010807975,0.999792762
3414,0.979186972,0.010712932,0.999889015,0.010907861,0.999370314,0.999793468,0.021112586,0.020201503,0.020887085,0.010897267,0.999889015
3415,0.979109484,0.989399667,0.000315095,0.000428299,0.020585308,0.010300171,0.021113292,0.020280605,0.999578965,0.989597723,0.000315095
3416,0.979109384,0.989488555,0.000820377,0.989904949,0.000726646,6.46E-06,0.010500952,0.020298363,0.999583001,0.03038736,0.000820377
3417,0.97910898,0.010899487,0.979691043,0.020609826,0.010310967,0.010203211,0.010802527,0.998962597,0.030374647,0.020179307,0.979691043
3418,0.979108576,0.010904229,0.969725743,0.020495713,0.999382724,0.020892634,0.011017938,0.998973393,0.030374748,0.020193432,0.969725743
3419,0.979107971,0.010997961,0.999676329,0.021313669,0.999466265,0.99967643,0.000507704,0.020384527,0.020986265,0.999375561,0.999676329
3420,0.979107467,0.011014709,0.979303506,0.02060801,0.999982444,0.999985269,0.030479175,0.020384628,0.020986366,0.030470599,0.979303506
3421,0.979107366,0.011025808,0.998865436,0.000316911,0.010916538,0.978683909,0.00082966,0.020393709,0.021002509,0.988983676,0.998865436
3422,0.979106155,0.989686713,0.020492888,0.020280706,0.000921777,0.02018647,0.021087463,0.99907106,0.999778334,0.01091442,0.020492888
3423,0.979105852,0.989693876,0.020607808,0.011213069,0.000729168,0.989803045,0.011117219,0.03027799,0.999782571,0.011214784,0.020607808
3424,0.979105247,0.989699728,0.020692055,0.020496521,0.010599728,0.000825624,0.000515876,0.020505702,0.999783177,0.011218416,0.020692055
3425,0.979104541,0.01111742,0.020801829,0.000823606,0.000912495,0.998872195,0.979614565,0.999171854,0.999783782,0.000512345,0.020801829
3426,0.979104339,0.989804659,0.999989406,0.020693972,0.000910275,0.020293015,0.020490063,0.999175587,0.999786304,0.998961891,0.999989406
3427,0.979104137,0.011205199,0.969714846,1.66E-05,0.999376973,0.020803443,0.020612348,0.999178109,0.999786708,1.80E-05,0.969714846
3428,0.979102825,0.011211959,0.999269621,0.020197871,0.999869845,0.020901412,0.0211029,0.99917932,0.999787212,0.999281728,0.999269621
3429,0.97910222,0.989891025,0.02048179,0.999081956,0.999782369,0.999879632,0.999872166,0.020593481,0.999883365,0.999473025,0.02048179
3430,0.979101917,0.989905151,0.979107366,0.00082068,0.021298131,0.988879351,0.010811406,0.020607303,0.999886998,0.020994337,0.979107366
3431,0.979101615,4.84E-06,0.979808788,0.020791134,0.021191889,0.010406918,0.978783997,0.999264576,0.021291977,0.021102092,0.979808788
3432,0.979101514,0.000103821,0.989681265,0.020902926,0.000928739,0.00072937,0.021209747,0.999269016,0.021300553,0.021303983,0.989681265
3433,0.979101312,0.000113406,0.979102825,0.010109479,0.010703953,0.968601873,0.010308343,0.99927295,0.99997518,0.010299263,0.979102825
3434,0.979101211,0.000120771,0.97979325,0.020600241,0.010606387,0.020994236,0.0009244,0.999278903,0.01010393,0.989083361,0.97979325
3435,0.979100404,0.000212081,0.999280619,0.999268814,0.999384742,0.999785195,0.001026203,0.999284957,0.010299767,0.010501759,0.999280619
3436,0.979099193,0.000418815,0.020696494,0.000418815,0.02079517,0.010518911,0.030490778,0.020701035,0.988987107,0.989188897,0.020696494
3437,0.979099092,0.000505484,0.01030461,0.020791739,0.021209445,0.010797281,0.020388966,0.999365673,0.010413476,0.011201163,0.01030461
3438,0.979098386,0.000506796,0.999993341,0.999282334,0.020990301,0.989798,0.021188963,0.999368195,0.010413577,0.000425575,0.999993341
3439,0.979098285,0.000508511,0.999989204,0.999993946,0.000710402,0.000811902,0.999979922,0.999376368,0.989078921,0.020486633,0.999989204
3440,0.979098083,0.000508713,0.000918649,0.030283438,0.020698311,0.968606515,0.010097069,0.999388072,0.989079426,0.999881045,0.000918649
3441,0.97909768,0.979200492,0.979606291,0.010292301,0.010206338,0.999086799,0.978993859,0.020810909,0.010493687,0.999975281,0.979606291
3442,0.979097579,0.000611121,0.979002132,0.99998991,0.000922483,0.999384339,0.979399658,0.999470099,0.010504382,0.011111871,0.979002132
3443,0.979097276,0.000630796,0.969208757,0.000826128,0.000621211,0.999989103,0.969515982,0.999476254,0.01052325,0.979497527,0.969208757
3444,0.979096973,0.000715144,0.978793481,0.000311967,0.02131821,0.999575938,0.999264778,0.999478978,0.010596096,0.000922483,0.978793481
3445,0.979096873,0.000822395,0.020785988,0.020809093,0.001120338,0.999788625,0.999993946,0.999485335,0.010601544,0.020504895,0.020785988
3446,0.97909657,0.001028221,0.999682887,0.020485422,0.000617377,0.010316919,0.988780171,0.999486747,0.010604268,0.020691147,0.999682887
3447,0.979095964,0.001033569,0.999778737,0.030376564,0.00052647,0.000505787,0.010811204,0.020892634,0.010605378,0.0209902,0.999778737
3448,0.979095662,0.001112267,0.999789331,0.011025101,0.010803839,0.999467375,1.26E-05,0.020897578,0.98929746,0.999783378,0.999789331
3449,0.97909546,0.001114688,0.969608604,0.01041398,0.030481899,0.999888713,0.030491787,0.999575837,0.989386248,0.021311752,0.969608604
3450,0.97909435,0.001126796,0.99928526,0.989790736,0.000707375,0.010520122,0.021213077,0.999576342,0.010796978,0.010617486,0.99928526
3451,0.979093644,0.001136482,0.010310462,0.020494604,0.001112771,0.02088537,0.020406421,0.999577048,0.010814937,0.989287976,0.010310462
3452,0.979093039,0.979794057,0.000817653,0.010618394,0.999972254,0.999793871,0.020697201,0.999580176,0.010905036,0.000417302,0.000817653
3453,0.979092635,0.968704585,0.998981364,0.999586633,0.010198872,0.020396937,0.020888397,0.999585725,0.01091896,0.998982676,0.998981364
3454,0.97909092,0.968908292,0.020493998,0.010093437,0.011222553,0.999477566,0.010311875,0.020993832,0.989582791,0.021109861,0.020493998
3455,0.979090819,0.969013122,0.998872801,0.020291098,0.010595793,0.030476249,0.978793481,0.021000693,0.011004418,0.021199053,0.998872801
3456,0.979090718,0.030292317,0.99907338,0.010610726,0.000821285,0.969604972,0.001135069,0.021002105,0.989686208,0.010205834,0.99907338
3457,0.979090516,0.030293629,0.020597012,0.020493191,0.02060801,0.020808589,0.020183645,0.021008765,0.011105414,0.010514875,0.020597012
3458,0.979090415,0.030382114,0.979090819,0.999794073,0.011205804,0.020893845,0.021215297,0.999669468,0.011111468,0.010719087,0.979090819
3459,0.97908981,0.030597222,0.96879761,0.001013692,0.021002307,0.01041287,0.020397442,0.999669871,0.011119237,0.010795767,0.96879761
3460,0.979089608,0.96961718,0.978683909,0.021003316,0.020190304,0.969513662,0.999998184,0.999672091,0.011125189,0.010901505,0.978683909
3461,0.979089205,0.969714746,0.000119863,0.011006234,0.020898991,0.02059005,0.010299364,0.999680365,0.989789828,0.000522132,0.000119863
3462,0.979089003,0.02018647,0.999773692,0.020499648,0.030473121,0.010308343,0.010310967,0.999773289,0.98979578,0.999787616,0.999773692
3463,0.979088902,0.020190304,0.999993946,0.020391993,0.999085488,0.9997745,0.010707484,0.999774298,0.98989718,0.988777851,0.999993946
3464,0.9790887,0.998866344,0.010909274,0.010297951,0.99917821,0.989886081,0.000120166,0.99978136,0.989904949,0.010619604,0.010909274
3465,0.979088296,0.998875424,1.71E-05,0.030387865,0.001009656,0.000523544,0.020804149,0.999783076,2.32E-06,0.011009059,1.71E-05
3466,0.979088196,0.020285852,0.000925611,0.00082966,0.000203707,0.000912495,0.020991814,0.999793165,9.79E-06,0.000613543,0.000925611
3467,0.979087388,0.020288172,0.010695477,0.020700026,0.011108643,0.999992836,0.010513564,0.999869946,1.23E-05,0.979303506,0.010695477
3468,0.979086279,0.020292612,0.999777829,0.00071353,0.999082864,0.969712324,0.010622329,0.999871359,0.000123798,0.020192524,0.999777829
3469,0.979085875,0.020296244,0.999786708,0.000528185,0.01089979,0.999583909,2.62E-06,0.999871863,0.000205523,0.020285045,0.999786708
3470,0.979085471,0.020382812,0.979003343,0.011205603,0.030386957,0.000410138,0.020391489,0.999876807,0.978887515,0.999675522,0.979003343
3471,0.979005865,0.020390682,0.999467173,0.001010766,0.020388159,0.02038483,0.979205436,0.999883466,0.978990227,0.010507006,0.999467173
3472,0.979004251,0.020393709,0.020886984,0.030293528,0.000424264,0.999474236,0.02049531,0.999889621,0.979001628,0.989280711,0.020886984
3473,0.97900415,0.020395525,0.989700737,0.030587132,0.010402075,0.999575837,0.999998083,0.999979821,0.000424062,0.01070476,0.989700737
3474,0.979003948,0.020397341,0.010107159,0.021208738,0.999971648,0.020990402,0.969711517,0.999981133,0.000427593,0.020499144,0.010107159
3475,0.979003847,0.020399661,0.98939896,0.988995078,0.010312278,0.988872995,0.999267603,0.999981234,0.979087388,0.98990505,0.98939896
3476,0.979003343,0.030269414,0.968908292,0.999893758,0.999376368,0.000609406,0.999469797,0.999999092,0.979089608,0.000313279,0.968908292
3477,0.97900304,0.999075499,0.999584413,0.020683681,0.030291813,0.979808788,0.02130247,0.010093033,0.979108576,0.030282328,0.999584413
3478,0.979002132,0.999081149,0.999676732,0.030390185,0.020288879,0.999574425,0.979104339,0.010099188,0.000611525,0.020381399,0.999676732
3479,0.979001829,0.020500254,0.999778535,0.00061435,0.021306304,0.999774298,0.999178715,0.010108268,0.97930734,0.0206858,0.999778535
3480,0.979001628,0.020507417,0.001125585,0.021008361,0.000817754,0.989888806,0.000107554,0.010201395,0.000821185,0.020703053,0.001125585
3481,0.979001426,0.030280311,0.988773411,0.030481293,0.000909669,0.998971981,0.979102825,0.010201798,0.000917035,0.021209747,0.988773411
3482,0.979001123,0.999175082,1.61E-05,0.999885989,0.000723014,0.999079131,0.000928335,0.010293411,0.000930757,0.010402075,1.61E-05
3483,0.979000215,0.020590958,0.999573517,0.020197569,0.020685093,0.999080645,0.999275776,0.01030461,0.001031248,0.989187081,0.999573517
3484,0.979000013,0.020595499,0.010914117,0.000720491,0.010397837,0.99927961,0.999278903,0.010310563,0.968913841,0.010595289,0.010914117
3485,0.978999509,0.020600644,0.010407725,0.00101904,1.27E-05,0.010596096,0.999474337,0.010396425,0.030482504,0.010809085,0.010407725
3486,0.978999105,0.020601653,0.020300078,0.021191687,0.011010472,0.000223785,0.988783299,0.01039703,0.030589655,0.000933783,0.020300078
3487,0.978998903,0.020611541,0.998977126,0.988996187,0.021305699,0.969710407,0.020594893,0.010397534,0.969715149,0.999366278,0.998977126
3488,0.978998702,0.999267401,0.000613543,0.020601653,0.001037907,0.999267805,0.999685107,0.010404093,0.969718479,0.020896771,0.000613543
3489,0.978998601,0.020696595,0.02100937,0.021296013,0.001025396,0.999370011,0.021092507,0.010410752,0.969724431,0.010608203,0.02100937
3490,0.978997794,0.020703961,0.98980476,0.020706988,0.000319333,0.979288876,0.000406708,0.989094156,0.020188589,0.989285252,0.98980476
3491,0.978997491,0.02070618,0.010596499,0.030377977,0.010902514,0.979806467,0.000505484,0.010501759,0.020199687,0.011108844,0.010596499
3492,0.978997087,0.999369911,0.979701234,0.010306426,0.010502062,0.998982171,0.999570893,0.010502163,0.020299674,0.020386444,0.979701234
3493,0.978996684,0.020790428,0.969716864,0.021198649,0.010518709,0.999083268,0.010795767,0.010509124,0.020385738,0.979401374,0.969716864
3494,0.978996381,0.02079295,0.020182535,0.999778636,0.020602057,0.999674614,0.978790454,0.010516086,0.020390783,0.999074894,0.020182535
3495,0.978995776,0.020800114,0.999380404,0.02059227,0.010294521,0.010301079,0.000418311,0.989179211,0.020404504,0.020797894,0.999380404
3496,0.978995574,0.999469191,0.010817661,0.020695788,0.000427593,0.979193934,0.97919575,0.010596298,0.999067528,0.999883567,0.010817661
3497,0.978995372,0.999486444,0.979592368,1.07E-05,0.001117917,0.020180517,0.021110164,0.010599022,0.020491879,0.010601645,0.979592368
3498,0.978994767,0.020886177,0.000816644,0.010802224,0.000315297,0.001032358,0.010098583,0.010603966,0.999176898,0.000305813,0.000816644
3499,0.978994161,0.020901412,0.001013289,0.020500052,0.000718171,0.999888309,0.010418319,0.010604672,0.020587629,0.000622522,0.001013289
3500,0.978993859,0.999581891,0.020405614,0.000212384,0.010293512,0.999388778,0.000911385,0.010611735,0.020597012,0.979511147,0.020405614
3501,0.978993758,0.999582194,0.020894753,0.030578758,0.01030461,0.01040036,0.021207931,0.010614358,0.020611339,0.030289189,0.020894753
3502,0.978993253,0.020991512,0.010101408,0.000521325,0.010514169,0.020604781,0.98898075,0.010618293,0.999267401,0.999286571,0.010101408
3503,0.978992345,0.999668863,0.010298153,0.021101689,0.001121448,0.010906045,0.001114688,0.989279702,0.999273152,0.020805764,0.010298153
3504,0.978990731,0.999682483,0.989183449,0.020799206,0.020688019,0.979592671,0.01101481,0.989282124,0.99928526,0.021098057,0.989183449
3505,0.978990227,0.021110063,0.969004243,0.020700631,0.021099671,0.020807983,0.011126501,0.989288884,0.020691147,0.021100579,0.969004243
3506,0.978989722,0.999770565,0.989283435,0.001017829,0.011004519,0.999973666,0.011223057,0.98929181,0.020697201,0.030488558,0.989283435
3507,0.978989419,0.999778233,0.989789828,0.000607388,0.000312371,0.030573612,0.000217832,0.989293424,0.020700127,0.998861501,0.989789828
3508,0.978988713,0.999789533,0.020590958,0.020401074,0.010207751,0.969101607,0.999175587,0.010701935,0.999366177,0.999170643,0.020590958
3509,0.978988612,0.021190779,0.020594691,0.010297648,0.000713731,0.989901619,0.010622631,0.010712226,0.999370011,0.021091297,0.020594691
3510,0.97898841,0.021211261,0.010311875,0.030389983,0.000213292,0.001029735,0.979490262,0.01071384,0.020791739,0.999991626,0.010311875
3511,0.9789872,0.021211866,0.001028221,0.000917136,0.020388866,0.999368195,0.979800111,0.010719188,0.020797188,0.999997377,0.001028221
3512,0.978986392,0.999881146,0.02069377,0.998873507,0.010317121,0.999375662,0.030387461,0.01071949,0.020802434,0.010099995,0.02069377
3513,0.97898609,0.999894262,1.64E-05,0.999269016,0.011121557,0.999475951,0.020182132,0.010721105,0.020810001,0.010701128,1.64E-05
3514,0.978985888,0.021299948,0.989482602,0.00031116,0.010514976,0.989686007,0.020889305,0.010796978,0.999467073,0.000428703,0.989482602
3515,0.978985384,0.021300452,0.989787103,0.020500355,0.01052446,2.02E-07,0.000323369,0.010806361,0.020900706,0.030487044,0.989787103
3516,0.978984879,0.021310441,0.000814324,0.020702649,0.000715043,0.001113982,0.96891152,0.989589248,0.020905549,0.030488154,0.000814324
3517,0.978984778,0.999974272,0.02050096,0.021088673,0.010711419,0.969213701,0.999980527,0.98978337,0.999575736,0.999669266,0.02050096
3518,0.978906383,0.999988296,0.999467073,0.001031652,0.999887805,0.99967986,0.030271936,0.989884669,0.020986971,0.010093437,0.999467073
3519,0.978905374,0.999989204,0.999779242,0.999471411,0.020598021,0.999686519,0.010803233,0.989902931,0.0209902,0.989803045,0.999779242
3520,0.978905273,0.999994552,0.999894666,0.020898184,0.020192625,0.000321552,0.000118047,0.989906361,0.020996455,0.03048432,0.999894666
3521,0.978905172,0.999996065,0.999380605,0.011212766,0.000917035,0.000934591,0.979700326,3.53E-06,0.021010278,0.020390278,0.999380605
3522,0.97890497,0.999998083,0.999482711,0.021104615,0.000610617,2.83E-06,0.979704967,4.84E-06,0.999669266,0.020614265,0.999482711
3523,0.978904668,0.010092125,0.000921878,0.021210655,0.000936104,0.001028221,0.969004848,0.000101601,0.999678044,0.020890011,0.000921878
3524,0.978904567,0.010093336,0.02018082,0.000417504,0.000615056,0.999383935,0.020197266,0.000105032,0.021100175,0.999788625,0.02018082
3525,0.978904466,0.988879452,0.001034477,0.020405009,0.000625751,0.989598833,0.021207629,0.000113507,0.021104413,0.999971144,0.001034477
3526,0.978903961,0.010295933,0.020196459,0.020186874,0.000810288,0.989894658,0.02129349,0.000114919,0.021113494,0.010493687,0.020196459
3527,0.978901439,0.010306527,0.020801728,0.020395726,0.011016424,0.979396934,0.978999509,0.000216622,0.999775206,0.010506804,0.020801728
3528,0.978901136,0.988989831,0.020885673,0.010105443,0.010601141,0.001019948,0.999789937,0.00022883,0.999777728,0.000209357,0.020885673
3529,0.978900127,0.010394407,0.000123798,0.010616073,0.010414081,0.020893038,0.97909435,0.000230041,0.999784892,0.979808788,0.000123798
3530,0.978899825,0.010397534,0.030289189,0.011023184,0.000617881,0.010200486,0.030473625,0.000304501,0.99978691,0.020297455,0.030289189
3531,0.978898513,0.010408028,0.020686304,0.030577749,0.010205128,0.989298772,0.998971779,0.000305308,0.021189266,0.021004325,0.020686304
3532,0.97889821,0.98907761,0.010819881,0.000207844,0.010299666,1.11E-05,0.020798398,0.000311059,0.02119653,0.999786304,0.010819881
3533,0.978898109,0.989085278,0.000225601,0.999468384,0.020700429,0.000314086,0.999680566,0.978985888,0.021206418,0.999889318,0.000225601
3534,0.9788971,0.989085379,0.979791938,0.030389075,0.010191002,0.020591059,0.988989327,0.000407616,0.02121681,0.02129904,0.979791938
3535,0.978896192,0.010515985,0.969308946,0.01111742,0.000114112,0.989400776,0.989803953,0.000422145,0.999986278,0.02132275,0.969308946
3536,0.978894477,0.01059771,0.010206338,2.05E-05,0.999674815,0.01081524,0.030293629,0.979101211,0.030577043,0.010998162,0.010206338
3537,0.97889367,0.010599728,0.969608301,0.020482193,0.000714539,0.020203824,0.030487549,0.979201299,0.030580473,0.011105414,0.969608301
3538,0.978893569,0.989277382,0.000911385,0.001013995,0.999384641,0.020995144,0.988880562,0.000612735,0.010192415,0.000720895,0.000911385
3539,0.978893468,0.989283133,0.999387668,0.010097069,0.020587629,0.999684299,0.9789872,0.000621211,0.010192617,0.000726444,0.999387668
3540,0.978893367,0.010703549,0.988891862,0.010809489,0.011207015,0.010502163,0.021208638,0.000629585,0.01020422,0.030470498,0.988891862
3541,0.978891652,0.010709098,0.010617486,0.021214288,0.000713832,0.01071828,0.999877715,0.000629787,0.010207347,0.998865637,0.010617486
3542,0.978891248,0.989383624,0.020404605,0.010901606,0.030594599,0.000708485,0.010997961,0.00071353,0.010297043,0.020388361,0.020404605
3543,0.978890643,0.010807572,0.979612446,0.02029019,0.020699219,0.000914311,0.020992722,0.000719583,0.988990134,0.020607909,0.979612446
3544,0.978889432,0.989495012,0.969217838,0.020492687,0.00050508,0.010502667,0.988992454,0.000812104,0.010396626,0.020691046,0.969217838
3545,0.978889331,0.989496021,0.020291704,0.02120894,0.020288071,0.978687138,0.011200558,0.000816039,0.010403487,0.999379798,0.020291704
3546,0.978889029,0.01090211,0.020389673,0.021302167,0.010598013,0.020182636,0.979695886,0.000818864,0.010594986,0.999477767,0.020389673
3547,0.978888625,0.989585313,0.030286263,0.030492291,8.27E-06,0.999165296,0.979806467,0.000826128,0.01060336,0.021207629,0.030286263
3548,0.978888524,0.989588542,0.020184553,0.000817855,0.020792446,0.999998083,0.969504279,0.00082855,0.010615165,0.999998789,0.020184553
3549,0.978887515,0.989692867,0.021012397,0.000718776,0.000828348,0.010100399,0.999887098,0.000932875,0.010618394,0.989578654,0.021012397
3550,0.978887414,0.011102791,0.979001123,0.000202395,0.000810086,0.010105746,0.010301381,0.979592671,0.010699211,1.68E-05,0.979001123
3551,0.978887314,0.011200053,0.989291911,0.010103022,0.999783681,0.999388475,0.010618999,0.97959822,0.010703145,0.978683909,0.989291911
3552,0.978887213,0.01120308,0.010807067,0.999982343,0.010192617,0.999467981,0.979090819,0.979614565,0.010801316,0.999689142,0.010807067
3553,0.978886506,0.011217407,0.020300683,0.020903733,0.000821185,0.999680566,0.001009455,0.001013692,0.010811204,0.030478267,0.020300683
3554,0.978886406,5.35E-06,0.9996731,0.00031681,0.000223684,0.010109681,0.001136582,0.001018333,0.989580975,0.01049621,0.9996731
3555,0.978802965,1.11E-05,0.979390376,0.020599131,0.010511142,0.979498435,0.02058662,0.001117311,0.011021066,0.989801431,0.979390376
3556,0.978802864,1.71E-05,0.020592976,0.00101682,0.99997629,0.999794477,0.999782269,0.001122962,0.989685502,0.999073784,0.020592976
3557,0.978802764,1.78E-05,0.97960165,0.001018838,0.010521635,0.969301782,0.010594381,0.001129923,0.989698114,0.020499043,0.97960165
3558,0.978802461,2.10E-05,0.99887381,0.020288273,0.020797692,0.020489054,0.000408726,0.001132547,0.011104809,0.999479483,0.99887381
3559,0.978802057,0.000118451,0.020786291,0.999871157,0.030373638,0.999676631,0.030495923,0.979801019,0.011107331,0.021108752,0.020786291
3560,0.978801351,0.000222272,0.999070454,0.000821386,0.030292418,0.999581992,0.020990402,0.030473726,0.011109349,0.010496916,0.999070454
3561,0.978801048,0.000226711,0.0105966,0.010601948,0.999679961,0.000722711,0.978801351,0.969422755,0.989803247,0.989888907,0.0105966
3562,0.978800645,0.000305611,0.010716161,1.21E-06,0.000827541,0.001034174,0.979107366,0.969511543,0.011205905,0.000421842,0.010716161
3563,0.978800039,0.000322259,0.020585813,0.98979578,0.000412963,0.030280311,0.979503479,0.020179609,0.011214481,0.979101514,0.020585813
3564,0.978799131,0.000420329,0.020888094,0.000816745,0.000713025,0.999690656,0.000919355,0.020185966,0.98988366,0.979813025,0.020888094
3565,0.97879893,0.000425676,0.999877614,0.001018031,0.010509932,0.999974272,0.968910511,0.020201806,0.98988477,0.030379995,0.999877614
3566,0.978798122,0.97919807,0.010301381,0.99957947,0.999583304,0.010703852,0.96920008,0.998872599,0.989889714,0.020406119,0.010301381
3567,0.978798021,0.000617881,0.010519012,0.010199578,4.04E-06,0.010804242,0.03038736,0.99896623,1.44E-05,0.999375258,0.010519012
3568,0.978796205,0.000724931,0.969408832,0.989591569,0.000620101,0.99998083,0.999878119,0.998969559,1.66E-05,0.020894652,0.969408832
3569,0.978795903,0.979491675,0.999480492,0.989795377,0.00072029,0.010096867,0.989278189,0.998975714,2.10E-05,0.999780251,0.999480492
3570,0.978793683,0.000919759,0.999985774,0.000912495,0.01071717,0.010600333,0.979190806,0.998975815,2.12E-05,0.010695477,0.999985774
3571,0.978793582,0.000934591,0.010502062,0.999999496,0.000305409,0.010795767,0.020484615,0.020382106,0.000104527,0.000931866,0.010502062
3572,0.978793481,0.979609621,0.020897881,0.020988787,0.01070143,0.000304501,0.999890327,0.020390278,0.978886506,0.020595499,0.020897881
3573,0.97879338,0.001019948,0.999577653,0.00052647,0.020297656,0.969303094,0.999982343,0.020392094,0.978894477,0.999287177,0.999577653
3574,0.978793279,0.001037201,0.010711419,0.001117917,0.999583505,0.988891559,0.979815245,0.020399661,0.000309344,0.999690656,0.010711419
3575,0.978792876,0.001117715,0.000404185,0.989694381,0.000809178,0.010412467,0.999085185,0.020406926,0.000315297,0.001110854,0.000404185
3576,0.978792674,0.001133757,0.001015508,0.021298131,0.00072937,0.010207852,0.000420329,0.999063089,0.000410845,0.020684286,0.001015508
3577,0.978792472,0.979792645,0.999071665,0.010596903,0.000527176,0.989883155,0.000708485,0.999069143,0.000425979,0.999370516,0.999071665
3578,0.978791968,0.9797989,0.0207084,0.010312278,0.020394919,0.000610415,0.020804351,0.999071261,0.000524856,0.999581387,0.0207084
3579,0.978791867,0.969013424,0.99988054,0.000412963,0.999481904,0.020206346,0.010524359,0.020507417,0.000618688,0.989187888,0.99988054
3580,0.978791463,0.030290299,0.00011502,0.98979689,0.000708081,0.020592371,0.01091442,0.999165195,0.979295737,0.989278189,0.00011502
3581,0.978790454,0.969303094,0.969309349,0.01049853,0.000908963,0.01011301,0.989806072,0.999174881,0.000716859,0.010703549,0.969309349
3582,0.978790152,0.030369905,0.999872166,0.000908156,0.030582794,0.010396525,0.989884064,0.999183759,0.000725133,0.011007848,0.999872166
3583,0.978788134,0.030372125,0.969009388,0.001034174,0.999673605,0.010493687,0.989897382,0.020589546,0.000820478,0.979001829,0.969009388
3584,0.978787024,0.030384031,0.989689437,0.000125917,0.000303089,0.9697209,0.968808708,0.020592573,0.000825927,0.020589142,0.989689437
3585,0.978786822,0.030490677,0.000214705,0.01030461,0.010397534,0.02039956,0.969621619,0.020597012,0.000918548,0.020886177,0.000214705
3586,0.978786318,0.030571796,0.979503479,0.000107453,0.010413577,0.999991424,0.020185966,0.020601048,0.000930151,0.989693473,0.979503479
3587,0.978786217,0.969513662,0.000810288,0.01100462,0.999993845,0.001010665,0.020191111,0.999265989,0.979698711,2.01E-05,0.000810288
3588,0.978783997,0.030585518,0.020708299,0.010405404,0.010097069,0.001123567,0.999579873,0.999266594,0.030291207,0.000625953,0.020708299
3589,0.978783896,0.030597121,0.989595605,5.65E-06,0.010718078,0.978985384,0.999585624,0.999277793,0.03029151,0.020190304,0.989595605
3590,0.978783291,0.969608503,0.001113074,0.989789828,0.010398039,0.020199586,0.988875214,0.999282636,0.030385342,0.998871187,0.001113074
3591,0.978783089,0.969712324,0.021002105,0.010897873,0.020287163,0.010608001,0.011209336,0.999371222,0.030481193,0.020390783,0.021002105
3592,0.978700759,0.020180517,0.999991525,0.030486843,0.010699917,6.56E-06,0.979189999,0.999374552,0.030495217,0.999178513,0.999991525
3593,0.978700456,0.020197266,0.010300272,0.000827541,0.010107259,0.020699622,0.00111267,0.020793253,0.969524155,0.999277693,0.010300272
3594,0.978698337,0.02019999,0.978985384,0.988994472,0.010305115,0.99958623,0.999791652,0.020794464,0.030592379,0.99989517,0.978985384
3595,0.978698236,0.020200898,0.020486532,0.000210265,0.020907567,0.010508923,0.010503474,0.020801829,0.030597323,0.011000988,0.020486532
3596,0.978697934,0.020201503,0.999376368,0.020504289,0.011109046,0.989903536,0.010614963,0.999477465,0.969618593,0.99907903,0.999376368
3597,0.978696925,0.020282825,0.000120771,0.020695082,0.001024185,0.000606177,0.97931188,0.999478675,0.02019777,0.020788713,0.000120771
3598,0.978696824,0.998965725,0.000420329,0.988998205,0.010521837,0.999993341,0.00072937,0.999479483,0.020205943,0.021310743,0.000420329
3599,0.978696622,0.020406926,0.999081149,0.03059137,0.010510537,0.010105645,0.030278394,0.999481904,0.998869774,0.010495302,0.999081149
3600,0.978695613,0.999078828,0.999483115,0.010606589,0.000812709,0.000119762,0.969622729,0.999483115,0.020290896,0.010523048,0.999483115
3601,0.978695411,0.999085488,0.010712125,0.000614249,0.001032358,0.020389975,0.021101588,0.999486949,0.998968248,0.989399364,0.010712125
3602,0.978694402,0.02048633,0.000918447,0.999270933,0.010498833,0.999774096,0.011104607,0.999488563,0.020391691,0.011207419,0.000918447
3603,0.978694201,0.020487743,0.021002206,0.989491784,0.020588133,0.000918649,0.000430923,0.020895964,0.020395726,0.00103599,0.021002206
3604,0.978693999,0.020488247,0.999771977,0.020182132,0.010207852,0.020299674,0.979105247,0.020901412,0.020404403,0.999892849,0.999771977
3605,0.978693393,0.020584198,0.999779645,0.011210244,0.999671889,0.000619395,0.979694272,0.999567564,0.030268607,0.999990112,0.999779645
3606,0.978691779,0.020606093,0.989299276,0.000205019,0.010092327,0.000202194,0.968900018,0.999584413,0.999073178,0.010721105,0.989299276
3607,0.978691174,0.020610734,0.010915832,0.021318815,0.010309756,0.979392798,0.020695082,0.999586633,0.020488247,0.000418815,0.010915832
3608,0.978690972,0.999287378,0.999484527,0.021087765,0.000827137,0.969013122,0.030375354,0.021006343,0.02058894,0.979614363,0.999484527
3609,0.978690467,0.020703557,0.999773289,0.98969882,0.010098179,0.999386256,0.010399451,0.021008664,0.02059227,0.001036394,0.999773289
3610,0.978689862,0.99938454,0.969617685,0.000204212,0.999794981,0.020793455,0.000518399,0.021010682,0.020601048,0.999370011,0.969617685
3611,0.978689458,0.020787199,8.98E-06,0.000810893,0.030270019,0.000113709,0.999073178,0.021012397,0.999267099,0.020798499,8.98E-06
3612,0.97868855,0.020808892,1.84E-05,0.010510739,0.010503878,0.020690239,0.99987943,0.99967088,0.999269016,0.999467073,1.84E-05
3613,0.978687743,0.999474741,0.979206646,0.010904128,0.000825422,0.020797389,0.0004284,0.999671284,0.999270933,0.999485335,0.979206646
3614,0.978687138,0.999477364,0.999471209,0.0111038,0.000711209,0.010511546,0.979089205,0.999674614,0.020686506,0.021195521,0.999471209
3615,0.978686936,0.020893341,0.998868261,0.000317416,0.000425373,0.010514169,0.00061435,0.999675522,0.020686708,0.010410752,0.998868261
3616,0.978685826,0.020897679,0.99906662,0.010808379,0.000920768,1.18E-05,0.979791938,0.999777325,0.020705575,0.989699426,0.99906662
3617,0.978685322,0.02090565,0.020585005,0.000316104,0.020394617,0.020900605,0.030374244,0.999777728,0.999373543,0.011104607,0.020585005
3618,0.978684111,0.9995716,0.02060811,0.000615056,0.000626962,0.999788726,0.020803241,0.999791046,0.99938454,0.011199448,0.02060811
3619,0.978683909,0.020991713,0.020892634,0.011004922,0.011016929,0.999996065,0.010292301,0.999792661,0.020797894,0.001037201,0.020892634
3620,0.978683506,0.02100261,1.25E-05,1.72E-06,0.021201979,0.020397139,0.030290905,0.999884475,0.0207986,0.020201503,1.25E-05
3621,0.978683102,0.021007957,0.999487756,0.010521635,0.020898789,0.999680365,0.020299473,0.999891336,0.020801829,0.999375359,0.999487756
3622,0.978683001,0.999669972,0.999971951,0.030488154,0.000809279,0.999792661,0.020796683,0.999892244,0.020891827,0.020905246,0.999971951
3623,0.978682396,0.999675421,0.000417302,0.998974099,0.000313077,0.010414182,0.011004115,0.999971749,0.020895359,0.021002105,0.000417302
3624,0.969726954,0.999676026,0.000730884,9.18E-06,0.000211375,0.010609717,0.979492078,0.999978207,0.999567463,0.999687932,0.000730884
3625,0.969725743,0.999676631,0.999168322,0.02069145,0.011107129,0.010618192,0.999083066,0.999986076,0.999576947,0.010493082,0.999168322
3626,0.969725239,0.999681878,0.999273859,0.021117428,0.020180416,0.989881743,0.020986467,0.999993543,0.999577149,0.030283741,0.999273859
3627,0.969725037,0.021097149,0.999481299,0.020297757,0.001028019,0.000526773,0.999676732,0.99999657,0.999578461,0.030487852,0.999481299
3628,0.969724431,0.021097552,0.010113212,0.020588133,0.01040036,0.999085689,0.979298057,0.999998991,0.020992722,0.010301381,0.010113212
3629,0.969724331,0.999774197,0.9893922,0.030594699,0.010292301,0.010501961,0.979794259,0.010089502,0.021008664,0.010496512,0.9893922
3630,0.969723624,0.999795183,0.001132042,0.010401469,0.999891235,0.00042053,0.968803966,0.010089704,0.021010076,0.98968752,0.001132042
3631,0.969722817,0.021191082,0.030389378,0.021305699,0.020889608,0.020483909,0.969725037,0.010107259,0.999675017,0.979191108,0.030389378
3632,0.969722514,0.021199759,0.000508107,0.02019656,0.000111993,0.999269217,0.0302791,0.010192415,0.999676026,0.001021158,0.000508107
3633,0.969722313,0.021204198,0.000723619,0.989579159,0.001020049,0.999374955,0.010504584,0.010192516,0.999677237,0.999467274,0.000723619
3634,0.969721909,0.999878623,0.001124677,0.020791538,0.000225601,0.020986971,1.35E-05,0.010203211,0.999678851,0.011212564,0.001124677
3635,0.969721506,0.999879128,0.010911393,0.030482403,0.999488059,0.999871157,0.00090856,0.010302491,0.021087463,0.0001015,0.010911393
3636,0.969721304,0.999880036,0.000319333,0.030584812,0.01070032,0.988882882,0.001031551,0.010312177,0.021091196,0.000918447,0.000319333
3637,0.9697209,0.021303882,0.999483014,0.020901009,0.010109479,0.968704887,0.979800313,0.988976715,0.999769051,0.999381312,0.999483014
3638,0.969718479,0.021306808,0.999793266,1.27E-05,0.010105645,0.999381413,0.968804874,0.988979338,0.999770565,0.020789621,0.999793266
3639,0.969718277,0.021316696,0.010293411,0.021194916,0.000405094,0.989191621,0.020892533,0.988983777,0.999780553,0.999474539,0.010293411
3640,0.969717772,0.0213171,0.999973263,0.010208558,0.010607093,0.000314389,0.999894262,0.010409945,0.021191889,0.010204926,0.999973263
3641,0.969716864,0.999971749,0.978998702,0.999778132,0.021109155,0.001026506,0.000111085,0.010414888,0.021197741,0.010311269,0.978998702
3642,0.969716663,0.999978408,0.999997377,0.010105746,0.001009152,0.020297354,0.97979779,0.010505391,0.021204904,0.030386553,0.999997377
3643,0.96971636,0.999982646,0.010311673,0.000713025,0.010912704,0.010294319,0.969404493,0.010510234,0.021214691,0.999067326,0.010311673
3644,0.969715149,0.999986278,0.000927931,0.010410247,0.020188488,0.010306628,0.969725743,0.010514976,0.021215902,0.999471411,0.000927931
3645,0.969714846,0.030577144,0.020689129,0.001117816,0.010292099,2.12E-05,0.989286462,0.010518003,0.999878724,0.999568472,0.020689129
3646,0.969714746,0.988886817,0.021000996,5.55E-06,0.010512252,0.020483001,0.000311967,0.010518306,0.999893152,0.02111531,0.021000996
3647,0.969714645,0.01030905,0.989904848,0.010515985,0.010904128,0.030375354,0.979099193,0.01059539,0.021293087,0.021309331,0.989904848
3648,0.96971414,0.010398039,1.34E-05,0.020408641,0.010093437,0.010525268,0.020794867,0.010606589,0.021318714,0.000428299,1.34E-05
3649,0.969713737,0.010410752,0.969415491,0.020196257,0.010703145,0.989282729,0.021319622,0.010616073,0.021319824,0.000510428,0.969415491
3650,0.969713535,0.989076096,0.998978438,0.010306124,0.000931866,0.989689639,0.010194937,0.989275969,0.99997407,0.00060759,0.998978438
3651,0.969712829,0.01050075,0.020703961,0.999178109,0.01010171,0.000622724,0.989593082,0.989287875,0.999993845,0.020895359,0.020703961
3652,0.969712526,0.010502163,0.02089445,0.021089581,0.000823909,0.968808002,0.99928415,0.01070587,0.999998083,0.02100937,0.02089445
3653,0.969712324,0.010517801,0.999675522,0.020204833,0.000528488,0.020291704,0.021008058,0.010710914,0.030571494,0.021091095,0.999675522
3654,0.969712223,0.010521534,0.010808076,0.999875596,0.000303997,0.999682181,0.030574621,0.01071273,0.01019978,0.021109962,0.010808076
3655,0.969711517,0.010521635,0.999274262,0.020288071,0.010404799,0.010614257,0.010315507,0.010713437,0.010291595,0.999794981,0.999274262
3656,0.96971071,0.989195556,0.020707694,0.020382408,0.010514875,0.02019777,0.989585919,0.010716161,0.010298355,0.010405505,0.020707694
3657,0.969710407,0.010606791,0.020803847,0.010612744,0.010418319,0.988879452,0.000123294,0.01071828,0.010396929,0.010494898,0.020803847
3658,0.969710306,0.010608607,0.999972758,0.000828247,0.020702447,0.00043173,0.020297051,0.989390082,0.01039703,0.000317214,0.999972758
3659,0.969710003,0.010697294,0.999974474,0.01030905,0.999387265,0.000629787,0.999169735,0.010801215,0.010608809,0.001131739,0.999974474
3660,0.969708187,0.01071828,0.988787738,0.010395315,0.010314901,0.97970083,0.999973666,0.010809287,0.989286866,0.020298363,0.988787738
3661,0.969707178,0.010721105,0.000117341,0.020589748,0.001018333,0.96950781,0.011207822,0.989491784,0.010698605,0.999077416,0.000117341
3662,0.969707078,0.010807067,0.020185159,0.989786094,0.011220434,0.969712223,0.96890133,0.989495012,0.01071939,0.99937324,0.020185159
3663,0.969703647,0.98949582,1.11E-06,0.9895838,0.020702245,0.020897679,0.020684286,0.98949582,0.989382716,0.999995258,1.11E-06
3664,0.969702739,0.010901606,0.000611121,0.021204299,0.010600333,0.020998171,0.010410752,0.01089757,0.989390586,0.989074381,0.000611121
3665,0.96962505,0.010903321,0.001010161,0.999075701,0.010505997,0.979509533,0.989803448,0.010904128,0.010803738,0.98907539,0.001010161
3666,0.969624545,0.010909678,0.999473933,0.030586628,0.999085387,0.020186571,0.001127905,0.010906045,0.01080404,0.000111993,0.999473933
3667,0.969624243,0.989591569,0.999985875,0.999383128,0.010503474,0.010516086,0.020787199,0.01090887,0.010804848,0.000220557,0.999985875
3668,0.969623436,0.989597623,0.000107453,0.030272138,0.001130024,0.001033569,0.999788423,0.010914218,0.010815139,0.979706278,0.000107453
3669,0.969622729,0.011008656,0.030391598,0.000722509,0.030487448,0.020507518,0.010397534,0.989590257,0.98947897,0.001125787,0.030391598
3670,0.969622628,0.011008857,0.99936981,0.000610112,0.999480391,0.020885471,0.01110612,0.989595201,0.989488555,0.020185159,0.99936981
3671,0.969622528,0.011018543,0.00031116,0.999168928,0.0206859,0.96891485,0.999074793,0.989597824,0.010896965,0.020600241,0.00031116
3672,0.96962172,0.989682677,0.020812826,0.999276078,0.000707779,0.999977904,0.999083571,0.989685502,0.98958047,0.020607303,0.020812826
3673,0.969621619,0.989693473,0.999567564,0.000117038,0.010618394,0.989491481,0.999773491,0.989699224,0.9895838,0.02080314,0.999567564
3674,0.969621519,0.011099663,0.999875092,0.000115424,0.000528185,0.020285045,0.999977702,0.989805063,0.989585313,0.020998776,0.999875092
3675,0.969621418,0.011126501,0.968708721,0.000816947,0.020586115,0.9990643,0.010505391,0.989883155,0.011007445,0.98898075,0.968708721
3676,0.969621317,0.989789323,0.020606294,0.999577855,0.010203412,0.021010682,0.998868664,0.9898882,0.011111972,0.989599439,0.020606294
3677,0.969620207,0.011203787,0.989599439,0.011024193,0.020585207,0.978890643,0.020491879,0.989895061,0.01120863,0.01101027,0.989599439
3678,0.969618593,0.011213069,0.968901834,0.001021158,0.01011301,0.00092773,0.99957957,0,0.011208831,0.979299066,0.968901834
3679,0.969618492,0.011217004,0.98969993,0.010300171,0.010800106,0.979698812,0.999890226,1.72E-06,0.011209739,0.979611639,0.98969993
3680,0.969617685,0.989889714,0.020808286,0.999182448,0.000125917,0.969115833,0.030269313,1.18E-05,0.989887191,0.030384939,0.020808286
3681,0.969617584,0.989892741,0.999882256,0.999384843,0.001013289,0.999274161,0.010610726,1.28E-05,0.989889915,0.020192019,0.999882256
3682,0.96961718,0.989902729,0.988879654,0.030480789,0.02100039,0.999583505,0.010900395,1.66E-05,2.05E-05,0.021188559,0.988879654
3683,0.969617079,1.84E-05,0.979508222,0.021109155,0.000910578,0.010606589,0.979592671,2.12E-05,0.000106545,0.021200263,0.979508222
3684,0.969614859,0.000119863,0.010517499,0.02070618,0.999984059,0.020206145,0.020498236,0.000101904,0.00021188,0.999977803,0.010517499
3685,0.969614557,0.000307528,0.000929647,0.999083268,0.001018031,0.020708299,0.020905044,0.000111993,0.000212384,0.010601241,0.000929647
3686,0.969613649,0.000323369,0.021010682,0.999266191,0.000920163,0.999067427,0.999979518,0.000120368,0.000216924,0.000827743,0.021010682
3687,0.969611429,0.979106155,0.999788423,0.000524755,0.001019141,0.999584413,0.989489362,0.000216016,0.000302887,0.001033569,0.999788423
3688,0.969611126,0.000508814,0.989786094,0.020997666,0.020297757,0.01081978,0.000223987,0.000223785,0.000308941,0.021091902,0.989786094
3689,0.969610117,0.000528085,0.001125484,0.999984563,0.020690945,1.44E-05,0.030292317,0.000224895,0.00043173,0.99977571,0.001125484
3690,0.969608604,0.000606682,0.969015745,0.999064703,0.030586123,0.000718171,0.030371923,0.000229032,0.000526773,0.999780957,0.969015745
3691,0.969608503,0.000607186,0.021006747,0.030497437,0.010593977,0.021002206,0.020197367,0.000305813,0.979193328,0.999985976,0.021006747
3692,0.969608301,0.00060759,0.99978691,0.020384628,0.999982343,0.01061012,0.020287365,0.000310353,0.000622926,0.030573411,0.99978691
3693,0.969607595,0.979303405,0.000726343,0.010314901,0.000408726,0.010795969,0.020407632,0.000315801,0.000712016,0.989481089,0.000726343
3694,0.969607393,0.000713025,0.99938565,0.020892029,0.020405412,5.65E-06,0.020791033,0.000414981,0.00082633,0.999683391,0.99938565
3695,0.969606082,0.000714539,0.020891726,0.010700825,1.51E-06,1.12E-05,0.021006242,0.000415082,0.000916631,0.999890226,0.020891726
3696,0.969605779,0.000810288,0.999570187,0.999688436,0.999686519,0.010101508,0.02131034,0.000426685,0.0009244,0.010499237,0.999570187
3697,0.969605274,0.979492078,0.010403386,0.020905953,0.001125484,0.000525562,0.988773108,0.000505282,0.001018838,0.01052446,0.010403386
3698,0.969604972,0.979495711,0.968995969,0.989883458,0.011117219,0.020685396,0.988996995,0.000505484,0.979699518,0.011020864,0.968995969
3699,0.969603458,0.00092218,0.969314798,0.999582496,0.000807967,0.000417907,0.010714748,0.000507805,0.001115596,0.001129217,0.969314798
3700,0.969602651,0.979699518,0.999573315,0.000720693,0.020387554,0.000525663,0.020408641,0.000522132,0.020988787,0.030270625,0.999573315
3701,0.969602449,0.979701637,0.989477961,0.010719289,0.010816148,0.97930734,0.000205422,0.000523645,0.969309248,0.999178715,0.989477961
3702,0.969601844,0.979705976,0.979399658,0.998976925,0.020188589,0.999266594,0.96971636,0.000616267,0.969311165,0.999587138,0.979399658
3703,0.969525567,0.001123365,0.999475951,0.020694073,0.010607396,0.020895964,0.02050207,0.000619899,0.030375253,0.010518709,0.999475951
3704,0.969525467,0.979797689,0.99958633,0.021103505,0.000719684,0.999981334,0.99987267,0.000621312,0.030386553,0.010803233,0.99958633
3705,0.969525366,0.979808384,0.000115626,0.999269116,0.000321351,1.11E-06,0.010612138,0.000624944,0.030388672,6.56E-06,0.000115626
3706,0.969525265,0.979815245,0.020299674,0.999891235,0.999993946,0.968897395,0.000113002,0.000626558,0.030391699,0.000224895,0.020299674
3707,0.969525164,0.968704887,1.32E-05,0.998862409,0.010090107,0.999168726,0.979311577,0.979303506,0.030488558,0.979698711,1.32E-05
3708,0.96952476,0.968801343,0.000116534,0.010515582,0.001124374,0.010709098,0.020897982,0.000807967,0.03049219,0.998974705,0.000116534
3709,0.969524659,0.968900725,0.969513662,0.999473025,0.000720491,0.99937657,0.020987173,0.000813012,0.030574722,0.020598021,0.969513662
3710,0.969524155,0.030273954,0.020188286,0.00081725,0.010511546,0.98887249,0.021194411,0.000815837,0.969515881,0.021195118,0.020188286
3711,0.969524054,0.030286162,0.999473227,0.010604268,0.010604369,0.000411652,0.021214389,0.000824413,0.030592076,0.021199254,0.999473227
3712,0.969523953,0.030382618,0.020994639,0.010718078,0.021292481,0.999895271,0.000414981,0.979502773,0.030596616,0.988786326,0.020994639
3713,0.969523751,0.030386856,0.000223684,0.010299666,0.010612744,0.010808883,0.979305927,0.000910275,0.969610117,0.969510837,0.000223684
3714,0.969523348,0.030475139,0.969714645,0.000415082,0.000223785,0.000313077,0.011119438,0.000919658,0.020188488,0.999279307,0.969714645
3715,0.969521229,0.03047756,0.020600342,0.021116823,0.000309445,0.000610112,0.011207217,0.000921373,0.020292612,0.02088991,0.020600342
3716,0.969519816,0.030490778,0.989686007,0.988999416,0.000404185,0.999483115,0.011210849,0.000927326,0.99896623,0.010796978,0.989686007
3717,0.969519615,0.030491787,0.010610726,0.030376766,0.000417504,0.989285252,0.97908981,0.979604677,0.998978438,0.000812104,0.010610726
3718,0.969519413,0.030589957,0.96971071,0.99927174,0.010501255,0.978683001,0.000723619,0.979609621,0.99897864,0.020500859,0.96971071
3719,0.969517597,0.030598433,0.999379294,0.01039925,0.999282334,0.988771898,0.020290997,0.001012885,0.998982474,0.020592472,0.999379294
3720,0.969517496,0.969723624,0.000111489,0.010912704,0.000506695,0.988995481,0.010596701,0.001019847,0.020401074,0.999272345,0.000111489
3721,0.969517092,0.020182838,0.000208449,0.000936104,0.00031681,0.020785181,0.000622926,0.001023782,0.999076811,0.020697806,0.000208449
3722,0.96951689,0.020185159,0.999986682,0.020285347,0.999891841,0.999476153,0.999879733,0.00102691,0.999080342,0.999690252,0.999986682
3723,0.969516487,0.998870581,0.999997881,0.030485228,0.999586633,0.010412063,0.010515985,0.001027212,0.020485725,0.02109846,0.999997881
3724,0.969515982,0.020294932,0.989893749,0.021313266,0.010395315,0.001028726,0.000109875,0.001034477,0.020495512,0.999784186,0.989893749
3725,0.969515881,0.020298363,0.969524155,0.020488651,0.001118018,0.99968995,0.979300479,0.001037403,0.999178008,0.030478065,0.969524155
3726,0.969515781,0.998976521,0.000303492,0.020497429,0.02028908,0.999880944,0.979591056,0.97969064,0.020685194,0.010516691,0.000303492
3727,0.969515377,0.020386444,0.001019645,0.03059591,0.001033569,0.999887906,0.020288879,0.001113982,0.020696091,0.99938222,0.001019645
3728,0.969515074,0.020404605,0.969302287,0.010601141,0.010493082,0.989496728,0.020590958,0.00111711,0.020697907,0.999771473,0.969302287
3729,0.969514671,0.03026901,0.020703557,0.000610314,0.020280706,0.01089757,0.010398947,0.001117513,0.020698008,0.021315889,0.020703557
3730,0.96951457,0.030271432,0.021003821,0.030598231,0.02028,0.010524359,0.010402781,0.020194138,0.999383128,0.010102719,0.021003821
3731,0.969514267,0.020587629,0.00072039,0.020197266,0.999873881,0.000820377,0.020291704,0.020205943,0.999389686,0.011000887,0.00072039
3732,0.969513662,0.02059005,0.969010902,0.020586115,0.001127805,0.999577553,0.999894968,0.99886372,0.020790428,0.00081836,0.969010902
3733,0.969512754,0.02060246,0.988872389,0.030472011,0.021090389,0.979405006,0.010807067,0.020280101,0.999473933,0.03049219,0.988872389
3734,0.96951235,0.999265989,0.989794267,0.999370819,0.000930252,0.020607808,0.000115626,0.020287769,0.999480391,0.03058683,0.989794267
3735,0.969511543,0.999267502,2.10E-05,0.021290363,0.001114688,0.988876929,0.030589957,0.020291704,0.999483821,0.020404605,2.10E-05
3736,0.969510938,0.020695284,0.999986783,0.001127805,0.010406918,0.010493587,0.998875929,0.020299473,0.999487252,0.999467678,0.999986783
3737,0.969510837,0.999385953,0.010302895,0.999182549,0.01111066,0.989391696,0.010311673,0.998971577,0.020894753,0.999582597,0.010302895
3738,0.969510736,0.020791941,0.020812322,0.999480492,0.010613248,4.84E-06,0.010503878,0.998975007,0.020905751,0.999792459,0.020812322
3739,0.969510433,0.020796683,0.000305308,0.010694973,0.000226408,0.999687024,0.000418916,0.998980052,0.020906659,0.999895069,0.000305308
3740,0.969508415,0.99948029,0.999685914,0.020394919,0.001017829,0.010211181,0.979088196,0.020380996,0.999566959,0.988892467,0.999685914
3741,0.96950781,0.999486545,0.998973494,0.010808581,0.020687515,2.42E-06,0.998869169,0.020389067,0.021002307,0.989084975,0.998973494
3742,0.969507608,0.020886076,0.020704768,0.030487448,0.021310945,0.000418311,0.020403092,0.020407632,0.999669771,0.010506703,0.020704768
3743,0.96950448,0.020902724,0.020801223,0.999281728,0.000524755,0.999273455,0.99967532,0.999066721,0.999680062,1.63E-05,0.020801223
3744,0.969504279,0.999568169,0.020889406,9.79E-06,0.001125585,0.021012397,0.021199053,0.999079131,0.999685813,0.000608901,0.020889406
3745,0.969502765,0.999581588,0.999775811,0.001032963,0.000206229,0.01030007,0.021309331,0.999078627,0.021093718,0.000621312,0.999775811
3746,0.969423462,0.0209902,0.010716968,0.999873478,0.000207137,0.010818771,0.030285053,0.999083268,0.021094525,0.001009455,0.010716968
3747,0.969423361,0.020991209,0.000113002,0.000809178,0.999880843,0.989801935,0.96940641,0.999086295,0.021118337,0.998873507,0.000113002
3748,0.96942326,0.021011993,0.999387164,0.010196753,0.000921373,0.999976996,0.030474433,0.030273349,0.999776316,0.02028222,0.999387164
3749,0.969423159,0.999677338,0.020886581,0.999075297,0.021211059,0.020685093,0.03059702,0.020487743,0.021196631,0.020703557,0.020886581
3750,0.969422755,0.999680365,0.010503272,0.000208449,0.010704457,0.999484426,0.021206115,0.03028021,0.021202079,0.999569279,0.010503272
3751,0.969422453,0.999680768,1.82E-06,0.98958158,0.000524856,0.020392094,0.978690467,0.999169735,0.021203189,0.999775206,1.82E-06
3752,0.969422251,0.021089884,0.000808472,0.000507704,0.999273152,0.021008765,0.020786997,0.99917599,0.021208638,0.010506602,0.000808472
3753,0.969421343,0.021093819,0.000919658,0.010090814,0.000310353,0.989693473,0.010618595,0.999182044,0.021217113,0.010599425,0.000919658
3754,0.969421141,0.999776921,0.989900409,0.030583197,0.010410752,0.999389585,0.000511538,0.02058773,0.999880036,0.010814029,0.989900409
3755,0.969420637,0.999793468,0.969308038,0.020698311,0.999770767,0.020998372,0.000832485,0.020596205,0.999884576,0.989901619,0.969308038
3756,0.969420334,0.021198245,0.998864729,0.000622522,0.010407523,0.010406514,0.020701842,0.020600342,0.0213059,0.000207642,0.998864729
3757,0.969418619,0.999893455,0.020786997,0.02100039,0.011202778,0.010407725,0.01039703,0.020601451,0.021311752,0.00042053,0.020786997
3758,0.969417509,0.021294903,0.999780957,0.021308826,0.01069578,0.010609515,0.010413577,0.020604276,0.999971548,0.001021461,0.999780957
3759,0.969417004,0.021309734,0.010412063,0.989801027,0.000730884,0.979792645,0.010595995,0.020609624,0.999973465,0.999169634,0.010412063
3760,0.969416903,0.999975987,0.989297359,0.000103821,0.000521325,0.9693038,0.000715144,0.020610431,0.999996065,0.010997658,0.989297359
3761,0.969416803,0.999981334,0.978695411,0.010506501,0.020792748,0.999778233,0.030380298,0.999267906,0.030470901,0.989900711,0.978695411
3762,0.969415491,0.999985068,0.00020522,0.999585624,0.000508814,0.010401167,0.020290594,0.999271841,0.010311774,1.21E-05,0.00020522
3763,0.969415087,0.999987388,0.978999509,0.999984059,0.010196753,0.010703448,0.020389975,0.999272143,0.03027688,0.000426685,0.978999509
3764,0.969414179,0.030582592,0.979194842,0.999674714,0.020595398,0.989481593,0.0105966,0.999278601,0.988980549,0.030268708,0.979194842
3765,0.969413877,0.01010171,0.001036999,0.021191385,0.01041398,0.001122962,0.999670578,0.99927961,0.989088809,0.030280613,0.001036999
3766,0.969413675,0.010199578,0.979796075,0.021215297,0.020197871,0.999389989,0.010801316,0.999282132,0.010502364,0.020196661,0.979796075
3767,0.969413372,0.988876929,0.969105239,0.000424465,0.020891121,0.010110791,0.979197162,0.999287378,0.989180523,0.020484514,0.969105239
3768,0.969412969,0.988891559,0.969602651,0.000825321,0.001129419,0.010595188,0.979609621,0.020689634,0.989188796,0.020891424,0.969602651
3769,0.969412868,0.010396525,0.001028019,0.000708485,0.011103295,0.989276474,0.030271432,0.020692358,0.010605277,0.999582496,0.001028019
3770,0.969411556,0.010409036,0.979812924,0.988990436,0.020608211,0.010906247,0.999793771,0.020696091,0.01061456,0.021105826,0.979812924
3771,0.969410951,0.989076903,0.010497723,0.020902724,0.001038311,0.989897583,0.010717674,0.020699017,0.010622329,0.989692867,0.010497723
3772,0.969410547,0.989079728,0.000622724,0.001115193,0.021303075,0.000414174,0.989377571,0.999380706,0.989283133,0.98969882,0.000622724
3773,0.96940974,0.010594986,0.99906773,0.021010782,0.010310563,0.96940974,0.000404993,0.999384742,0.010712831,0.011104506,0.99906773
3774,0.969409336,0.010595188,0.999669871,0.030380701,0.010412467,0.020900908,0.979392293,0.999387164,0.010719995,0.989781958,0.999669871
3775,0.969408832,0.010601544,0.010291595,0.989291507,0.010297951,0.010603158,0.030597928,0.020786997,0.989381606,0.001125484,0.010291595
3776,0.969408025,0.010613551,0.03037041,0.000317315,0.00040358,0.000917136,0.020903127,0.020788208,0.989386348,0.030591269,0.03037041
3777,0.969407924,0.01061456,0.999876,0.020895056,0.020202008,0.020792748,0.979191108,0.020797591,0.010800711,0.998876837,0.999876
3778,0.969406915,0.010710006,0.969101506,0.030277687,0.000808068,0.999478877,0.00081725,0.999468889,0.0108108,0.020383619,0.969101506
3779,0.969406814,0.989390586,0.969205226,0.999688234,0.000829357,0.020995648,0.001037907,0.999473429,0.010907861,0.02059449,0.969205226
3780,0.96940641,0.989397144,0.969523751,0.0009356,0.000103922,0.000414981,0.010496613,0.999473732,0.989584809,0.020790428,0.969523751
3781,0.969406309,0.010808581,0.998969458,0.020203421,0.000622522,0.99946788,0.989190511,0.99947696,0.989684291,0.999784085,0.998969458
3782,0.9694052,0.010815643,0.010316617,0.02040743,0.999873579,0.999669468,1.06E-05,0.020891827,0.989700737,0.010510739,0.010316617
3783,0.969404493,0.011106625,0.000230041,0.020889507,0.010813222,0.010712932,0.000406002,0.020895359,0.989701948,0.989381606,0.000230041
3784,0.969403384,0.989789424,0.000308234,0.989299276,0.020590151,0.999368902,0.979710819,0.020900807,0.989704773,0.989683484,0.000308234
3785,0.96940187,0.989790837,0.999472319,0.98898973,0.000518399,0.999578259,0.999388677,0.020902018,0.011116815,0.000627668,0.999472319
3786,0.969400962,0.011202979,0.999686721,0.010407523,0.010306124,0.030375757,0.021195521,0.020904036,0.989792047,0.000930353,0.999686721
3787,0.969318026,0.01120873,0.989597723,0.010493082,0.011005427,0.01050973,0.010508923,0.999566959,0.011222553,0.020505097,0.989597723
3788,0.969317825,0.01121206,0.020382106,0.000520517,0.020483707,0.989687318,0.01072171,0.999577956,0.011224773,0.999568169,0.020382106
3789,0.969317118,0.011214784,0.010097069,0.03029151,0.030474937,0.978793582,0.010899487,0.999578158,4.04E-07,1.50E-05,0.010097069
3790,0.969316816,0.011214885,0.979504892,0.989887696,0.010809489,0.00032236,0.030597625,0.999583909,0.000106242,0.000320947,0.979504892
3791,0.96931621,0.989881743,0.010598013,0.020183141,0.000526067,0.96951689,0.969724331,0.99958744,0.000109875,0.000920768,0.010598013
3792,0.969315908,0.989884669,0.020385839,0.000621211,0.010707787,0.999773692,0.020182636,0.020992924,0.000112801,0.001118926,0.020385839
3793,0.969315807,0.989899904,0.999985572,0.010405808,0.020380794,0.000711411,0.020285852,0.999677338,0.000119561,0.02049309,0.999985572
3794,0.969315201,0.98990616,0.978995574,0.999074894,0.010616073,0.030277385,0.999880036,0.99968662,0.000121175,0.999472824,0.978995574
3795,0.969314798,2.42E-06,0.020613357,0.001125585,0.000926014,0.020703759,0.010522442,0.999686721,0.00020744,0.020903632,0.020613357
3796,0.96931389,1.79E-05,0.999585019,0.030370511,0.999385549,0.999883063,0.010909778,0.999688033,0.000312875,0.999881347,0.999585019
3797,0.969313688,1.94E-05,0.988984887,0.020996354,0.001121953,0.989298872,0.000627163,0.999771473,0.000313279,0.999886594,0.988984887
3798,0.969312074,0.978691174,0.98978781,0.000418109,0.010911796,0.000523645,0.000720895,0.99978358,0.978988612,0.030474231,0.98978781
3799,0.969311973,0.978693393,0.000109471,0.000917035,0.000321048,0.99937778,0.979498435,0.999784791,0.97900415,0.989073877,0.000109471
3800,0.969311165,0.000113507,0.000629585,0.999277693,0.010521534,0.999478373,0.979804853,0.999795486,0.00040358,0.010502163,0.000629585
3801,0.969311065,0.000115827,0.999279105,0.999086396,0.999881549,0.999972859,0.030384232,0.999875596,0.000505181,0.010711217,0.999279105
3802,0.969310964,0.000216924,0.999770565,0.999183255,0.999277289,0.010413577,0.999677237,0.999876303,0.000510831,0.989595605,0.999770565
3803,0.969310157,0.978904466,0.989190108,0.010404799,0.01031248,0.010517196,0.999795183,0.999878724,0.000614249,0.989799514,0.989190108
3804,0.969310056,0.979003343,0.989487143,0.021205207,0.010112506,0.000610314,0.010901505,0.999978106,0.00062,0.011214078,0.989487143
3805,0.969309551,0.000422246,0.968810726,0.999070252,0.000410239,0.020796078,0.979304212,0.999978408,0.97931188,0.000313077,0.968810726
3806,0.969309349,0.979107971,0.020290291,0.030270524,0.030273551,0.99988054,0.999790542,0.999981839,0.000709998,0.979392798,0.020290291
3807,0.969309248,0.000528488,0.999772482,0.00042053,0.000408423,0.000114919,0.010493687,0.999986379,0.000711209,0.030485027,0.999772482
3808,0.969308946,0.00060537,0.999790441,0.020602763,0.001034174,0.97889821,0.010092327,0.999988195,0.979388056,0.999284957,0.999790441
3809,0.96930834,0.00071353,0.000305409,0.010313892,0.000213595,0.999477263,0.010409036,0.999988801,0.000826532,0.020892735,0.000305409
3810,0.969308038,0.000719583,0.979798497,0.021200062,0.010698504,0.010595995,0.011125189,0.999988902,0.979590552,0.01030118,0.979798497
3811,0.969307533,0.000814324,0.020293621,0.021210151,0.021312459,0.010904835,0.978793279,0.999991121,0.979607603,0.030278595,0.020293621
3812,0.969306928,0.000816947,0.998966129,0.998866344,0.021004628,0.000220254,0.000404085,0.999991222,0.001112267,0.000810288,0.998966129
3813,0.969306323,0.000830669,0.999287076,0.000121175,0.010099692,0.020894652,0.979491675,0.999992029,0.001119531,0.030271028,0.999287076
3814,0.969305515,0.979495105,0.999477061,0.999071867,0.010515279,0.010090814,0.001110854,0.999993644,0.968903751,0.020394213,0.999477061
3815,0.969304506,0.000909468,1.78E-05,0.999885787,0.011008656,1.21E-06,0.030285759,0.999997881,0.968904559,0.020709106,1.78E-05
3816,0.969304406,0.000918447,0.000812709,0.999385852,0.000312976,0.010417411,0.020383922,0.010105443,0.030281017,0.999576947,0.000812709
3817,0.969304305,0.000931866,0.000915219,0.010307233,0.001033468,0.00062565,0.00050508,0.988791976,0.030280916,0.999678044,0.000915219
3818,0.9693038,0.001018233,0.969707178,0.999974877,0.000714639,0.000408827,0.000610617,0.010192112,0.030290905,0.030471204,0.969707178
3819,0.969303699,0.001024286,0.989906361,0.020389874,0.020585914,0.979298057,0.968802049,0.010194937,0.030383022,0.030272239,0.989906361
3820,0.969303094,0.001025699,0.968697926,0.9893922,0.030488154,0.001114789,0.020289686,0.030272037,0.030384636,0.010208962,0.968697926
3821,0.969302287,0.001026708,0.020789318,0.010808076,5.25E-06,0.969410951,0.020609624,0.010204119,0.030473827,0.010295933,0.020789318
3822,0.969301782,0.001032055,0.999988296,0.020894753,0.000410138,0.000826128,0.999984059,0.010205128,0.030477762,0.01030683,0.999988296
3823,0.969300773,0.979709003,0.999676934,0.020609624,0.000710301,0.020591765,0.010597004,0.988888431,0.96942326,0.010523149,0.999676934
3824,0.969300269,0.001114789,0.020297152,0.020387655,0.000712016,0.020797995,0.989585313,0.010294117,0.030490576,0.989681567,0.020297152
3825,0.969300067,0.001118926,0.989579159,0.99896623,0.020803241,0.010091217,9.79E-06,0.010301281,0.030494107,0.0004284,0.989579159
3826,0.969299563,0.96870176,0.001126796,0.99977339,0.030379087,0.010301583,0.03048997,0.010308242,0.969510736,0.000810086,0.001126796
3827,0.969298856,0.968914547,0.999367994,0.000414578,0.030372932,0.969703647,0.020184049,0.010310058,0.030594296,0.020590252,0.999367994
3828,0.969221974,0.969114824,0.010611533,0.000832485,0.011124584,0.999777728,0.020203421,0.988978733,0.030597424,0.020888296,0.010611533
3829,0.969221571,0.030271634,0.020182636,0.999481904,0.001131235,0.999879027,0.021006545,0.010409036,0.969716663,0.999566959,0.020182636
3830,0.96922147,0.030283539,0.020796683,0.000314187,0.010300171,0.010204926,0.999777022,0.010409541,0.02028232,0.021007756,0.020796683
3831,0.969221369,0.030388975,0.979093644,0.030385746,0.010416099,0.989784581,0.999887805,0.010413577,0.020296446,0.021315082,0.979093644
3832,0.969221167,0.03048765,0.998875121,0.989386248,0.010503676,0.989801632,0.030574117,0.010500952,0.020383821,0.01121206,0.998875121
3833,0.969221066,0.030573915,0.999278702,0.010501255,0.02131488,0.001120237,0.010103829,0.010502062,0.020485927,0.00020855,0.999278702
3834,0.969220562,0.030596919,0.999369204,0.010310563,0.000913907,0.01039703,1.49E-05,0.010513866,0.020498942,0.999585826,0.999369204
3835,0.96922036,0.969721909,0.020802031,0.030475845,0.010192516,1.66E-05,0.978893367,0.010520223,0.020602864,0.021109357,0.020802031
3836,0.969219452,0.020204934,0.989082453,0.99907671,0.999372837,0.000808068,0.021302369,0.010595894,0.99927406,0.010106452,0.989082453
3837,0.969218645,0.020284338,0.000411652,0.000406405,0.010107159,0.020791033,0.011006335,0.010598013,0.020689129,0.989079628,0.000411652
3838,0.969218342,0.020287769,0.000507704,0.999887805,0.011214885,0.99958744,0.989801935,0.010600031,0.020697302,0.010699211,0.000507704
3839,0.969217838,0.020288879,0.979306129,0.998971678,0.020899899,0.000105435,0.999466164,0.010606387,0.020702044,0.011210042,0.979306129
3840,0.969217737,0.998972182,0.999995056,0.999987085,0.999882558,0.030391396,0.999486444,0.98928283,0.999368296,0.999871863,0.999995056
3841,0.969217333,0.998978438,0.010406312,0.999082057,0.000316003,0.999978812,0.021003114,0.989286967,0.999377074,0.010096766,0.010406312
3842,0.969216122,0.020382005,0.978989722,0.000921878,0.000719079,0.988978733,0.010311269,0.989298872,0.999388475,0.010306628,0.978989722
3843,0.969215214,0.020388361,0.020499951,0.999891538,0.000609709,0.000112498,1.33E-05,0.010705668,0.020791134,0.011211051,0.020499951
3844,0.969214004,0.999067831,0.999381917,0.98948916,0.000932169,0.000619596,0.020390682,0.98938201,0.999467173,0.011218114,0.999381917
3845,0.969213903,0.999068335,0.010207852,0.010093336,0.011025101,0.020487238,0.999377074,0.010804242,0.999483115,0.020295033,0.010207852
3846,0.969213701,0.020486532,0.989185164,0.011203585,0.000616267,0.010409945,0.999572508,0.010809085,0.020889305,0.020501363,0.989185164
3847,0.969213096,0.99918164,0.010717674,0.010813222,0.001016416,0.000824413,0.021000088,0.010903321,0.020891726,0.999375662,0.010717674
3848,0.96921249,0.020592875,0.989377571,0.030284851,0.000610112,0.020408136,0.021323355,0.01090766,0.020896771,0.999381816,0.989377571
3849,0.969212087,0.020604781,0.000414679,0.989187686,0.010598316,0.020507215,0.989091937,0.010907761,0.020896973,0.021007352,0.000414679
3850,0.969211885,0.020611036,0.979592973,0.020685194,0.010517499,0.999374047,0.020790428,0.010909375,0.020905852,0.010396626,0.979592973
3851,0.969211481,0.020611743,0.999980527,0.030374647,0.021190476,0.999471512,0.021200869,0.989588542,0.999568674,0.010515884,0.999980527
3852,0.969210472,0.999268814,0.97961063,0.02079406,0.999789533,0.010801215,0.021201979,0.989597723,0.999568876,0.010818771,0.97961063
3853,0.969208858,0.999269722,0.999978711,0.010415696,0.010091217,0.010617486,0.988994674,0.989687318,0.03037717,0.010903018,0.999978711
3854,0.969208757,0.999273455,0.989886586,0.010503474,0.001031551,0.979606291,0.989487546,0.989692767,0.02101048,0.0111264,0.989886586
3855,0.969208555,0.999279105,0.020907062,0.011124584,0.000306418,0.020597214,0.989886081,0.989785994,0.999675118,0.979494601,0.020907062
3856,0.969208454,0.999285461,0.999992029,0.011225277,0.020602864,0.999368599,0.978695411,0.989786094,0.999689344,0.02059005,0.999992029
3857,0.969208353,0.02069932,0.989692767,0.020885874,0.000919355,0.020797188,0.020690643,0.989794166,0.02109281,0.999387466,0.989692767
3858,0.96920795,0.999387567,0.969108871,0.989484923,0.010701128,0.010797684,0.999567463,0.989885173,0.021100276,0.999476153,0.969108871
3859,0.969207849,0.020793253,0.02070497,0.020396937,0.000928335,0.979793452,0.999690757,2.22E-06,0.02110522,0.99997296,0.02070497
3860,0.969207647,0.020797894,0.999389182,0.020685093,0.020905448,0.999282939,0.000421943,1.23E-05,0.021105725,0.030472818,0.999389182
3861,0.969207445,0.020798903,0.020997767,0.989291608,0.030385746,0.020704768,0.979306129,1.29E-05,0.021110568,0.988784711,0.020997767
3862,0.969206638,0.999472622,0.999880742,0.999478675,0.021196732,0.999878724,0.000810288,1.35E-05,0.999786002,0.010190901,0.999880742
3863,0.969206436,0.999473933,0.999985673,0.000419622,0.011111669,0.010190901,0.988785619,1.37E-05,0.02121005,0.98978902,0.999985673
3864,0.969205226,0.999476658,0.988882378,0.010712226,0.001115193,0.010809489,0.010797381,1.78E-05,0.021297728,0.98988255,0.988882378
3865,0.969205125,0.999485234,0.999475043,0.030477762,0.000316911,0.000909468,0.010808581,0.000105133,0.021302167,0.999176898,0.999475043
3866,0.969204519,0.020887993,0.988989629,0.010501759,0.001135069,0.999893152,0.989496324,0.000119258,0.02131034,0.999892143,0.988989629
3867,0.969204116,0.020986467,0.030277889,0.001126997,0.020289888,0.999974171,0.01120863,0.000230848,0.021313165,0.999982747,0.030277889
3868,0.969203511,0.020987476,0.999884879,0.000109471,0.000525562,0.999986884,0.011217004,0.979001628,0.021323053,0.989079829,0.999884879
3869,0.969203208,0.021002005,1,0.02121338,0.020999684,0.010205834,0.979400667,0.000404185,0.999972254,0.989179715,1
3870,0.969203107,0.021005738,0.000919759,0.030386957,0.020489761,0.979499746,0.000926721,0.000408928,0.999974877,0.010816652,0.000919759
3871,0.969202502,0.021012599,0.999374249,0.998968248,0.020603469,0.979706278,0.00103599,0.000415587,0.999978106,0.000118047,0.999374249
3872,0.969202401,0.999668762,0.978793582,0.01071949,0.021192797,0.999793266,0.97980566,0.000417907,0.999982343,0.000626962,0.978793582
3873,0.969202098,0.999677741,0.000323369,0.020610532,0.021202584,0.999982747,0.020198678,0.000424264,0.99998991,0.000821084,0.000323369
3874,0.969201593,0.999683291,0.998863619,0.000303896,0.000116836,0.988874306,0.999574122,0.000522434,0.030571595,0.020290392,0.998863619
3875,0.96920008,0.999690858,5.35E-06,0.989385844,0.020900807,0.988993362,0.021102395,0.979207252,0.030581684,0.999064602,5.35E-06
3876,0.969199374,0.99978691,0.978791463,0.989805971,0.000610314,0.010616073,0.989488555,0.000610415,0.010091217,0.02050439,0.978791463
3877,0.969198567,0.021201777,0.979101615,0.010206338,0.000711613,0.020507014,0.000415082,0.000613543,0.010193424,0.020805058,0.979101615
3878,0.96911664,0.021210252,0.020382509,0.011007647,0.010299767,0.020686304,0.020296446,0.000714438,0.030275669,0.999869644,0.020382509
3879,0.969116035,0.021213985,0.969211481,0.001121953,0.000109572,0.989193942,0.020589848,0.00071585,0.010302088,0.020501565,0.969211481
3880,0.969115833,0.999869644,0.969507608,0.021298838,0.020196761,0.010707888,0.010307233,0.00072715,0.988979338,0.000506796,0.969507608
3881,0.969115227,0.999878321,0.969515881,0.010105645,0.000205019,0.989699829,0.989587836,0.000810288,0.989075693,0.000726848,0.969515881
3882,0.969114824,0.999885989,0.96951689,0.989288178,0.010598114,1.33E-05,0.978695613,0.000813315,0.989091937,0.020199486,0.96951689
3883,0.969114319,0.999889722,0.020287365,0.999083974,0.000417907,0.000320644,0.979289683,0.000822395,0.010522442,0.998966028,0.020287365
3884,0.969113613,0.021289051,1.89E-05,0.021319319,2.14E-05,0.999272244,0.969722514,0.000823001,0.989191318,0.020583896,1.89E-05
3885,0.969113209,0.02129793,0.979106155,0.999083873,0.000231453,0.020692862,0.02039956,0.000828247,0.989280005,0.999670477,0.979106155
3886,0.969110586,0.021308221,0.998970165,0.020583896,0.001015508,0.999995056,0.999481702,0.979495307,0.010698504,0.010194937,0.998970165
3887,0.969110485,0.021318008,0.010796372,0.011111468,0.01039925,0.010508216,0.000424465,0.000908156,0.010701329,0.01019978,0.010796372
3888,0.969110284,0.999972657,0.969611126,0.999781966,0.00082068,0.001122659,0.000911788,0.000908358,0.98948916,0.010910687,0.969611126
3889,0.969108871,0.999986076,0.020283531,0.998874112,0.00011835,0.020995043,0.979697904,0.00091199,0.010904734,0.989902729,0.020283531
3890,0.969108467,0.999999496,0.0108108,0.010615064,0.000125413,0.999881146,0.020585914,0.000912495,0.020501565,0.999067427,0.0108108
3891,0.969107862,0.03057563,0.989883458,0.999085286,0.020204026,0.010815946,0.011009463,0.000914916,0.020501767,0.999087001,0.989883458
3892,0.969106853,0.010093437,0.979288674,0.989781958,0.999380706,1.23E-05,0.999384944,0.00092218,0.011009463,0.020601048,0.979288674
3893,0.969105239,0.010101307,0.979501058,0.00072937,0.010812818,0.999587339,0.020787704,0.000926014,0.0111038,0.999373543,0.979501058
3894,0.969101607,0.010105948,0.969316816,0.989679953,0.001023782,0.021009269,0.999672596,0.001012986,0.011120245,0.999380404,0.969316816
3895,0.969101506,0.988879149,0.020393809,0.000515473,0.000323369,0.010522039,0.021322144,0.001032963,0.011124685,0.021320732,0.020393809
3896,0.969101001,0.010301381,0.999373038,0.989686108,0.000221868,0.010804848,0.989090322,0.00112841,0.989801632,0.989801229,0.999373038
3897,0.9691009,0.010311673,0.010797684,0.030486136,0.020803342,0.000918548,0.989283637,0.979794057,0.011205098,0.020591059,0.010797684
3898,0.969100598,0.98898751,0.000628879,0.000707779,0.999582396,0.000920465,0.999384742,0.979807073,0.011210042,0.021010076,0.000628879
3899,0.969100194,0.010418319,0.999067831,0.010613551,0.011215188,0.998975007,0.988783904,0.979817061,0.011210748,0.999889823,0.999067831
3900,0.969099891,0.989082251,0.988987107,0.010293512,0.000220557,0.021008865,0.968806589,0.030269515,0.011211051,0.010415494,0.988987107
3901,0.96909979,0.010514169,0.000314187,0.989088002,0.000828146,0.00082855,0.020991713,0.030282429,1.10E-05,0.010898983,0.000314187
3902,0.969098277,0.989187081,0.000524755,0.999999092,0.000408322,0.020390682,0.999774096,0.030379894,1.35E-05,0.978995776,0.000524755
3903,0.969096663,0.989189099,0.968811029,0.010311269,0.00031116,0.999473732,0.021205207,0.030470296,2.06E-05,0.979690842,0.968811029
3904,0.969019276,0.01061012,0.020995144,0.000220254,0.000813315,0.00082966,0.010604874,0.020197569,0.978687138,0.99907106,0.020995144
3905,0.969018772,0.989293021,0.978700456,0.989792148,0.010706273,0.000919355,0.000424062,0.020198678,0.000115626,0.999076508,0.978700456
3906,0.969017359,0.010694973,0.999792661,0.999476153,0.000214906,0.001010161,0.000424768,0.020200091,0.978786822,0.020797692,0.999792661
3907,0.969015947,0.010811406,0.989279501,0.010917446,0.999788726,0.969208555,0.979093644,0.020201705,0.000206835,0.999878724,0.989279501
3908,0.969015846,0.989489362,0.989594596,0.020889608,0.000821992,0.020695284,0.000516381,0.020202008,0.000207642,0.011099562,0.989594596
3909,0.969015745,0.010900395,0.969309551,0.030290097,0.010914117,0.020795069,0.999386256,0.998860794,0.000219749,0.011102084,0.969309551
3910,0.969014231,0.010915832,0.01070032,0.010613248,0.999473933,0.999477666,0.01070143,0.99886937,0.000230545,0.979501159,0.01070032
3911,0.969013424,0.989590459,0.02059792,0.999380706,0.988972982,0.010719087,1.72E-06,0.020280908,0.978896192,0.030379793,0.02059792
3912,0.969013122,0.020501767,0.999988902,2.13E-05,0.000310656,0.000415082,0.000103115,0.020289484,0.000319333,0.999686923,0.999988902
3913,0.969012819,0.010998162,0.010611835,0.010614257,0.020504592,0.001030945,0.000125413,0.020293621,0.978984778,0.999784892,0.010611835
3914,0.969011709,0.011017736,0.969512754,0.000932875,0.0110024,0.001120338,0.001026001,0.020293923,0.000425575,0.999882155,0.969512754
3915,0.969011205,0.989697811,0.020197266,0.000920768,0.020693871,0.020404504,0.020185562,0.998964514,0.000511538,0.030473222,0.020197266
3916,0.969010902,0.989701746,0.020388866,0.011012187,0.010297648,0.020485927,0.020298968,0.998973898,0.000518399,0.988879351,0.020388866
3917,0.969010801,0.989799413,0.020598626,0.010503676,0.001110652,0.020589949,0.020583391,0.998979951,0.979195851,9.59E-06,0.020598626
3918,0.969009388,0.011211253,0.978685826,0.010595995,0.020384628,0.020598122,0.010613551,0.998981667,0.000715043,0.020292309,0.978685826
3919,0.969008884,0.011212968,0.988995481,0.999273959,0.010601948,0.999997881,0.978696824,0.020391691,0.000819772,0.998980658,0.988995481
3920,0.969006967,0.011221241,0.969018772,0.000807967,0.01070365,0.989192933,0.020493695,0.020393305,0.979491776,0.020401679,0.969018772
3921,0.969005857,0.989882651,0.999788827,0.000420127,0.020585106,0.001018636,0.999265989,0.020394617,0.979494197,0.999283343,0.999788827
3922,0.969005353,0.030371217,0.989394521,1.51E-06,0.021106734,0.99906773,0.020688423,0.020399964,0.97950913,0.020800618,0.989394521
3923,0.969004848,0.978686936,0.00020744,0.02090787,0.000706265,0.999681878,0.020992924,0.999072876,0.000914916,0.021105926,0.00020744
3924,0.969004747,0.000120368,0.969406814,0.000226408,0.010298153,0.999982444,0.0110024,0.999076508,0.000920163,0.999779948,0.969406814
3925,0.969004546,0.000205523,0.030275569,0.00051063,0.000826128,0.988979237,0.000410138,0.999075903,0.000921373,0.010406312,0.030275569
3926,0.969004243,0.000206835,0.020898486,0.020585914,0.020686506,0.999381211,0.999579974,0.02048633,0.000928133,0.011123272,0.020898486
3927,0.96900394,0.00022318,0.01090433,0.010305518,0.001021158,0.999381614,0.021001399,0.02049198,0.97959035,0.979197162,0.01090433
3928,0.969003436,0.978893367,0.989882348,0.010711217,0.000111085,0.989704975,0.021095837,0.020496621,0.001010161,0.000823606,0.989882348
3929,0.969001922,0.00030662,0.96881345,0.000107554,0.010301482,0.020197972,0.988872389,0.020497227,0.001012885,0.969418619,0.96881345
3930,0.96900162,0.000316911,0.999989305,0.020181224,0.001022975,0.010707484,0.988888936,0.020497731,0.001019544,0.030590865,0.999989305
3931,0.969001014,0.97900304,0.010501355,0.020190102,0.000418109,0.02059903,0.010805756,0.999178715,0.979706884,0.020599938,0.010501355
3932,0.969000812,0.000403782,0.010518911,0.010698504,0.000830568,0.978689862,0.989892841,0.99918154,0.001112368,0.999372937,0.010518911
3933,0.969000611,0.000417201,0.010695881,0.010090511,0.000619395,0.999577653,0.000826532,0.999181741,0.001117311,0.999579772,0.010695881
3934,0.969000308,0.000417504,0.010712226,0.999669064,0.010191305,0.99958068,0.030483816,0.999183658,0.00111943,0.021000794,0.010712226
3935,0.968999904,0.000613644,0.978998903,0.020891121,0.010495403,0.999676531,0.969623436,0.020586519,0.979797387,0.021096947,0.978998903
3936,0.968998996,0.979295333,0.020583896,0.021092407,0.00082966,0.99997407,0.998969559,0.020592472,0.030280815,0.021199456,0.020583896
3937,0.968998895,0.000816039,0.999579873,0.999777426,0.999577956,0.989584204,0.021007756,0.020592875,0.030283237,0.999982142,0.999579873
3938,0.968998694,0.000818864,0.999689849,0.030374849,0.00060759,0.989692867,0.999787212,0.020595499,0.030292115,0.988772806,0.999689849
3939,0.968998492,0.97950015,0.000506796,0.000421943,0.00022883,0.000119258,0.999889823,0.020598122,0.030385847,0.020703759,0.000506796
3940,0.968997886,0.979511147,0.979806467,0.000306418,0.000821386,0.000505484,0.010702742,0.020598727,0.969406915,0.999983756,0.979806467
3941,0.968997483,0.000928133,0.02079749,0.001009757,0.010100399,0.000930454,0.020683983,0.020606093,0.030474836,0.010813222,0.02079749
3942,0.968997281,0.0009356,0.010701128,0.001115092,0.999178008,0.999287378,0.999384439,0.020606294,0.03047524,0.989493398,0.010701128
3943,0.968996575,0.979600742,0.010705466,0.000708081,0.021005435,0.999987993,0.999991424,0.020612348,0.030585114,0.000630493,0.010705466
3944,0.968995969,0.979610327,0.999471512,0.010524057,0.0002255,0.988985593,0.010898983,0.999264879,0.030590361,0.001128713,0.999471512
3945,0.968995768,0.001029432,0.999690555,0.01111066,0.001018838,0.010907357,0.000420934,0.999269823,0.030595204,0.979801019,0.999690555
3946,0.968914951,0.979693667,0.989182339,0.020596205,0.000207844,0.989897281,0.000930151,0.999272042,0.969614859,0.020404403,0.989182339
3947,0.96891485,0.001112065,0.000320644,0.02131821,0.030586426,0.979703352,0.001017829,0.999276078,0.020180114,0.030376665,0.000320644
3948,0.968914749,0.001113477,0.978996684,0.999368094,0.02029019,0.020298867,0.999468384,0.99928526,0.020184049,0.999988902,0.978996684
3949,0.968914547,0.001125585,0.000811902,0.000909669,0.021194109,0.999776618,0.02098909,0.020688322,0.020198678,0.011006839,0.000811902
3950,0.968913841,0.001133858,0.97980566,0.98937979,0.000712722,0.999268511,0.999794679,0.020693871,0.998869976,7.67E-06,0.97980566
3951,0.968912832,0.001134665,0.999377579,0.989784783,0.010093336,0.999271235,0.999886695,0.020699824,0.020290594,9.69E-06,0.999377579
3952,0.968912731,0.97981131,0.999985976,0.99908347,0.0009357,0.020810909,0.989179816,0.9993687,0.020297455,0.000718877,0.999985976
3953,0.968911722,0.979812218,0.000815434,0.03038393,0.999468081,0.020597315,0.979095662,0.999370718,0.020300078,0.030484421,0.000815434
3954,0.96891152,0.968897395,0.979600742,0.989782866,0.000607691,0.010410752,0.000524856,0.999377579,0.998971073,0.998864931,0.979600742
3955,0.968910511,0.968914951,0.999583102,0.010701128,0.011219627,0.010896965,0.021199759,0.999378083,0.998972082,0.999174881,0.999583102
3956,0.968910108,0.968997886,1.26E-05,0.010502062,0.011004922,0.020809093,0.030581684,0.99938898,0.020382711,0.99928637,1.26E-05
3957,0.968909603,0.9691009,0.968801343,0.999468182,0.000106242,0.010311269,0.989288278,0.020803443,0.020394919,0.020792345,0.968801343
3958,0.968908796,0.969202098,0.02018647,0.000810086,0.000507199,0.98908437,0.979000215,0.99946788,0.999082057,0.020898789,0.02018647
3959,0.968908292,0.030284649,0.999271235,0.998866243,0.010698605,0.969621619,0.979198877,0.999471108,0.999089523,0.99978136,0.999271235
3960,0.968907787,0.030287171,0.999280417,0.999468889,0.000917136,0.020285347,0.979299066,0.999472016,0.020482496,0.021291069,0.999280417
3961,0.968906778,0.030293528,0.020703053,0.021303075,0.999878724,0.010804949,0.968813551,0.999472723,0.02050096,0.010199578,0.020703053
3962,0.968905164,0.030384535,0.010401671,0.010808883,0.020886379,0.00112276,0.030280512,0.999473227,0.999181338,0.011108138,0.010401671
3963,0.968904559,0.030497336,0.989485528,0.021106431,0.020491778,0.9691009,0.020692358,0.999473631,0.020597214,0.979400667,0.989485528
3964,0.968903953,0.030587536,0.979004251,0.001123971,0.000613644,0.020707694,0.989187081,0.99947585,0.020612449,0.030281017,0.979004251
3965,0.968903852,0.030593287,0.020388765,0.998869774,0.010514774,0.999369709,0.011224268,0.999478373,0.020614164,0.99957947,0.020388765
3966,0.968903751,0.020192524,0.99917256,0.000918851,0.000105234,0.999988801,0.97930734,0.999478575,0.020614366,0.021096846,0.99917256
3967,0.968901834,0.020200595,0.001113175,0.030484018,0.000515271,0.030480991,0.979596202,0.9994815,0.020703053,0.021206014,0.001113175
3968,0.96890133,0.020201705,0.998863922,0.998977126,0.000321552,0.010310563,0.020684084,0.999487151,0.020705878,0.021207023,0.998863922
3969,0.968900725,0.020203421,0.999786607,0.010308343,0.020589748,1.05E-05,0.999469292,0.020885471,0.999372837,0.99988609,0.999786607
3970,0.968900321,0.998973797,0.010500952,0.00062565,0.000316104,0.020492687,0.999477263,0.020901614,0.999385549,0.98907761,0.010500952
3971,0.968900018,0.998979649,0.989288884,0.999278903,0.011219829,0.010596701,0.020892634,0.020902724,0.020793757,0.010602553,0.989288884
3972,0.968899917,0.020382711,0.000719079,0.020803241,0.000605975,0.989382918,0.010110589,0.999567463,0.999467476,0.00111267,0.000719079
3973,0.968899211,0.999078223,0.020906255,1.84E-05,0.999883264,0.000523443,0.010192617,0.999568876,0.999472723,0.00112276,0.020906255
3974,0.968899009,0.999089523,0.01031248,0.010397534,0.011209235,0.0011273,0.010301079,0.999573113,0.020905044,0.001122962,0.01031248
3975,0.968898908,0.020497227,0.010404799,0.020287264,0.030290097,0.969302287,0.010523956,0.999573517,0.999577956,0.030280411,0.010404799
3976,0.968898303,0.020500355,0.989802641,0.010210677,0.000908156,0.999793771,0.011025001,0.999578461,0.020995144,0.020198678,0.989802641
3977,0.968898202,0.999178513,0.989885274,0.999980527,0.010208558,0.999883466,0.020808892,0.999578965,0.020995648,0.020404504,0.989885274
3978,0.968897799,0.999183255,0.969514671,0.011117219,0.00010372,0.978691174,0.01040722,0.99958179,0.020997263,0.02061144,0.969514671
3979,0.968897395,0.999183356,0.999379798,0.010600434,0.020892533,0.978901136,0.011009059,0.999584111,0.999668762,0.020695687,0.999379798
3980,0.968895175,0.020588032,0.979003948,0.98949592,0.0107995,0.979097579,0.011014709,0.999585221,0.999670981,0.999473126,0.979003948
3981,0.968813551,0.020596608,0.969003436,0.030582794,0.020179609,0.000928436,0.000725334,0.999587844,0.999676329,0.020894854,0.969003436
3982,0.96881345,0.020614467,0.999267603,0.010092327,0.001117311,0.999073481,0.998972082,0.020988586,0.999680566,0.999785295,0.999267603
3983,0.968812643,0.999265585,0.010914319,0.000723619,0.000918851,0.020887085,0.9991771,0.020992823,0.999690858,0.988983878,0.010914319
3984,0.968811029,0.999273959,0.968594407,0.989391595,0.000616368,0.999782369,0.020691147,0.02101048,0.021101891,0.010711822,0.968594407
3985,0.968810726,0.999281829,0.999183558,0.999176495,0.010518003,0.98979235,0.010196652,0.021011791,0.021104615,0.011009463,0.999183558
3986,0.968810121,0.02068469,0.999381211,0.010398039,0.020804553,0.001118018,0.011107331,0.999668358,0.999773491,0.001012885,0.999381211
3987,0.968809818,0.020702346,0.989091432,0.999680869,0.010594482,0.989089011,0.999687629,0.999671082,0.999783681,0.001018333,0.989091432
3988,0.968809011,0.020784374,0.968802049,0.989803247,0.000526773,0.010518709,0.999978005,0.999674311,0.021188761,0.020382005,0.968802049
3989,0.968808708,0.020807277,0.969306928,0.030271028,0.020611944,0.989182339,0.000936104,0.99967875,0.021195219,0.020492687,0.969306928
3990,0.968808204,0.020811817,0.999389585,0.011023487,0.000102408,0.989803549,0.969617079,0.999690555,0.021202786,0.999469191,0.999389585
3991,0.968808002,0.020896267,0.99947131,0.021004729,0.03047867,0.020597718,0.999683291,0.999775408,0.021209344,0.020996859,0.99947131
3992,0.968807598,0.020897578,0.999580882,0.011207116,0.000424465,0.020601451,0.999871762,0.999780251,0.021211664,0.999886998,0.999580882
3993,0.968807296,0.020897982,0.968910511,0.999883264,0.000831476,1.27E-05,0.99999667,0.999780352,0.999876202,0.000628879,0.968910511
3994,0.96880669,0.020905044,0.020179609,0.02069266,0.020197972,0.000428804,0.988978329,0.999782067,0.999881549,0.00082966,0.020179609
3995,0.968806589,0.020987173,0.020388058,0.999181338,0.001113881,0.00071696,0.010502062,0.999784387,0.999978812,0.999086799,0.020388058
3996,0.968806287,0.020991108,0.01010847,0.000219447,0.010194937,0.000930151,0.000312875,0.999788625,0.999981133,0.999087505,0.01010847
3997,0.968805581,0.020991814,0.988876929,0.999370617,0.000118451,0.020288677,0.00032236,0.999793771,0.0304708,0.020791336,0.988876929
3998,0.968805278,0.020992016,0.010113111,0.999973263,0.030489567,0.020812322,0.030388975,0.999870249,0.030583097,0.999670679,0.010113111
3999,0.968804874,0.021005334,0.021002005,0.999577956,0.010102921,0.020996052,0.969607393,0.999879128,0.010193928,0.010520122,0.021002005
4000,0.968804773,0.021008563,0.010300776,0.020994034,0.000119661,0.001018333,0.020284237,0.999885484,0.010203412,0.989292617,0.010300776
4001,0.968803966,0.999674916,0.010806361,0.010805756,0.010301583,0.999781663,0.021197236,0.999886695,0.988891963,0.010796372,0.010806361
4002,0.968803664,0.021094223,0.979196153,0.021321943,0.0104049,0.010192617,0.02120773,0.999893152,0.010300171,0.010999171,0.979196153
4003,0.968802957,0.021108045,0.020590857,0.010809085,0.010418622,0.000817855,0.01011301,0.999893959,0.989074684,0.011016021,0.020590857
4004,0.968802856,0.021109256,0.999381413,0.010605277,0.000932875,0.030285658,0.010606387,0.999975382,0.989076903,0.011218215,0.999381413
4005,0.968802655,0.99977339,0.030489769,0.011109046,0.001021461,0.999389888,0.978786318,0.999977803,0.989178101,0.001134867,0.030489769
4006,0.968802554,0.999784791,0.020893946,0.999272749,0.999786203,0.989797092,0.978887314,0.999978913,0.010618595,0.030387865,0.020893946
4007,0.968802049,0.999794477,0.989093854,0.021189972,0.000715447,2.22E-06,0.979202005,0.999983857,0.98929181,0.020399661,0.989093854
4008,0.968801747,0.999871157,0.999571196,0.000919355,0.021000794,0.00022883,0.969014231,0.999985572,0.010703751,0.020494704,0.999571196
4009,0.968801343,0.021317402,0.978802461,0.000321351,0.010293613,0.000508814,0.020190304,0.999987489,0.989393007,0.030376564,0.978802461
4010,0.968800031,0.999978711,0.978891248,0.000103922,0.021309129,0.0203927,0.020888498,0.999988599,0.010808076,0.999986783,0.978891248
4011,0.96879993,0.999979518,0.00040812,0.998970165,0.020190102,0.020393709,0.020902724,0.999991525,0.989579159,0.030476652,0.00040812
4012,0.968799224,0.999980931,0.979308853,0.01031359,0.010201596,0.999881045,0.99999102,0.99999324,0.011007142,0.988995784,0.979308853
4013,0.968799022,0.030478973,0.020401074,0.01060336,0.030480385,0.989188998,0.010496815,0.999996973,0.011013801,0.999183356,0.020401074
4014,0.968798114,0.030578354,0.999682483,0.011122062,0.010503272,0.978898513,0.000219447,0.030475946,0.011024799,0.020687817,0.999682483
4015,0.96879761,0.010090107,0.989189099,0.000910578,0.001117816,0.020808892,0.968911722,0.010093336,0.989694784,0.021004426,0.989189099
4016,0.968796702,0.010098583,0.010594078,0.999987388,0.000406102,0.988887221,0.030293528,0.010098179,0.011102992,0.021110164,0.010594078
4017,0.968794785,0.010099995,0.989493398,0.021296921,0.000414679,0.010313792,0.020905852,0.010100903,0.011109147,0.021111072,0.989493398
4018,0.96879428,0.010110589,0.000825624,0.989182944,0.000523544,0.020190607,0.020986265,0.010109782,0.011117521,0.999879531,0.000825624
4019,0.968794179,0.010205027,0.010510739,0.010100903,0.000109471,0.01011069,0.99988609,0.988774925,0.011120346,0.999972859,0.010510739
4020,0.968794079,0.988975605,0.010714849,0.989487445,0.999770363,0.988791976,0.021315889,0.988785619,0.011126198,0.000809279,0.010714849
4021,0.968710537,0.988989226,0.000509823,0.010301482,0.999875798,0.010291494,0.99998991,0.010194433,0.989794166,0.999267906,0.000509823
4022,0.968709831,0.988995784,0.020697604,0.000113709,0.010097473,0.010696991,0.010598013,0.010207751,0.989803953,0.010518205,0.020697604
4023,0.968708721,0.989094156,0.02088537,0.011006739,0.020281412,0.000211779,0.969524155,0.988881268,0.011207116,0.011008252,0.02088537
4024,0.968707107,0.010503878,0.020905044,0.010598114,0.999675522,0.000315801,0.969723624,0.988885102,0.011212161,0.989898592,0.020905044
4025,0.968706703,0.010510537,0.999997175,0.010311168,0.020804755,0.979001829,0.020900605,0.010297043,0.011224874,0.000227014,0.999997175
4026,0.968706603,0.989176184,1.81E-05,0.010295328,0.000928537,0.000925006,0.999983857,0.010301079,0.98988255,0.020583391,1.81E-05
4027,0.968705089,0.989185164,0.97900304,0.989277684,0.020602763,0.01029331,0.988782189,0.010301381,0.989883458,0.999672797,0.97900304
4028,0.968704887,0.989196666,0.000610415,0.000430923,0.030275468,0.010595793,0.989182339,0.010306527,1.43E-05,0.999974171,0.000610415
4029,0.968704585,0.010608203,0.979311678,0.989477961,0.000213998,0.000720895,0.989493398,0.010307233,0.978696622,0.010194534,0.979311678
4030,0.968704484,0.010619604,0.000930353,0.989193034,0.020395424,0.000820983,0.000823909,0.010310462,0.978793279,0.010618595,0.000930353
4031,0.968704181,0.989281115,0.020405816,0.999770767,0.999793266,0.020385637,0.020614265,0.988973284,0.000205927,0.010909274,0.020405816
4032,0.968703273,0.989288985,0.020597718,0.989597219,0.999773995,0.010618293,0.011109349,0.988981658,0.978888625,0.989899904,0.020597718
4033,0.968702769,0.010698504,0.000829357,0.989286967,0.000622724,3.03E-06,0.011116411,0.988983676,0.000311967,2.20E-05,0.000829357
4034,0.96870176,0.010714849,0.979500251,0.010711419,0.010396425,0.000322864,0.020500758,0.988990436,0.000323369,0.000505282,0.979500251
4035,0.968701255,0.989396236,0.979817061,0.99907106,0.999999496,0.98929181,0.020802737,0.988993362,0.9789872,0.000706871,0.979817061
4036,0.968700751,0.010800106,0.030271634,0.000205826,0.010090511,2.15E-05,0.999871662,0.988995078,0.000408827,0.000930454,0.030271634
4037,0.968700347,0.010809085,0.999580579,0.988986098,0.010295328,0.00091199,0.010418722,0.01040036,0.000628071,0.999270226,0.999580579
4038,0.968700145,0.010811608,0.989293424,0.989903738,7.06E-06,0.98968298,0.010917648,0.010407826,0.000713832,0.020705777,0.989293424
4039,0.968700044,0.010814937,0.979198877,0.020288879,0.000708485,0.000305813,0.000711613,0.0104162,0.979388156,0.999374854,0.979198877
4040,0.96869954,0.989477759,0.00111711,0.999178311,0.000319232,0.968995768,0.030385342,0.98907761,0.97940097,0.02078508,0.00111711
4041,0.968699439,0.989489463,0.020490467,0.000711915,0.001023075,0.999585221,0.999168726,0.989082251,0.000830971,0.02109059,0.020490467
4042,0.968698228,0.989495214,0.999384742,0.001130024,0.000217631,0.999984967,0.020696595,0.010501961,0.979488951,0.999773692,0.999384742
4043,0.968698127,0.01089979,0.99967532,0.010707787,0.999885787,0.010096464,0.999479382,0.010512958,0.000928638,0.999992534,0.99967532
4044,0.968697926,0.010908063,0.988875315,0.020281715,0.010310462,0.01070365,0.011098553,0.010521635,0.979610428,0.020205943,0.988875315
4045,0.968697522,0.01090998,0.968704484,0.000417201,2.07E-05,0.000932573,0.011212766,0.01052446,0.001032055,0.999388778,0.968704484
4046,0.96869732,0.010914016,0.96920008,0.021303479,0.000109269,0.969316816,0.989882348,0.989179413,0.001125585,0.021110467,0.96920008
4047,0.968696109,0.01091896,0.020289282,0.999775206,0.001017728,0.030492392,0.979087388,0.989182339,0.030270423,0.011200558,0.020289282
4048,0.968696009,0.011020864,0.021009269,0.989297359,0.000930151,0.030492695,0.010095152,0.010597105,0.030290703,6.15E-06,0.021009269
4049,0.968695201,0.989687924,0.000932875,0.020897175,0.999379395,0.020182132,0.010594885,0.010600333,0.030473323,0.999276885,0.000932875
4050,0.968694596,0.989702352,0.999571499,0.999577351,0.010520425,0.020402789,0.968898303,0.010697294,0.030491686,0.02069377,0.999571499
4051,0.968694394,0.011112073,0.999791753,0.030278797,0.000726848,0.020800114,0.999688436,0.01070022,0.030493804,0.999785396,0.999791753
4052,0.968693991,0.989780243,0.989797092,0.010598316,0.999777426,0.999793165,0.999883466,0.010706374,0.0305835,0.989083562,0.989797092
4053,0.968609945,0.989784884,0.000309647,0.99907449,0.000126623,0.01059771,0.000711209,0.010711217,0.030586527,0.989086186,0.000309647
4054,0.968609037,0.98980476,0.97961285,0.999369103,0.021213682,7.16E-06,0.979601852,0.010718784,0.969624243,0.011106625,0.97961285
4055,0.968608936,0.011201163,0.001026708,0.999869845,0.021108752,0.978801048,0.001009152,0.010719289,0.969710003,1.65E-05,0.001026708
4056,0.968607423,0.011204291,0.02079628,0.020489761,0.020281715,0.001112771,0.979698711,0.989385844,0.969723624,0.000408928,0.02079628
4057,0.968607221,0.011216298,0.99976895,0.010305115,0.000424667,0.020397543,0.969417004,0.989391494,0.020198174,0.000420631,0.99976895
4058,0.968606515,0.011222049,0.999783076,0.989595605,0.001126291,0.020707896,0.969712526,0.010814937,0.020204732,0.02029806,0.999783076
4059,0.96860369,0.011222149,0.999875596,0.999174679,0.001129923,0.020799004,0.988872995,0.989496021,0.02029352,0.999980225,0.999875596
4060,0.968602983,5.55E-06,0.010718784,0.010202504,0.001122659,0.999475346,0.988987208,0.010903523,0.020293822,0.98917911,0.010718784
4061,0.968601873,1.26E-05,0.000207137,0.010510537,0.02090111,0.021000289,0.000313077,0.010912099,0.020295235,0.010809892,0.000207137
4062,0.968600663,1.85E-05,0.979197868,0.999486243,0.000417302,0.010308141,0.020597315,0.010915832,0.998966734,0.000723619,0.979197868
4063,0.968599956,2.00E-05,0.968802554,0.010595188,0.01030007,0.010903321,0.999793266,0.989598833,0.998971577,0.000827137,0.968802554
4064,0.968599856,0.000311362,0.998866243,0.020785988,0.001113477,0.979288674,0.000508814,0.98978105,0.020390984,0.020591564,0.998866243
4065,0.968597838,0.000415687,0.999481904,0.989794065,0.999993644,0.001125585,0.979603366,0.989794872,0.0203927,0.999277491,0.999481904
4066,0.968595921,0.00042053,0.999683291,0.020602057,0.001032963,0.020494099,0.001129923,0.98988477,0.020401276,0.020705071,0.999683291
4067,0.96859582,0.000425979,0.010193827,0.010514169,0.000505282,0.999072876,0.999067326,0.989900509,0.999079737,0.010394407,0.010193827
4068,0.968595719,0.000505787,0.989783269,0.030580978,0.001010565,0.010394205,0.010394407,1.51E-06,0.999081149,0.010614963,0.989783269
4069,0.968595013,0.000625751,0.998971073,0.010396727,0.999385852,0.010917648,0.011215995,5.35E-06,0.02048411,0.010620916,0.998971073
4070,0.968594407,0.000708081,0.020889103,0.030377472,0.010613551,0.020193028,0.000303089,8.48E-06,0.020489054,0.010621017,0.020889103
4071,0.968593499,0.979396934,0.999975382,0.0206859,0.011223461,0.999466064,0.030585518,1.06E-05,0.02049077,0.998973797,0.999975382
4072,0.968592793,0.000808068,0.988998306,0.00011502,0.000918145,0.999580176,0.999578965,1.68E-05,0.03027799,0.999267603,0.988998306
4073,0.968592389,0.000815837,0.98969206,0.001131235,0.999984563,0.989179816,0.000408322,1.71E-05,0.02050439,0.020908576,0.98969206
4074,0.9595301,0.000817855,0.000521022,0.00081836,0.010606589,0.989897684,0.000932875,2.03E-05,0.999174275,0.02098798,0.000521022
4075,0.959529494,0.000828146,0.001121953,0.989684291,0.000113002,0.000101904,0.001023075,0.000104729,0.9991771,0.010297043,0.001121953
4076,0.95872526,0.97960609,0.998981162,0.989091432,0.021209344,0.021008058,0.969217737,0.000105435,0.999185172,0.988990436,0.998981162
4077,0.958719307,0.979607805,0.999275069,0.999667854,0.000212384,0.999783177,0.999884576,0.000110682,0.020583391,0.98990616,0.999275069
4078,0.938525976,0.001016416,0.020805663,0.00072029,0.999468889,0.010818468,0.979400163,0.000116534,0.020590252,0.001125686,0.020805663
4079,0.938428613,0.968696109,0.999580176,0.989890723,0.020597617,0.001026001,0.001034477,0.000119359,0.020598021,0.030381811,0.999580176
4080,0.928443234,0.968910108,0.999681676,0.000408322,0.020382711,0.001121549,0.998862005,0.000222978,0.020610835,0.020501263,0.999681676
4081,0.030598433,0.968998694,0.999888007,0.999775408,0.000810893,0.968995969,0.021010984,0.000305611,0.999268814,0.020589848,0.999888007
4082,0.030598332,0.969015947,2.18E-05,0.030573814,0.010701027,0.999795284,0.021205005,0.000311362,0.999271538,0.999577149,2.18E-05
4083,0.030598231,0.96909979,0.001017728,0.020886278,0.000918447,0.010203312,0.01010171,0.000321351,0.999272042,0.010301987,0.001017728
4084,0.03059813,0.030285759,0.999877816,0.030272441,1.98E-05,0.000212788,4.84E-06,0.000408827,0.999272749,0.010607295,0.999877816
4085,0.030597928,0.969311973,0.97908981,0.989185164,0.021192595,0.000722509,0.979001426,0.000412963,0.999276381,0.010810901,0.97908981
4086,0.030597625,0.030378078,0.020485725,0.989889915,0.999886897,0.998876837,0.001031652,0.000419017,0.020706382,1.14E-05,0.020485725
4087,0.030597525,0.030383123,0.020397341,0.001134665,0.999687831,0.020796683,0.030388066,0.000420127,0.999377881,0.000223684,0.020397341
4088,0.030597424,0.030594397,0.020610835,0.98939664,0.001013995,0.010598316,0.969614859,0.000420631,0.020785988,0.979196052,0.020610835
4089,0.030597323,0.02019656,0.999264879,0.000528085,2.12E-05,0.010606791,0.969624545,0.000422246,0.020792647,0.020181224,0.999264879
4090,0.030597222,0.020202311,0.999576947,0.000111085,0.01010847,0.989278996,0.021320026,0.000508814,0.020794564,0.020181425,0.999576947
4091,0.030597121,0.998860794,0.999688234,0.98929524,0.000303896,0.001022672,0.01030683,0.000512345,0.020801022,0.021188257,0.999688234
4092,0.03059702,0.020291704,0.99987378,0.020704465,0.010618293,0.001032963,0.010708695,0.00060759,0.020808589,0.021202987,0.99987378
4093,0.030596919,0.020293822,0.999878926,0.00091986,9.79E-06,0.030391295,0.96962172,0.00061324,0.999468384,0.010193121,0.999878926
4094,0.030596818,0.020297556,0.999970942,0.010306325,0.999980527,0.03048432,0.021312459,0.000622724,0.999469191,0.98958158,0.999970942
4095,0.030596717,0.998974402,0.01030905,0.999781159,0.010917446,0.02029473,0.969510736,0.00062908,0.999470705,0.001018636,0.01030905
4096,0.030596616,0.020391489,0.979099092,0.000709494,0.999373543,0.010103022,0.998866646,0.979311678,0.999481702,0.999183053,0.979099092
4097,0.030596415,0.0203927,0.999171147,0.010522442,0.000824312,0.010596298,0.021002005,0.000712016,0.020887388,0.020702851,0.999171147
4098,0.030596314,0.020404202,0.010598114,0.999177706,0.99936981,0.010704457,0.01050418,0.000712722,0.020895157,0.999366379,0.010598114
4099,0.030596213,0.999064703,0.989784581,0.020394617,0.030495621,0.000515876,0.010916135,0.000814324,0.020897679,0.020798802,0.989784581
4100,0.030596011,0.030274257,0.001132547,0.010298052,0.000711007,0.00062908,0.00021874,0.000817855,0.020899899,0.999876101,0.001132547
4101,0.03059591,0.020505097,0.998970366,0.011220434,0.021115411,0.969507608,0.000523443,0.000826532,0.999570187,0.988994472,0.998970366
4102,0.030595809,0.020507014,0.999070252,0.030591572,0.999778535,0.020201806,0.000813315,0.979492078,0.999586633,0.010404093,0.999070252
4103,0.030595406,0.03028021,0.020600039,5.25E-06,0.001136683,0.999481601,0.979511147,0.979501159,0.021006747,0.010812617,0.020600039
4104,0.030595305,0.020612953,0.020907567,0.02100261,0.010306426,0.999682282,0.969525366,0.97950913,0.999669468,0.000909669,0.020907567
4105,0.030595204,0.020614366,0.000911788,0.020585207,0.000725738,0.999879531,0.021104615,0.000910578,0.99967764,0.020200394,0.000911788
4106,0.030595103,0.99927406,0.96940641,0.000416495,0.001135775,0.999890731,0.999793871,0.000936709,0.999687225,0.020699521,0.96940641
4107,0.030595002,0.020692358,0.010818468,0.989393007,0.020898285,0.010299464,0.021303378,0.979592368,0.021111072,0.999380505,0.010818468
4108,0.030594901,0.020693871,0.001033468,0.989479071,0.020187076,0.999770867,0.988987006,0.001015508,0.999771775,0.999587037,0.001033468
4109,0.0305948,0.020696091,0.020186874,0.989784884,0.999879229,0.00021198,0.999690858,0.001021058,0.021189165,0.020988283,0.020186874
4110,0.030594699,0.02069821,0.998866344,0.999386256,0.999976491,0.00060759,0.021208335,0.00102812,0.021194916,0.999787818,0.998866344
4111,0.030594599,0.020785686,0.999777426,0.021312459,0.999987085,0.020800719,0.989090222,0.001028221,0.02120773,0.999972657,0.999777426
4112,0.030594498,0.020789318,0.01041398,0.000217832,0.000309849,0.989290095,0.989289994,0.001029432,0.999869946,0.988996591,0.01041398
4113,0.030594397,0.020795472,0.010522846,0.989399667,0.001010665,0.00081836,0.979004251,0.979691548,0.021308826,0.989075693,0.010522846
4114,0.030594296,0.020798298,0.98988255,0.001116908,0.000115626,0.010397534,0.979701335,0.001118724,0.02131599,0.989491784,0.98988255
4115,0.030594195,0.999476153,0.969621418,0.03028586,8.88E-06,0.010914924,0.969015846,0.00112165,0.999971648,0.979392293,0.969621418
4116,0.030594094,0.999482509,0.020206246,0.010406918,0.000103821,0.001023782,0.011007848,0.001124879,0.999982949,0.00102358,0.020206246
4117,0.030593993,0.020899697,1.91E-05,0.000102408,0.999777627,0.999280417,0.969203208,0.001125181,0.010200083,0.969519816,1.91E-05
4118,0.030593892,0.999579873,0.0009244,0.020996556,0.020297152,0.010409036,0.030598433,0.001129217,0.988878947,0.999582799,0.0009244
4119,0.030593791,0.999583505,0.979705976,0.000510428,0.020591967,0.010614358,0.021206014,0.97981575,0.98888712,0.021011085,0.979705976
4120,0.030593691,0.020990402,0.020381198,0.989291911,0.000607186,0.010706374,0.021217012,0.030290299,0.01030683,0.999770363,0.020381198
4121,0.03059359,0.020994236,0.020590252,0.020204026,0.010206137,0.010816148,0.000914311,0.030391598,0.010311269,0.010521837,0.020590252
4122,0.030593489,0.020996758,0.020798197,0.010699917,0.999581992,0.989479273,0.020191818,0.969413372,0.98908215,0.989801935,0.020798197
4123,0.030593388,0.020999886,0.989597824,0.020196358,0.00021985,0.999178008,0.99886937,0.969510837,0.010506905,0.011222553,0.989597824
4124,0.030593287,0.021006848,0.000205927,0.021203996,0.99977682,0.020596608,0.020702952,0.02018647,0.010511142,0.030291207,0.000205927
4125,0.030593186,0.02100937,0.020707492,0.001010665,0.001031652,0.020797692,0.020906255,0.020188286,0.989293929,0.020197569,0.020707492
4126,0.030592984,0.999669064,0.999686216,0.020498639,0.001116908,0.999487554,0.021200162,0.020196358,0.010711822,0.999369103,0.999686216
4127,0.030592883,0.999679255,0.999995157,0.01100694,0.999894363,0.010817359,0.010918355,0.998863922,0.010713639,0.999686317,0.999995157
4128,0.030592782,0.999685813,8.37E-06,0.001016416,0.000406002,0.000222978,0.000529699,0.998871187,0.010714748,0.999870249,8.37E-06
4129,0.030592682,0.999688234,1.02E-05,0.99938565,0.000716859,0.001112166,0.979797387,0.998875929,0.010718784,0.010294117,1.02E-05
4130,0.030592581,0.021117428,0.978696925,0.000918145,0.999877917,0.999374653,0.969019276,0.998877139,0.98939664,0.01112075,0.978696925
4131,0.03059248,0.999775307,0.000112801,0.988986703,0.000421842,0.999587238,0.020192019,0.020298867,0.989399868,0.000707678,0.000112801
4132,0.030592379,0.999777728,0.969211885,0.000406102,0.000105032,0.99967764,0.020393305,0.02038483,0.010798189,0.020593178,0.969211885
4133,0.030592278,0.999785699,0.969215214,0.021002307,0.999883365,0.989801128,0.999667854,0.020389673,0.010806361,0.999376368,0.969215214
4134,0.030592076,0.999790542,0.020386444,5.45E-06,0.001012885,0.010807572,0.021192091,0.020395525,0.010813222,0.999382623,0.020386444
4135,0.030591975,0.999792459,0.03026901,0.999070454,0.000217832,0.979590047,0.010092125,0.020395928,0.010818872,0.999576544,0.03026901
4136,0.030591874,0.021194714,0.999275574,0.021198044,0.98978105,0.999287177,0.988989831,0.020397341,0.989584204,0.999669972,0.999275574
4137,0.030591572,0.021195521,0.999377276,0.020688019,0.000208449,0.999487655,0.010401469,0.020397442,0.011025606,0.021103909,0.999377276
4138,0.030591471,0.021196934,0.999379092,0.999976391,0.999883668,0.01070032,0.011118631,0.020399863,0.011099865,0.999993644,0.999379092
4139,0.03059137,0.02120097,0.999389383,0.999579873,0.000221565,0.010711217,0.978889029,0.020400166,0.011119741,0.010307032,0.999389383
4140,0.030591269,0.999888713,0.999677035,0.999889015,0.000230343,0.001125787,0.979601348,0.020401074,0.989783572,0.010316617,0.999677035
4141,0.030591168,0.021314476,0.999790037,0.000930151,0.000209256,0.020805058,0.020180114,0.020401175,0.011209235,0.010797381,0.999790037
4142,0.030591067,0.999978812,0.99988841,0.999076508,0.999385348,0.989388972,0.020297858,0.020401276,0.011216398,0.010902312,0.99988841
4143,0.030590966,0.999988094,0.999991727,0.989386348,0.001122962,0.000103821,0.020591261,0.020404403,0.989903032,0.0111038,0.999991727
4144,0.030590865,0.030473424,0.999998083,0.000911385,0.999881953,0.001131033,0.999569178,0.99907449,1.06E-05,0.000428804,0.999998083
4145,0.030590765,0.030473525,1.75E-05,0.998968853,0.001021058,0.020588032,0.020998372,0.999080342,0.000105032,0.000711209,1.75E-05
4146,0.030590664,0.03057442,0.99918275,0.020686506,0.000420127,0.020801728,0.021094324,0.99908468,0.000119258,0.99897864,0.99918275
4147,0.030590563,0.030581987,0.999271437,0.999167213,0.020504088,0.020991814,0.999789533,0.020484615,0.97879338,0.020404202,0.999271437
4148,0.030590462,0.010113212,0.999287278,0.000515674,0.000219447,0.999779242,0.999973767,0.020496521,0.000212081,0.999182246,0.999287278
4149,0.030590361,0.030269313,0.999674513,0.999081553,0.999893455,0.999871359,0.010620412,0.020500052,0.978887213,0.020891323,0.999674513
4150,0.030590058,0.010205128,0.01029331,0.020388159,0.999165296,0.999878119,0.011104809,0.020500758,0.00031681,0.020993529,0.01029331
4151,0.030589957,0.98887249,0.978893468,0.030582996,0.001026506,0.010412265,0.011118429,0.020503987,0.00041599,0.999878018,0.978893468
4152,0.030589856,0.988875012,0.000727251,0.021000188,0.000830669,0.030293931,1.66E-05,0.999165901,0.000416495,0.021301259,0.000727251
4153,0.030589655,0.010310866,0.989282225,0.000231958,0.001117009,0.020200595,0.000312371,0.999168322,0.979101514,0.021302672,0.989282225
4154,0.030589554,0.01039703,0.01071717,0.999164287,0.000932573,0.999171147,0.969406814,0.999178008,0.000515271,0.001112468,0.01071717
4155,0.030589352,0.010414888,0.000104527,0.999179925,0.010717372,0.99947131,0.030581886,0.999184768,0.000627163,0.020601754,0.000104527
4156,0.030589251,0.98909113,0.978904668,0.01062253,0.000722509,0.010405202,0.02070618,0.020583492,0.000812104,0.020694376,0.978904668
4157,0.03058915,0.010496613,0.969614859,1.26E-05,0.000125211,0.000420127,0.010313993,0.020583593,0.000914109,0.020699017,0.969614859
4158,0.030589049,0.010510739,0.999066217,0.000213595,0.011204089,0.000812104,0.010498934,0.020586216,0.000920768,0.999375863,0.999066217
4159,0.030588948,0.989185366,0.020607101,0.999284856,0.999988801,0.001112368,0.011104405,0.020590555,0.000936709,0.020886682,0.020607101
4160,0.030588545,0.010618595,0.020614164,0.010512252,0.999893758,0.020390278,0.000109572,0.020597617,0.001009757,0.999571802,0.020614164
4161,0.030588444,0.98928848,0.989282124,0.010816148,0.001009757,0.999083369,0.979700527,0.020608615,0.001017829,0.021110971,0.989282124
4162,0.030588343,0.98939664,0.010811406,0.010812818,0.999873478,0.010192516,0.001114184,0.020612953,0.001031752,0.021323557,0.010811406
4163,0.030588242,0.989398254,0.010314397,0.001124374,0.010309554,0.010201798,0.03037717,0.999269621,0.001034477,0.010091015,0.010314397
4164,0.030588141,0.010818468,0.999272042,0.000828146,0.010210677,0.989288278,0.021201676,0.999272547,0.97980455,0.011219123,0.999272042
4165,0.03058804,0.010818973,0.020894955,0.989393916,0.000723619,0.000120368,0.988880864,0.999273455,0.97981464,0.000930151,0.020894955
4166,0.030587939,0.989490876,0.999690353,0.000417907,0.000711411,0.979095964,0.010315406,0.999280619,0.968997281,0.001013793,0.999690353
4167,0.030587839,0.010905036,0.99997074,0.999286269,0.011004418,0.000510831,0.011119237,0.02068469,0.969015846,0.001030945,0.99997074
4168,0.030587536,0.010913512,0.979701435,0.998971073,0.030381407,0.000932875,0.969116035,0.020698714,0.969201593,0.020395525,0.979701435
4169,0.030587233,0.989594596,0.969096663,0.989279803,9.28E-06,0.998862308,0.021216911,0.020705878,0.030275468,0.999264576,0.969096663
4170,0.030587132,0.010997658,0.969106853,0.989585011,0.999368195,0.999286168,0.988989226,0.999370011,0.969220562,0.999274767,0.969106853
4171,0.030587031,0.01100008,0.000428299,0.020489357,0.000829962,0.020905953,0.011001593,0.999370314,0.030389075,0.030375051,0.000428299
4172,0.030586931,0.011000584,0.020584299,0.99927063,2.02E-05,0.999569683,0.000209862,0.999372332,0.03048432,0.020990805,0.020584299
4173,0.03058683,0.011027018,0.999780049,0.010192314,0.000607388,0.999870249,0.96940187,0.999373038,0.030583702,0.021108651,0.999780049
4174,0.030586628,0.989688226,0.969214004,0.01019978,0.000726444,0.000125513,0.02069932,0.999374148,0.998863619,0.999890125,0.969214004
4175,0.030586527,0.011117219,0.010306527,0.02028,0.010596701,0.010710914,0.020703053,0.999374451,0.020282623,0.010308041,0.010306527
4176,0.030586426,0.011118429,0.979392091,0.000122587,0.00071696,0.000607186,0.020800416,0.99937546,0.020282825,0.989184457,0.979392091
4177,0.030586325,0.989784278,0.979796378,0.01121095,0.000515876,0.020287264,0.021300553,0.99937768,0.020284338,0.010716262,0.979796378
4178,0.030586224,0.011213372,0.020608514,0.020293621,0.011107533,0.999179623,0.030580171,0.999378588,0.020287567,1.33E-05,0.020608514
4179,0.030586123,0.989882147,0.999269016,0.010102719,0.000726747,0.020610431,0.010705466,0.999385549,0.020297757,0.000525461,0.999269016
4180,0.030586022,0.030370107,0.020805058,0.000223382,0.01059549,0.99978469,0.969712223,0.999387769,0.020298766,0.000619899,0.020805058
4181,0.030585922,1.42E-05,0.999994249,0.010815946,0.000424869,0.000925813,0.020604882,0.020787199,0.998962698,0.99907449,0.999994249
4182,0.030585821,2.06E-05,0.010911494,0.020597617,0.010090814,0.001013692,0.020705373,0.020796078,0.998981162,0.020481992,0.010911494
4183,0.03058572,0.000102913,0.020381904,0.999267906,0.999480492,0.969004546,0.999873881,0.020796784,0.020388866,0.0205844,0.020381904
4184,0.030585518,0.000109471,0.999276482,0.989697912,0.01010393,0.999980325,0.9999775,0.020810203,0.999065712,0.999383229,0.999276482
4185,0.030585114,0.000508107,0.999381614,0.988992353,0.999888007,0.001013995,0.010199578,0.999474135,0.99907671,0.999570086,0.999381614
4186,0.030585014,0.000521325,0.999481702,0.000729067,0.999889015,0.001123971,0.989903536,0.999474438,0.999084479,0.999682887,0.999481702
4187,0.030584812,0.000819873,0.010196652,0.000706568,0.021293389,0.020296042,0.000921373,0.999475649,0.020485422,0.021106431,0.010196652
4188,0.03058461,0.000919658,0.000314389,0.999773995,0.021291775,0.999273152,0.999685006,0.999479382,0.030280714,0.000124,0.000314389
4189,0.030584408,0.000920465,0.000509217,0.999385549,2.10E-05,0.999379597,0.999790744,0.999482409,0.020582786,0.000307528,0.000509217
4190,0.030584307,0.000922483,0.010514169,0.999267199,0.010314397,0.999482509,0.999980628,0.999482913,0.99927174,0.001133858,0.010514169
4191,0.030584206,0.00102025,0.98929746,0.020705071,0.999775408,0.010206137,0.010093336,0.999487554,0.999280316,0.979810907,0.98929746
4192,0.030584105,0.979692859,0.998974806,0.000118451,0.000107554,0.010398947,0.010897873,0.999487655,0.020690743,0.020194643,0.998974806
4193,0.030583904,0.001122659,0.998978337,0.989482199,0.999995056,0.010521635,8.48E-06,0.999487857,0.020706685,0.030280714,0.998978337
4194,0.030583803,0.001127401,0.020602561,0.010521837,0.000919658,0.000725738,0.988777851,0.020887993,0.020797692,0.03028142,0.020602561
4195,0.030583702,0.001129923,0.020901009,0.020610835,0.000428299,0.999383128,0.00062565,0.020893341,0.020802232,0.99948826,0.020901009
4196,0.030583601,0.001134867,0.999678952,0.989888301,0.01019746,0.020797087,0.999570793,0.020900908,0.02080647,0.999677035,0.999678952
4197,0.0305835,0.979793553,0.97909435,0.020595398,0.99999778,0.020897578,0.021097249,0.999567362,0.020806672,0.010908164,0.97909435
4198,0.030583399,0.97980566,0.030572906,0.01069578,0.001112368,0.999678044,0.021310642,0.999569683,0.020807983,0.989794166,0.030572906
4199,0.030583197,0.968799022,0.020183645,0.000714639,0.000322864,0.999772784,0.01052446,0.999570389,0.020809194,0.000316407,0.020183645
4200,0.030583097,0.968812643,0.010606589,0.010418319,0.020701943,0.01040722,0.010607093,0.999580983,0.99948261,0.001112973,0.010606589
4201,0.030582996,0.968909603,0.999871863,0.000728765,0.010110589,0.010618595,0.000115222,0.999581891,0.999486243,0.998875323,0.999871863
4202,0.030582895,0.968995969,0.010521534,0.989478768,0.010103425,0.000119661,0.00060537,0.999583203,0.99956938,0.999070454,0.010521534
4203,0.030582794,0.968997483,0.978888524,0.998966734,0.010192112,0.969210472,0.00111711,0.021001197,0.999571297,0.999389081,0.978888524
4204,0.030582693,0.969012819,0.979289683,0.000220557,0.001012179,0.020904944,0.020205035,0.021002206,0.020988586,0.999477868,0.979289683
4205,0.030582592,0.969206436,0.020797087,0.999877715,0.010105746,0.999681676,0.999277995,0.999671486,0.020993731,0.999581689,0.020797087
4206,0.030582289,0.030285658,0.999994955,0.001126291,0.001022773,0.000718877,0.021196026,0.999675118,0.020994337,0.021205207,0.999994955
4207,0.030582088,0.030289189,0.010602553,0.000712016,0.999674916,0.001127098,0.01101027,0.999678448,0.021011085,0.999876202,0.010602553
4208,0.030581987,0.969307533,0.989803247,0.000619395,0.011124988,0.9694052,0.001130024,0.999681979,0.99967532,0.010192112,0.989803247
4209,0.030581886,0.030385645,0.999176798,0.020399863,0.000720693,0.030488558,0.010595188,0.999684602,0.999686317,0.010606185,0.999176798
4210,0.030581785,0.030493603,0.989481593,0.000723014,2.05E-05,0.020287769,0.978685322,0.999687024,0.021108348,0.989288783,0.989481593
4211,0.030581684,0.969525366,0.020589949,0.989482501,0.020499547,0.998966431,0.000229032,0.999689142,0.021110971,0.011118328,0.020589949
4212,0.030581381,0.030588141,0.020601451,0.999078627,0.000828247,0.020507417,0.021193806,0.999690353,0.999774197,0.000932169,0.020601451
4213,0.03058128,0.030595103,0.999285461,0.020297253,0.00102812,0.02101048,0.999991928,0.999775307,0.999776921,0.001120036,0.999285461
4214,0.030581079,0.030596314,0.989288985,0.998981263,0.999988094,0.999777022,0.010292099,0.999776114,0.999787313,0.020896065,0.989288985
4215,0.030580978,0.020180618,0.010713235,0.989285958,0.000832485,0.010196753,0.011099663,0.999778132,0.021188459,0.021112888,0.010713235
4216,0.030580877,0.020181425,0.978994161,2.02E-05,0.010311975,0.010300675,0.979398246,0.999778838,0.021191687,0.021307918,0.978994161
4217,0.030580675,0.020197569,0.979205839,0.988983878,0.000908459,0.010817762,0.020684992,0.999783177,0.02119764,0.030584105,0.979205839
4218,0.030580473,0.020206346,0.030591874,0.001136683,0.000112599,0.97950913,0.999881247,0.999784286,0.02120218,0.010200486,0.030591874
4219,0.030580372,0.020290594,0.969624545,0.000823001,0.00061324,0.969311973,0.010515683,0.999785195,0.021209848,0.988880864,0.969624545
4220,0.030580171,0.020495512,0.02028,0.000505787,0.000211072,0.02060811,0.969110284,0.999790542,0.999881347,0.010605681,0.02028
4221,0.03058007,0.999165296,0.020408136,0.021190476,0.000816745,0.020894955,0.969114319,0.999875899,0.99988498,0.010805352,0.020408136
4222,0.030579767,0.999173165,0.978887314,0.001012179,0.010097775,0.999567261,0.020794665,0.999878018,0.999889621,0.030293931,0.978887314
4223,0.030579565,0.999176596,0.979300479,0.000925611,0.999770565,0.999689142,0.020999886,0.999878422,0.021300654,0.998973393,0.979300479
4224,0.030579464,0.02058662,0.000934591,0.020999079,0.000230041,0.010314901,0.989596513,0.999878522,0.021303075,0.020492989,0.000934591
4225,0.030579363,0.020587528,0.999089322,0.999072876,0.010395617,0.010717372,1.05E-05,0.999879027,0.021304387,0.020791033,0.999089322
4226,0.030579061,0.020590555,0.999180934,0.999368195,0.001019645,0.989685805,0.000407111,0.999879531,0.021305093,0.021302773,0.999180934
4227,0.030578859,0.020592472,0.99928415,0.01070143,0.999685914,8.27E-06,0.968802957,0.999882054,0.021307918,0.999998184,0.99928415
4228,0.030578758,0.020597012,0.999678044,0.000523544,0.999880036,0.010604268,0.020285045,0.999885686,0.021316898,0.010416099,0.999678044
4229,0.030578556,0.999269016,0.999680869,0.98947897,0.000117946,0.999281829,0.0210128,0.999886897,0.99997296,0.989085379,0.999680869
4230,0.030578455,0.999275473,0.988995078,0.999281627,0.999987287,0.021008462,0.999871359,0.999890226,0.999989103,0.989192933,0.988995078
4231,0.030578354,0.999285562,0.969101001,0.989882147,0.000911385,0.010311067,0.021317402,0.999893758,0.999989709,0.000424667,0.969101001
4232,0.030578254,0.020684084,0.020206145,0.030582289,0.001010766,0.000522636,0.999993644,0.999972456,0.030482202,0.000725738,0.020206145
4233,0.030578153,0.020684992,0.020698815,0.000815434,0.000313582,0.97930744,0.03057674,0.999972657,0.030578153,0.001135069,0.020698815
4234,0.030578052,0.020689432,0.020801526,0.999871056,0.999685107,0.999980628,0.989176588,0.999973263,0.010204522,0.030380096,0.020801526
4235,0.030577951,0.020700127,0.99979256,0.000231453,0.010311269,0.010301381,0.011210547,0.999973465,0.010208861,0.020702649,0.99979256
4236,0.03057785,0.020705575,0.010807168,0.998980759,0.999893152,0.979693263,0.989899904,0.999975785,0.010309756,0.021001702,0.010807168
4237,0.030577749,0.020705878,0.000224895,0.020687515,1.26E-05,0.001112973,0.978792674,0.999979317,0.988979741,0.021007957,0.000224895
4238,0.030577648,0.999369709,0.979400667,0.99906662,0.020490971,0.010718381,0.030286162,0.999980628,0.988983676,0.021215196,0.979400667
4239,0.030577547,0.999380505,0.969423361,0.001122659,0.999995662,0.010800005,0.999975785,0.999982444,0.989083159,0.021306506,0.969423361
4240,0.030577346,0.999384339,0.999086799,0.00061324,1.84E-05,0.010805554,0.02060468,0.999985168,0.010503676,0.999985068,0.999086799
4241,0.030577245,0.999389686,0.02068812,0.020602158,0.000706568,0.000621211,0.020794564,0.999988094,0.010506501,0.010413577,0.02068812
4242,0.030577144,0.999389888,0.999378588,0.00051295,0.01030229,0.000715144,0.99988619,0.999989709,0.010514875,0.010897974,0.999378588
4243,0.030577043,0.020787704,0.999478575,0.000213494,0.000209155,0.999269823,0.030479376,0.999994249,0.989190511,1.49E-05,0.999478575
4244,0.030576841,0.020795876,0.020896569,0.000313077,0.00021874,0.020896065,0.010409541,0.999997377,0.010594683,0.000213393,0.020896569
4245,0.03057674,0.020799004,0.999570591,0.000510831,0.999991626,0.010901606,0.010517398,0.030473424,0.010595793,0.000422145,0.999570591
4246,0.030576437,0.020801829,0.999891538,0.010704457,1.72E-06,0.97950015,0.011001088,0.010096867,0.010605176,0.001110652,0.999891538
4247,0.030576236,0.99946677,0.030577346,0.999882558,0.010707888,0.001031752,0.011004519,0.010101508,0.010610726,0.020492081,0.030577346
4248,0.030576135,0.999486747,0.010395315,0.020886379,0.02109503,0.020182535,0.011009362,0.010102921,0.010702742,0.020590555,0.010395315
4249,0.030576034,0.999487151,0.979498435,0.030384636,0.001026203,0.02028222,5.25E-06,0.010106553,0.010797684,0.020704162,0.979498435
4250,0.030575832,0.999587138,0.000915925,0.999888007,0.020385738,0.020590857,2.02E-05,0.01010847,0.010812314,0.021305497,0.000915925
4251,0.030575731,0.020988989,0.999971749,0.998973898,0.999478675,0.020601048,0.969201593,0.988780171,0.010898983,0.01031359,0.999971749
4252,0.03057563,0.030375757,0.978790454,0.99987378,0.999581185,0.999278197,0.998977631,0.98878572,0.010909274,0.988986804,0.978790454
4253,0.030575529,0.021008664,0.000519004,0.999989204,0.999876404,0.020797591,0.021289656,0.988786326,0.010916236,0.010716968,0.000519004
4254,0.030575429,0.021011388,0.999675421,0.000709998,0.020296244,0.020994639,0.030389782,0.010205329,0.989585011,0.011027624,0.999675421
4255,0.030575227,0.999669771,0.010817359,0.998864931,0.010999171,0.010194937,0.020698714,0.988874306,0.989591569,0.030290703,0.010817359
4256,0.030575126,0.999672596,0.989490876,0.999280518,0.999779847,0.988974798,0.999383128,0.988886817,0.989694381,0.998875929,0.989490876
4257,0.030574823,0.021091801,0.020492485,0.021310743,0.000123193,0.010505391,0.021118135,0.010291494,0.989697206,0.999567463,0.020492485
4258,0.030574722,0.021100377,0.021007756,0.020598727,0.000816947,0.010514875,0.000108361,0.0102922,0.01110612,0.999679759,0.021007756
4259,0.030574621,0.021113695,0.969622528,0.020591866,0.000525461,0.020283834,0.979394715,0.01029331,0.989801027,0.021108247,0.969622528
4260,0.03057442,0.999769959,0.020485321,0.999690858,0.01031359,0.020496521,0.020298363,0.010294319,1.98E-05,0.010709805,0.020485321
4261,0.030574319,0.999779242,0.020694073,0.999082864,0.0009356,0.999286773,0.999486142,0.010298355,0.000109572,0.989496324,0.020694073
4262,0.030574218,0.021198952,0.999785699,0.999183154,0.020599938,0.999477465,0.999870653,0.010315406,0.000115424,0.000126018,0.999785699
4263,0.030574117,0.021200869,0.999994854,0.989685502,0.011001088,0.99987267,0.021307313,0.98897954,0.000123294,0.000824514,0.999994854
4264,0.030573915,0.021207528,0.010513463,0.999086698,0.000711915,0.010095858,0.01041287,0.030278595,0.000218135,0.030473323,0.010513463
4265,0.030573814,0.021209747,0.999387063,0.020898789,0.999979922,0.010511344,0.000614249,0.010395315,0.000315801,0.020493191,0.999387063
4266,0.030573612,0.999880944,0.020796784,0.020792143,0.000709191,0.010517499,0.968908292,0.010398745,0.000319232,0.999468384,0.020796784
4267,0.030573512,0.999882054,0.978905374,0.989897583,1.38E-05,0.010599022,0.001127805,0.010402781,0.000322259,0.99979034,0.978905374
4268,0.030573411,0.999884879,0.020586822,0.000408423,0.000226711,0.000323167,0.03059813,0.010405202,0.978996381,0.999986379,0.020586822
4269,0.03057331,0.999892749,0.999269217,0.989185971,1.45E-05,0.000420833,0.020192524,0.010418622,0.978999105,0.989085278,0.999269217
4270,0.030573108,0.021297627,0.010616779,0.999089422,0.000510831,0.9994815,0.020500859,0.98907539,0.979088196,0.010616376,0.010616779
4271,0.030573007,0.021312257,0.989684291,0.001026506,0.010313892,0.999984462,0.020807883,0.010493486,0.979208362,0.989287673,0.989684291
4272,0.030572906,0.021318411,0.000610617,0.999873881,1.25E-05,0.01009606,0.021003821,0.010509427,0.00062565,0.010718784,0.000610617
4273,0.030572503,0.99997407,0.001118119,0.989397144,0.999880742,0.010904734,0.999893455,0.010514169,0.979592671,0.000219749,0.001118119
4274,0.030572402,0.999989103,0.021006343,0.021113594,0.011217609,0.000813113,0.010396626,0.010516691,0.979612446,0.001112267,0.021006343
4275,0.0305722,0.999993341,0.030490878,9.28E-06,0.011017837,0.001117816,0.010599022,0.01051881,0.00102025,0.001117816,0.030490878
4276,0.030571998,0.999993644,0.020182132,0.989494306,0.000418815,0.969408025,0.010907761,0.010520425,0.001124677,0.020484918,0.020182132
4277,0.030571897,0.030471305,0.999273556,0.999883668,0.000817855,0.999780251,0.978683102,0.010595793,0.001134766,0.020504088,0.999273556
4278,0.030571796,0.030481798,0.989293021,0.988998306,0.999688436,0.010107259,0.999579066,0.010599324,0.979802028,0.999486243,0.989293021
4279,0.030571695,0.010108975,0.010809287,0.010099692,0.999781966,0.99897309,0.021089985,0.010600838,0.979812218,0.999575434,0.010809287
4280,0.030571595,0.988774925,0.98958945,0.020805764,0.000415687,0.999675118,0.030472516,0.010604268,0.96890133,0.021008664,0.98958945
4281,0.030571494,0.010206338,0.00021531,0.999085689,0.999775206,0.999982545,0.988791774,0.010607093,0.030269717,0.988973284,0.00021531
4282,0.030571191,0.010299364,0.000827743,0.989381102,0.999079131,0.010103829,0.989381505,0.010608607,0.030286465,0.01081413,0.000827743
4283,0.030497437,0.010301079,0.020196661,0.000109269,0.999992433,0.979592267,0.000415687,0.010611533,0.969304506,0.989886081,0.020196661
4284,0.030497336,0.98898075,0.020593884,0.999469797,0.011216197,0.998862207,0.001117816,0.010612037,0.030371923,3.33E-06,0.020593884
4285,0.030497235,0.988996995,0.020601754,0.000629585,0.010719692,0.020702952,0.968706603,0.010619604,0.030380298,2.15E-05,0.020601754
4286,0.030497033,0.010396425,0.020607202,0.03037717,0.999876202,0.999378588,0.020897881,0.010622631,0.030389983,0.000208146,0.020607202
4287,0.030496024,0.989083159,0.999482106,0.988986501,0.011108945,0.999389182,0.999576342,0.989276474,0.969415491,0.000725334,0.999482106
4288,0.030495923,0.010517499,0.999781058,0.999685107,0.999471411,0.999793972,0.020999482,0.989285252,0.030484421,0.979508121,0.999781058
4289,0.030495721,0.989188998,1.18E-05,0.99897531,0.000930454,0.020197569,0.989079728,0.989293021,0.969712829,0.000917338,1.18E-05
4290,0.030495621,0.010621017,1.21E-05,0.010091217,0.000610415,0.999275675,0.999672091,0.989293525,0.020191818,0.001033165,1.21E-05
4291,0.03049552,0.010711217,0.000508612,0.999678548,0.000715245,0.0210128,0.999680869,0.010703246,0.998861803,0.02058662,0.000508612
4292,0.030495318,0.010716968,0.979398246,0.999883365,0.000929949,0.01019746,0.99997407,0.01070365,0.998864931,0.020608514,0.979398246
4293,0.030495217,0.989381505,0.00093338,0.99967875,0.001028726,0.989185366,0.999987691,0.010704457,0.99886937,0.999468182,0.00093338
4294,0.030495116,0.989387458,0.979597514,0.998969458,0.000317315,0.001132547,0.999999092,0.010707888,0.998870783,0.010704356,0.979597514
4295,0.030494914,0.989400676,0.001009556,0.999585927,0.010107663,0.020887489,0.978783089,0.010714849,0.998875525,0.020485725,0.001009556
4296,0.030494511,0.010796978,0.030383223,0.998977227,0.999474539,0.999989002,0.97949006,0.010797281,0.020294932,0.020892029,0.030383223
4297,0.030494309,0.989479273,0.969420637,0.001019544,0.999683291,0.978786822,0.030585922,0.010800005,0.998961689,0.999991525,0.969420637
4298,0.030494208,0.989487143,0.030483513,0.020280303,0.999769758,0.000908156,0.969717772,0.010802224,0.020384527,0.010802527,0.030483513
4299,0.030494107,0.989581782,0.999069344,1.45E-05,0.999370819,0.030491585,0.020396836,0.010814029,0.020389874,0.010913209,0.999069344
4300,0.030494006,0.989596513,0.020604983,0.98898408,0.000120368,0.020807883,0.020497429,0.989477558,0.9990643,1.28E-05,0.020604983
4301,0.030493804,0.011003914,0.020896166,0.999372937,0.99907449,0.010403386,0.021108348,0.989495719,0.999073279,1.40E-05,0.020896166
4302,0.030493704,0.011015416,0.020904944,0.989275969,0.020993126,0.000419824,0.010904835,0.989496526,0.030280109,0.000508814,0.020904944
4303,0.030493603,0.01102268,0.999673806,0.020804553,0.000117341,0.03028586,0.011201264,0.01090201,0.999164287,0.030390084,0.999673806
4304,0.030493401,0.989681668,0.999999193,0.010101508,0.000520517,0.020284641,0.999271538,0.010906247,0.999175587,0.999276078,0.999999193
4305,0.0304933,0.989685502,0.010193727,0.020392094,0.030383829,0.999972657,0.021203593,0.010909879,0.999183255,0.999278096,0.010193727
4306,0.030492795,0.989692161,0.01029785,0.000309849,0.000205523,0.010913209,0.000719583,0.010914319,0.020591866,0.999871157,0.01029785
4307,0.030492695,0.011104102,0.010901101,0.988981961,1.07E-05,0.000422246,0.979693263,0.9895838,0.020609826,0.999976088,0.010901101
4308,0.030492594,0.989794872,0.010912805,0.998980658,0.999689344,0.030385746,0.020181728,0.989686108,0.999264374,0.9999774,0.010912805
4309,0.030492493,0.011214381,0.978694402,0.00021985,0.010311168,0.010404799,0.02040854,0.989694078,0.020688625,0.989288278,0.978694402
4310,0.030492392,0.011224571,0.97890497,0.989395126,0.020489357,0.010415494,0.999997982,0.989784581,0.020690239,2.32E-06,0.97890497
4311,0.030492291,2.83E-06,0.000908156,0.010416099,0.000212081,0.989390586,0.988998003,0.989792754,0.02069145,0.979795772,0.000908156
4312,0.03049219,1.23E-05,0.9697209,0.02131488,1.44E-05,0.001136582,0.01121206,0.989796386,0.020695788,0.030382315,0.9697209
4313,0.030492089,0.0001015,0.999273455,0.01070365,0.000117038,0.999377074,0.011217912,0.98988255,0.020701539,0.020493695,0.999273455
4314,0.030491887,0.000119661,0.010297043,0.020700429,0.010198065,0.020784677,0.000818864,0.989885375,0.99938,0.020688019,0.010297043
4315,0.030491787,0.000216622,0.010618595,0.000831879,0.020792345,0.020791538,0.979600742,0.98988588,0.999382825,0.999383531,0.010618595
4316,0.030491686,0.000413367,0.989290195,0.989692767,6.56E-06,0.989085177,0.979697803,0.989897684,0.020791538,0.999487655,0.989290195
4317,0.030491585,0.000419925,0.000617578,0.998860996,0.020390783,0.001126392,0.020293419,2.83E-06,0.020794665,0.999769253,0.000617578
4318,0.030491484,0.000428703,0.001114184,0.000724224,0.999680768,0.999975483,0.999981133,6.15E-06,0.020802737,0.021299746,0.001114184
4319,0.030491383,0.979604677,0.999282737,0.030279907,0.998976925,0.999998688,0.010809287,1.05E-05,0.020812625,0.010103425,0.999282737
4320,0.030491282,0.001021158,0.020810909,0.999891841,0.000934591,0.010103325,0.011210042,1.91E-05,0.999470604,0.010309756,0.020810909
4321,0.030491181,0.00111711,0.010415494,0.011099865,0.010102719,0.010721206,0.020396332,1.99E-05,0.99947585,0.01071273,0.010415494
4322,0.03049108,0.001117311,0.000114112,0.999168322,0.010702237,0.000809178,0.989290095,2.18E-05,0.020901917,0.030385847,0.000114112
4323,0.030490979,0.001132042,0.02049531,0.000813214,0.000609608,0.998964514,1.01E-05,0.978691174,0.999580479,0.999383935,0.02049531
4324,0.030490878,0.96859582,0.030280109,0.000609608,0.999388677,0.020894854,0.000615056,0.000102913,0.999585927,0.021107339,0.030280109
4325,0.030490778,0.968796702,0.020688625,0.010113212,2.17E-05,0.010310967,0.979495105,0.000219749,0.020996254,0.02130701,0.020688625
4326,0.030490677,0.030282127,0.020886177,0.000817653,1.66E-05,0.010403487,0.03047524,0.00022318,0.021004325,0.011006537,0.020886177
4327,0.030490576,0.030286364,0.999873579,0.999992433,0.011099865,0.010698504,0.969525467,0.000303492,0.99967875,0.011212464,0.999873579
4328,0.030490273,0.969418619,0.010695982,0.000221868,0.020287668,1.65E-05,0.020186874,0.000307528,0.999685712,0.000113709,0.010695982
4329,0.030490172,0.030488961,0.978903961,0.998874213,0.010301987,0.979491776,0.020611944,0.000317214,0.021087866,0.000303492,0.978903961
4330,0.030490071,0.03058572,0.978904466,0.989286059,0.010300776,0.020401074,0.02089667,0.000411551,0.02109846,0.979397842,0.978904466
4331,0.03048997,0.020188286,0.010518205,0.02028908,0.999890327,0.979085471,0.011111165,0.000418916,0.02111531,0.000823404,0.010518205
4332,0.030489769,0.998865436,0.979096873,0.030480486,0.001126997,0.030286364,0.011118328,0.00041932,0.021118135,0.979698913,0.979096873
4333,0.030489668,0.020284641,0.030290299,0.020287567,0.000614249,0.020386444,0.968899009,0.00043173,0.999769858,0.030385443,0.030290299
4334,0.030489567,0.998964514,0.999176898,0.999468081,0.999988599,0.999974978,0.021110265,0.979095964,0.021194815,0.030277284,0.999176898
4335,0.030489466,0.998977227,0.999369608,0.000310353,1.34E-05,0.999483619,0.010695477,0.000515069,0.021198044,0.020686001,0.999369608
4336,0.030489365,0.020407531,0.999467375,0.020405412,0.000107453,0.999994552,0.969303699,0.000516583,0.021199456,0.020885673,0.999467375
4337,0.030489062,0.9990643,0.020988888,0.001025396,9.18E-06,0.010089502,0.030274358,0.000526773,0.021202887,0.010292099,0.020988888
4338,0.030488961,0.020498639,0.999986581,0.99896744,5.55E-06,0.989588038,0.020690743,0.000617881,0.021203795,9.38E-06,0.999986581
4339,0.030488861,0.030278091,0.010711621,0.999370213,0.999579873,0.000425575,0.020892029,0.000619596,0.021203996,0.978993859,0.010711621
4340,0.03048876,0.020504289,0.010813222,0.020693569,0.010595692,0.000627466,0.020908475,0.000623935,0.021204299,0.999371121,0.010813222
4341,0.030488659,0.999176898,0.989585616,0.000607186,0.000613139,0.969004747,0.999974877,0.000712319,0.021206821,0.999578965,0.989585616
4342,0.030488558,0.999178008,1.79E-05,0.010703145,0.010911998,0.999172459,0.010906853,0.00072039,0.021208133,0.021090187,1.79E-05
4343,0.030488457,0.020604882,0.979701839,0.99916691,0.999578562,0.999478474,0.011215894,0.000722307,0.021214994,0.021109155,0.979701839
4344,0.030488356,0.02060922,0.969098277,0.989396236,0.000930353,0.010099995,0.979597514,0.000723014,0.999870249,0.99999102,0.969098277
4345,0.030488154,0.020612247,0.03027466,0.000929949,0.000608901,0.000218135,0.969523953,0.000811902,0.999872368,0.010308848,0.03027466
4346,0.030488053,0.999265282,0.020793455,0.989394521,0.010301381,0.00061324,0.999989204,0.000813113,0.999885686,0.989387156,0.020793455
4347,0.030487852,0.999282233,0.010192617,0.000230041,0.00051063,0.00071242,0.010813222,0.000824514,0.021297526,0.000317517,0.010192617
4348,0.030487751,0.020689835,0.010616376,0.999273859,0.000927931,0.979709003,0.01100694,0.000826936,0.021311651,0.020402385,0.010616376
4349,0.03048765,0.020698311,0.001012986,0.010310462,0.010802224,0.969722817,0.020611036,0.000829962,0.021314678,0.999780352,0.001012986
4350,0.030487549,0.99938,0.020784677,0.998982676,0.011208831,0.021010984,0.020906053,0.979500251,0.021314981,0.999784286,0.020784677
4351,0.030487448,0.999380404,0.000317012,0.000726747,0.001117715,0.020707492,0.021000996,0.000912999,0.999977702,0.999793468,0.000317012
4352,0.030487347,0.999382018,0.978997794,0.999070959,1.21E-06,0.020812826,0.02120097,0.0009244,0.999986783,0.999987893,0.978997794
4353,0.030487246,0.020785181,0.979304111,0.99897864,0.000415082,0.999686317,0.021297526,0.000930353,0.999992836,0.010092125,0.979304111
4354,0.030487145,0.020798398,0.020797591,0.020598021,0.9999775,0.97981575,0.011108643,0.001010161,0.999999899,0.99886937,0.020797591
4355,0.030487044,0.020806773,0.999474236,0.00010372,0.010192314,0.998977328,0.030384737,0.001016416,0.030574117,0.020496016,0.999474236
4356,0.030486944,0.999477767,0.999975785,0.020201604,0.999891538,0.020395424,0.999175082,0.001018031,0.010090107,0.02050096,0.999975785
4357,0.030486843,0.999483821,0.01090211,0.021090792,0.000230545,0.020684286,0.02110744,0.001019645,0.010100096,0.999569683,0.01090211
4358,0.030486742,0.999484426,0.000414981,0.000226812,0.000104225,0.020805663,0.030473525,0.001026001,0.010108268,0.021008058,0.000414981
4359,0.03048654,0.999484729,0.968905164,0.999794981,5.45E-06,0.020905246,0.010091217,0.979693667,0.010198065,0.999881448,0.968905164
4360,0.030486439,0.999488664,0.030378683,0.999568876,0.0004171,0.999772381,0.010401167,0.001112973,0.988882378,0.021308725,0.030378683
4361,0.030486338,0.02089324,0.010712529,0.999995056,0.000220254,0.999787112,0.989281115,0.001114688,0.010291494,0.010106553,0.010712529
4362,0.030486136,0.020895359,0.000414578,0.000213998,0.01019978,0.969519816,0.000112599,0.001123163,0.010293411,0.010412063,0.000414578
4363,0.030486036,0.999577553,0.979099193,0.99999778,1.49E-05,0.999367086,0.030290299,0.00112952,0.01030461,0.010898579,0.979099193
4364,0.030485935,0.021001702,0.97939986,0.998962698,0.000925813,0.010520425,0.999184566,0.979808384,0.010407826,0.000421943,0.97939986
4365,0.030485733,0.999670477,0.00090856,0.98990616,0.999688234,0.010615367,0.020794766,0.030271634,0.010505593,0.00043173,0.00090856
4366,0.030485632,0.99967643,0.999277995,0.989486234,0.999690858,0.989892438,0.021010682,0.030282127,0.989275969,0.979495307,0.999277995
4367,0.030485531,0.999680566,0.999570389,0.999974171,0.999894262,0.000716758,0.030473222,0.030282732,0.010694973,0.020698411,0.999570389
4368,0.03048543,0.999690757,0.99957614,0.999890226,0.000121175,0.979705976,0.030480991,0.030283539,0.01069578,0.999384036,0.99957614
4369,0.030485329,0.021114402,0.01081978,0.021196732,0.99957614,0.020892937,0.988787335,0.030284245,0.010711419,0.999777627,0.01081978
4370,0.030485228,0.999772885,0.000211375,0.000214906,0.000420833,0.999690353,0.01030007,0.030293629,0.989385541,0.99998305,0.000211375
4371,0.030485027,0.999787818,0.000823909,0.99958623,0.010209063,0.999996166,0.010507611,0.030384434,0.989390082,0.010525066,0.000823909
4372,0.030484926,0.999795688,0.979707187,0.00073159,0.999794073,0.989297056,0.020289888,0.020180618,0.989396438,0.010905036,0.979707187
4373,0.030484724,0.021190174,0.968800031,0.999285461,0.000231958,0.010702944,0.02100604,0.020182132,0.989485528,0.010908063,0.968800031
4374,0.030484421,0.999877614,0.02048633,0.030273853,0.001019544,0.01089979,0.010414888,0.02019323,0.010999878,0.011216903,0.02048633
4375,0.03048432,0.999878422,0.999173468,0.989799413,0.999871157,0.020487743,0.010416099,0.020193533,0.0110024,8.07E-06,0.999173468
4376,0.030484219,0.999878724,0.030475542,0.999994854,0.01080848,0.020492989,0.989085278,0.020196257,0.011004922,0.000629585,0.030475542
4377,0.030484119,0.999880843,0.989094964,0.999086295,0.999389081,0.010414081,0.010512252,0.020201907,0.011008454,0.000710301,0.989094964
4378,0.030484018,0.999885282,0.979389065,0.989493196,0.999678145,0.0010146,0.010608203,0.020203824,0.011009765,0.000712319,0.979389065
4379,0.030483816,0.999886998,0.999085689,0.000431326,0.000813214,0.01070587,0.010613046,0.020204833,0.011025404,0.00091986,0.999085689
4380,0.030483614,0.999889217,0.999275473,0.989899803,0.999784286,0.999278702,0.010718381,0.020284641,0.011027624,0.001032963,0.999275473
4381,0.030483513,0.999893758,0.020689835,0.000418916,0.010415696,0.020787199,0.030597525,0.020286558,0.989697912,0.030485531,0.020689835
4382,0.030483412,0.999893959,1.21E-06,0.999881045,0.010711318,0.010713235,0.999070151,0.020287163,0.989788516,0.020383518,1.21E-06
4383,0.030483311,0.021311248,0.000714438,0.03027456,0.000505787,0.010713437,0.021189871,0.020289686,0.989805971,0.999165296,0.000714438
4384,0.030483009,0.021323355,0.020893845,0.999672596,0.011218517,0.000627668,0.999991222,0.020293015,0.011208529,0.99978126,0.020893845
4385,0.030482807,0.999975483,0.999671284,0.011214885,0.999974171,0.030495318,0.010090814,0.998972182,0.011209336,0.021204703,0.999671284
4386,0.030482706,0.999978106,0.010307032,0.989295442,0.000226812,0.010317323,0.010403487,0.998976521,0.011210849,0.021210655,0.010307032
4387,0.030482504,0.030475744,0.979494096,0.999078223,0.999997074,0.02038372,0.978696622,0.020381198,0.011223057,0.02121681,0.979494096
4388,0.030482403,0.030574319,0.020609321,0.00082633,0.000629585,0.999269621,0.000319232,0.020395424,0.989885577,0.010395718,0.020609321
4389,0.030482302,0.010105443,0.999386356,0.011202778,0.000709494,0.0207986,0.000813214,0.020401679,0.989891025,0.011007445,0.999386356
4390,0.030482202,0.988780171,0.020807277,0.030375858,0.000510428,0.01060215,0.030488558,0.020402789,0.989902729,0.011019048,0.020807277
4391,0.030482101,0.030271936,0.021003114,0.020785787,0.000205826,0.999079737,0.998863821,0.020405211,1.01E-05,0.0111151,0.021003114
4392,0.030482,0.010206237,0.010697294,0.000613644,0.001120237,0.020614265,0.020597718,0.999064703,1.79E-05,0.989785994,0.010697294
4393,0.030481899,0.9888736,0.000521325,0.998973393,0.000120065,0.999382724,0.021193503,0.999067831,2.16E-05,0.969710407,0.000521325
4394,0.030481798,0.010297043,0.020504088,0.020385738,0.000825321,0.010205935,0.021195219,0.99907116,0.000107453,0.998982776,0.020504088
4395,0.030481596,0.010298355,0.999184264,0.000830669,0.020785787,0.010306729,0.989089011,0.999079737,0.00011613,0.020390984,0.999184264
4396,0.030481495,0.988998306,0.99938898,0.020290997,0.000307528,0.010395315,0.010698101,0.999083369,0.978783291,0.03027799,0.99938898
4397,0.030481293,0.989091432,2.42E-06,0.010594482,0.00090856,0.010711621,0.010711822,0.030275569,0.978799131,0.999573315,2.42E-06
4398,0.030481193,0.010506804,0.998862005,0.989893144,0.99979256,0.010800106,0.010911796,0.02048744,0.000227014,0.021087362,0.998862005
4399,0.030480991,0.010508519,0.020591765,0.999070353,0.999779343,0.989794166,0.011103396,0.020492888,0.978890643,0.99977682,0.020591765
4400,0.030480789,0.989181128,0.020895157,0.020200999,0.99998991,0.020699824,0.00051295,0.020500254,0.000322864,0.999890832,0.020895157
4401,0.030480688,0.989187283,0.999787212,0.999975785,0.999989204,0.999878321,0.968800031,0.020500859,0.000419925,0.999981133,0.999787212
4402,0.030480587,0.010598013,0.010714748,0.989385541,0.000229435,0.999879733,0.999272042,0.020505097,0.979098285,0.988987006,0.010714748
4403,0.030480486,0.010598416,0.000629484,0.030581381,0.999681071,0.010100903,0.000303997,0.999164387,0.000526975,0.011025404,0.000629484
4404,0.030480385,0.010603158,0.99928304,0.989399263,0.999871056,0.010798189,0.979089608,0.999176798,0.000609406,0.989789323,0.99928304
4405,0.030480285,0.010612945,0.020699017,0.989283032,0.000406607,0.010808379,0.000917136,0.999176898,0.000625751,4.74E-06,0.020699017
4406,0.030480083,0.010613046,0.999575131,0.000515876,0.010101508,0.0009244,0.001010565,0.999181842,0.979304212,0.000228325,0.999575131
4407,0.030479982,0.989278996,0.999687225,0.020998675,0.000515674,0.001127401,0.969003436,0.999185172,0.000706568,0.020284237,0.999687225
4408,0.030479881,0.98929181,0.010201495,0.011204089,0.001125181,0.020196358,0.02029352,0.020585005,0.000707779,0.020700127,0.010201495
4409,0.03047978,0.010717573,0.010908063,0.000424667,0.011015819,0.999066519,0.021007655,0.020587124,0.000823909,0.999573214,0.010908063
4410,0.030479376,0.010718381,0.000427593,0.020795674,0.020399863,0.99926952,0.021102092,0.020589445,0.000824514,0.021092507,0.000427593
4411,0.030479276,0.010909778,0.979104339,0.000406607,0.000404085,0.999975382,0.988882378,0.020594893,0.97949793,0.999776316,0.979104339
4412,0.030479175,0.011002097,0.968997281,0.999170643,0.000305308,0.010909577,0.989092239,0.020598021,0.001116504,0.021211059,0.968997281
4413,0.030478973,0.01100462,0.030280311,0.020287163,0.999889621,0.020405614,0.011008252,0.02060811,0.979807073,0.999973465,0.030280311
4414,0.030478872,0.011016727,0.989289691,0.989184357,0.010312177,0.999282435,0.0111038,0.999268511,0.968905164,0.030575227,0.989289691
4415,0.030478771,0.989689639,0.978889432,0.999683089,0.011003308,0.020889103,0.969617584,0.999272244,0.030283438,0.989585919,0.978889432
4416,0.03047867,0.011103396,0.999276885,0.988986804,0.000627163,0.999991828,0.020406926,0.999276482,0.030374042,2.22E-06,0.999276885
4417,0.030478569,0.011109046,0.02069821,0.999875092,0.989885678,0.030379793,0.02070275,0.999278702,0.030592984,1.73E-05,0.02069821
4418,0.030478468,0.989788516,0.999581992,0.998863619,0.999680365,0.030380499,0.02079295,0.999279811,0.969617079,0.000113406,0.999581992
4419,0.030478368,0.01121095,0.999680465,0.99999102,0.000210265,0.020188488,0.999988801,0.999280417,0.96971071,0.00092218,0.999680465
4420,0.030478267,0.011219223,0.999895271,0.000404085,0.000925611,0.020804755,0.01070032,0.999283343,0.969722817,0.030590563,0.999895271
4421,0.030478065,0.98988255,0.999974776,0.021201979,0.000122587,0.99987146,0.979796983,0.999287177,0.0201898,0.999278903,0.999974776
4422,0.030477762,0.98988477,0.989697912,0.999876404,0.999179824,0.010112506,0.02109614,0.020685396,0.020194441,0.999387265,0.989697912
4423,0.030477661,0.989891933,0.000227014,0.020792748,0.011215591,0.00111711,0.010396425,0.020697604,0.998863922,0.021214893,0.000227014
4424,0.03047756,6.26E-06,0.969206436,0.021211362,0.000715144,0.969304406,0.010808379,0.020700833,0.020287264,0.988992454,0.969206436
4425,0.030477459,1.25E-05,0.020390278,0.020498236,0.000612836,0.030581886,0.000119561,0.020704364,0.020289888,0.010897671,0.020390278
4426,0.030477157,1.44E-05,0.99926609,0.00031005,0.000513253,0.020201201,0.97959822,0.999367086,0.020290796,0.000807967,0.99926609
4427,0.030477056,1.91E-05,0.999380505,0.989584204,0.999786304,0.020391691,0.001117715,0.999372433,0.020297152,0.020291704,0.999380505
4428,0.030476753,0.000111993,0.999483619,0.998973696,0.021090792,0.020493695,0.020489559,0.999374047,0.998968348,0.020507518,0.999483619
4429,0.030476652,0.000230041,0.010193928,0.000408827,1,0.999366884,0.010517196,0.999376973,0.998970165,0.011224874,0.010193928
4430,0.030476551,0.00032236,0.979792745,0.021203795,0.999795788,0.020786695,0.989397245,0.999379092,0.9989742,0.00071696,0.979792745
4431,0.03047645,0.00040358,0.030388874,0.000613139,0.999974877,0.999680465,0.010906146,0.999380807,0.020382408,0.020181728,0.030388874
4432,0.03047635,0.000421539,0.999369709,0.999886695,1.57E-05,0.999988599,0.010914218,0.999381413,0.999080645,0.020203118,0.999369709
4433,0.030476249,0.000424264,0.020991713,0.98988255,0.021092709,0.010620109,0.011120346,0.999381614,0.020485523,0.999274262,0.020991713
4434,0.030476047,0.000428804,0.979815245,0.000930353,0.001124879,0.01090201,0.978802461,0.999386356,0.020486734,0.020808488,0.979815245
4435,0.030475946,0.000429308,0.968808708,0.000516381,0.999669266,0.000104225,0.978998903,0.999386861,0.020501061,0.999569077,0.968808708
4436,0.030475845,0.979097579,0.969208353,0.010514774,0.020990503,0.979495307,0.001120237,0.020786493,0.02050661,0.999675118,0.969208353
4437,0.030475744,0.979390376,0.010301583,0.99937213,0.000408827,0.001019847,0.020499648,0.020791033,0.999178311,0.99998537,0.010301583
4438,0.030475643,0.000812104,0.989799413,0.01059549,0.999481702,0.001021158,0.021012599,0.020793455,0.99918154,0.98897954,0.989799413
4439,0.030475542,0.000820377,0.000720592,0.989580975,0.020789217,0.969514671,0.999893152,0.020797995,0.999183154,0.010509932,0.000720592
4440,0.030475442,0.000825725,0.00112952,0.021092003,0.000414981,0.99928415,0.988987107,0.020801223,0.020593884,0.011016122,0.00112952
4441,0.030475341,0.000827036,0.020286356,0.020804755,0.03037273,0.999487958,0.011009765,0.020807277,0.999269116,0.01110612,0.020286356
4442,0.03047524,0.979508121,0.020402385,0.999687629,0.020802031,0.020993731,0.011014507,0.020809093,0.999273354,0.000410744,0.020402385
4443,0.030475139,0.000908156,0.988980952,0.989585616,0.000716758,0.010302895,0.979194337,0.999470402,0.999273859,0.000617377,0.988980952
4444,0.030475038,0.000921373,0.998977631,0.000313582,0.010306527,0.979392495,0.969621317,0.999471007,0.999274161,0.979311577,0.998977631
4445,0.030474937,0.000925006,0.020797995,0.000930454,0.000529194,0.001134665,0.969621418,0.999472218,0.999275977,0.030269515,0.020797995
4446,0.030474836,0.001036999,0.000104729,0.010097775,0.000414578,0.020688322,0.021292481,0.999477162,0.020687817,0.020199183,0.000104729
4447,0.030474735,0.001135775,0.030384031,0.998978337,0.000417201,0.010593977,0.989490876,0.99948372,0.020696293,0.02028343,0.030384031
4448,0.030474634,0.968694596,0.999382018,0.000927931,1.33E-05,0.000227014,0.011107835,0.020902926,0.020708905,0.020382106,0.999382018
4449,0.030474533,0.969004546,0.988992152,0.020892533,0.999881045,0.00042497,0.000405094,0.999571196,0.999374552,0.020382913,0.988992152
4450,0.030474433,0.969011709,0.969301782,0.989596311,0.0110137,0.000910578,0.979494197,0.999575434,0.999381614,0.021211362,0.969301782
4451,0.030474332,0.96920795,0.999089523,0.000715447,0.999669468,0.968609037,0.001010665,0.999577149,0.999384843,0.999892244,0.999089523
4452,0.030474231,0.030278394,0.020589041,0.011010472,0.999875092,0.020193432,0.020198174,0.999577553,0.020791336,0.000216319,0.020589041
4453,0.03047413,0.030280411,0.020696595,0.998963707,0.999999092,0.99937889,0.999067528,0.999581992,0.020792446,0.000708081,0.020696595
4454,0.030473827,0.969415087,0.999670981,0.01030229,0.011007546,0.999471411,0.999676934,0.999582698,0.999477566,0.000708485,0.999670981
4455,0.030473726,0.03048543,0.999774096,0.010698605,0.020286962,0.020902926,0.01102268,0.999584212,0.02088991,0.020385637,0.999774096
4456,0.030473625,0.030495923,0.989597925,0.999582396,2.08E-05,0.999682483,0.000930454,0.999585019,0.020891121,0.999668459,0.989597925
4457,0.030473525,0.030585922,0.000612735,0.998978438,0.00082633,1.35E-05,0.030497336,0.020986971,0.999574425,0.99978691,0.000612735
4458,0.030473424,0.030590462,0.000707779,0.999894363,0.001127401,0.999480693,0.020496016,0.020990402,0.999583606,0.999874688,0.000707779
4459,0.030473323,0.030590966,0.020397543,0.000515271,0.999973263,0.999575434,0.030494309,0.020991512,0.021007655,0.989481492,0.020397543
4460,0.030473222,0.020182434,0.020612146,0.020179609,0.000416999,0.999983251,0.02019777,0.021008159,0.999673706,0.011213372,0.020612146
4461,0.030473121,0.020206145,0.999566959,0.999089523,0.000815434,0.010305115,0.998968651,0.021010379,0.021088673,0.000413064,0.999566959
4462,0.030472919,0.99896623,0.97959035,0.000421539,0.999287378,7.67E-06,0.020492586,0.021011388,0.021089178,0.969712223,0.97959035
4463,0.030472818,0.998977328,0.030487549,0.001132547,0.000119964,0.020180416,0.999268612,0.999670477,0.021091095,0.020185562,0.030487549
4464,0.030472616,0.020381198,0.999078929,0.001019645,0.010306325,0.99979367,0.021099772,0.999672697,0.021112182,0.999277289,0.999078929
4465,0.030472516,0.020391691,0.999870249,0.021098258,0.00042053,0.010611533,0.999991828,0.999680163,0.021116823,0.99928082,0.999870249
4466,0.030472415,0.020399863,0.969315807,0.000620706,0.999975785,0.01091896,0.010096363,0.999681575,0.9997745,0.999586835,0.969315807
4467,0.030472314,0.999062887,0.020194138,0.011016424,0.010311067,0.000622522,0.00040358,0.999682382,0.999785699,0.021105321,0.020194138
4468,0.030472011,0.999088413,0.020992924,0.999790744,0.999885989,0.020288576,0.979697299,0.999685914,0.999789029,0.021208234,0.020992924
4469,0.03047191,0.03027799,0.999871359,0.999974978,0.999986581,0.999674109,0.030268708,0.99968884,0.999795486,0.021211463,0.999871359
4470,0.030471809,0.999164387,0.010618293,0.020380794,0.999780251,0.99977339,0.999171147,0.999690151,0.999872166,0.999876807,0.010618293
4471,0.030471708,0.999174981,0.00091199,0.000913907,0.000312875,0.010907761,0.020894753,0.999774701,0.999877614,0.999885383,0.00091199
4472,0.030471507,0.020588739,0.968809011,0.989083159,0.00011613,0.999270933,0.021107137,0.999780553,0.999883466,0.010108975,0.968809011
4473,0.030471305,0.020589546,0.969202098,0.020296042,0.99977339,0.020694275,0.010513967,0.999783378,0.999890024,0.989090322,0.969202098
4474,0.030471204,0.020601048,0.969724431,0.999680768,0.00011502,0.020891222,0.011208529,0.999786506,0.021292481,0.978901136,0.969724431
4475,0.030471103,0.020612146,0.02050661,0.999067226,0.999790744,0.020992016,0.000206229,0.999787313,0.021294499,0.020188286,0.02050661
4476,0.030471002,0.020612348,0.020610532,0.020188589,0.001115092,0.999677338,0.000305409,0.99978802,0.021300755,0.999287378,0.020610532
4477,0.030470901,0.999264374,0.020798298,0.99908468,0.000510226,0.999790542,0.000819873,0.999794477,0.021311147,0.9997745,0.020798298
4478,0.0304708,0.999272244,0.999681374,0.021089178,0.011122162,0.999994451,0.02048411,0.999878825,0.021315687,0.99979478,0.999681374
4479,0.030470599,0.020687616,0.000126018,0.010610827,0.999998285,0.010620714,0.020600543,0.999881347,0.021320631,0.999973969,0.000126018
4480,0.030470498,0.020803443,0.979294526,0.989284747,1.18E-05,0.989291305,0.020801223,0.999885081,0.999978711,0.988876728,0.979294526
4481,0.030470397,0.999475043,0.030380298,0.001127401,0.99987267,0.030375656,0.99988054,0.999887098,0.999981334,0.010315406,0.030380298
4482,0.030470296,0.020889002,0.020788309,0.999876202,0.999975583,0.020488045,0.030479881,0.999890832,0.999985875,0.989082251,0.020788309
4483,0.030392506,0.020890213,0.010313792,0.989885678,0.00111146,0.999275977,0.010401671,0.999892042,0.999998688,0.010518104,0.010313792
4484,0.030392102,0.020891827,0.010415696,0.999680365,0.999883063,0.020891726,0.978996381,0.999975684,0.030474937,0.010900597,0.010415696
4485,0.0303918,0.020903733,0.989089011,0.020585106,0.999987186,0.999585725,0.00081836,0.999976996,0.010097775,0.011220838,0.989089011
4486,0.030391699,0.999566959,0.010596298,0.010107663,0.000317416,0.999784791,0.979495711,0.999977097,0.988783299,0.001132042,0.010596298
4487,0.030391598,0.999567867,0.979291196,0.98970437,0.000322259,0.999881549,0.020197569,0.999977904,0.01020089,0.030593993,0.979291196
4488,0.030391396,0.999574425,0.969114319,0.999668762,0.99997064,0.01031359,0.999786708,0.99998083,0.988995481,0.99927063,0.969114319
4489,0.030391295,0.999581689,0.969722514,0.02108716,0.020610835,0.989082251,0.021213884,0.99998426,0.988998306,0.999385751,0.969722514
4490,0.030391093,0.999582496,0.969724331,0.000414679,0.000707476,0.000921373,0.010299162,0.999985068,0.010399048,0.020986265,0.969724331
4491,0.030390992,0.02098909,0.999272749,0.03027466,0.020585005,0.020202311,0.010595793,0.999987993,0.010412467,0.999972758,0.999272749
4492,0.030390791,0.021005233,0.00082633,0.988981154,0.000304501,0.03028021,0.998973595,0.999991323,0.010416099,0.999984462,0.00082633
4493,0.030390589,0.021007251,0.999276078,0.98898065,6.76E-06,0.999165195,0.999185172,0.999991828,0.989082352,0.000419824,0.999276078
4494,0.030390185,0.021009067,0.010816148,0.001122962,0.020898486,0.999177504,0.99967764,0.999999496,0.989089818,0.020706382,0.010816148
4495,0.030390084,0.021011691,0.020494604,0.020610027,0.020897376,0.020585005,0.02121005,0.030479982,0.989091331,0.999488059,0.020494604
4496,0.030389983,0.999687528,0.020789419,0.999071766,0.000620706,0.020698714,0.021323557,0.010103829,0.010505997,0.999778334,0.020789419
4497,0.030389782,0.999689849,0.989584405,0.999264374,0.999680566,0.020989494,0.999993139,0.988775126,0.010517499,0.999779544,0.989584405
4498,0.030389681,0.999777627,0.000212081,0.000628071,0.000421539,0.000415687,0.999996771,0.988783702,0.010607093,0.021208436,0.000212081
4499,0.030389378,0.999780251,0.020403596,0.98969993,0.999783782,0.999063795,0.988975605,0.010191305,0.010614358,0.999887098,0.020403596
4500,0.030389277,0.999793367,0.999683089,0.999287378,0.999772381,0.010396425,0.000304905,0.010205935,0.010620412,0.010205329,0.999683089
4501,0.030389075,0.999869946,0.999994753,0.989384532,0.020280403,0.0105966,0.969311065,0.010305115,0.989283032,0.010800913,0.999994753
4502,0.030388975,0.99988498,0.97898841,0.010206137,0.99938565,2.23E-05,0.010594986,0.010306729,0.989286563,1.94E-05,0.97898841
4503,0.030388874,0.999889015,0.979396531,0.000109572,0.000528085,0.020297152,0.010807673,0.010311269,0.010719087,0.000214099,0.979396531
4504,0.030388672,0.999889823,0.999075701,0.000116534,0.999991424,0.999467476,0.001121953,0.010313287,0.010802527,0.000416293,0.999075701
4505,0.030388571,0.02130247,0.999790138,0.98908215,0.011113486,0.999581286,0.030488961,0.01031359,0.010806462,0.001022975,0.999790138
4506,0.030388066,0.021314174,0.999875294,0.001113477,0.010818973,0.010105443,0.999271336,0.988989831,0.01081524,0.979703352,0.999875294
4507,0.030387865,0.021316797,0.999893758,0.998979649,0.00091986,0.010297648,0.999283847,0.010394205,0.989478768,0.020401175,0.999893758
4508,0.030387764,0.99997629,0.989780545,0.998860794,0.9996731,0.010521534,0.021212572,0.010403487,0.989483409,0.999086295,0.989780545
4509,0.030387663,0.999984967,0.989790837,0.00060759,0.001010161,0.010594078,0.01019746,0.01040722,0.989489362,0.020908273,0.989790837
4510,0.030387562,0.999986783,1.72E-06,0.000419521,0.010410348,0.000424768,0.010703852,0.010413476,0.989489463,0.999573719,1.72E-06
4511,0.030387461,0.030478569,0.0004171,0.000510226,0.999879632,0.020597012,0.011212161,0.989083764,0.989583497,0.999685813,0.0004171
4512,0.03038736,0.03057331,0.000920163,0.000209256,0.000729067,0.999475043,5.04E-06,0.989085278,0.989594798,0.01050751,0.000920163
4513,0.030387158,0.010190901,0.979599431,0.020286962,0.000421943,0.999771473,0.000117341,0.989093955,0.011006234,0.010611533,0.979599431
4514,0.030386957,0.010205834,0.968912731,0.989288884,0.999994854,0.010597004,0.978989419,0.010493687,0.011019048,0.011216701,0.968912731
4515,0.030386856,0.988876122,0.969722313,0.020699219,0.030383223,0.010796272,0.979201501,0.01049399,0.989686108,8.17E-06,0.969722313
4516,0.030386654,0.010293411,0.020695284,0.989793258,0.03048876,0.000612836,0.000711512,0.010496512,0.011108542,0.979105247,0.020695284
4517,0.030386553,0.010300675,0.020796078,0.000218135,0.999469797,0.99907116,0.979808788,0.010501355,0.011108844,0.97979325,0.020796078
4518,0.030386452,0.988979338,0.988874609,0.989191318,0.021322447,0.020987476,0.969702739,0.010506501,0.0111264,0.979796983,0.988874609
4519,0.03038625,0.98899195,0.98898751,0.999998285,0.021211967,0.010093033,0.020194844,0.010507207,0.98978337,0.999774096,0.98898751
4520,0.030386149,0.010397837,1.85E-05,0.998967339,0.021306909,0.98907761,0.021096442,0.010508923,0.989884467,0.999791753,1.85E-05
4521,0.030385948,0.010493687,0.000223886,0.999780352,0.999680869,0.010518003,0.021189165,0.010514875,0.989893144,0.988778153,0.000223886
4522,0.030385847,0.989193034,0.968998492,7.16E-06,0.000406405,0.010606387,0.021217113,0.010521837,3.63E-06,0.989086488,0.968998492
4523,0.030385746,0.010597004,0.020993832,0.998862711,0.011017736,0.010809287,0.988875315,0.010522039,4.34E-06,0.01080848,0.020993832
4524,0.030385645,0.010614358,0.020587629,0.989283133,0.999585624,0.000310151,0.000920163,0.010525268,0.978690972,0.011011783,0.020587629
4525,0.030385443,0.989275969,0.999466265,0.000821992,0.000731287,0.979208362,0.00101904,0.989188998,0.00011835,0.001115798,0.999466265
4526,0.030385342,0.989286563,0.999583203,0.021106734,0.020589848,0.000728765,0.0305835,0.010596701,0.000120872,0.030383223,0.999583203
4527,0.030385241,0.010806361,0.021006444,0.989785691,0.000522434,0.969702739,0.020899394,0.010603158,0.000203404,0.020399863,0.021006444
4528,0.03038504,0.010807168,0.999878119,0.999066217,0.00062908,0.998977227,0.02119764,0.010607295,0.000230041,0.999378184,0.999878119
4529,0.030384939,0.011001088,0.979088196,0.999986581,0.999486243,0.020390984,0.988784611,0.010612844,0.000316911,0.999579066,0.979088196
4530,0.030384737,0.011021469,0.99906551,0.999080645,0.999678548,0.999387466,0.010293613,0.010616779,0.000317214,0.02129914,0.99906551
4531,0.030384636,0.011103194,0.020896267,0.989783572,0.000204312,0.020996758,0.010518003,0.010617486,0.97898841,0.989089011,0.020896267
4532,0.030384535,0.01112075,0.021008865,0.010596701,0.999788524,0.989789323,0.989800018,0.010622329,0.000516381,8.98E-06,0.021008865
4533,0.030384434,0.989780848,0.010097473,2.01E-05,0.00051295,0.020194138,0.011210748,0.989291305,0.000521022,0.000408221,0.010097473
4534,0.030384232,0.989782866,0.01070587,0.999066015,0.010518306,0.999389686,0.011216802,0.010703852,0.000712722,0.000929647,0.01070587
4535,0.030384132,5.65E-06,0.010713639,0.998965725,0.000823001,0.999486646,0.979291196,0.010709098,0.000811902,0.020282825,0.010713639
4536,0.030384031,0.000119258,0.020589748,0.989181128,0.999468182,0.999580882,0.030290703,0.010714647,0.000820277,0.999183255,0.020589748
4537,0.03038393,0.000309647,0.010102921,0.010600333,1.01E-05,0.020988989,0.999479079,0.010714748,0.000824413,0.020807983,0.010102921
4538,0.030383829,0.000314994,0.010798189,0.989191016,0.020604579,0.99976895,0.010306325,0.010716968,0.000827541,0.999482509,0.010798189
4539,0.030383728,0.978995372,0.989479374,0.000915622,0.010719289,0.000225399,0.988999012,0.989391191,0.979596202,0.999674714,0.989479374
4540,0.030383526,0.979001628,0.979493087,0.999685914,0.011207923,0.020293822,0.011013801,0.989399667,0.001030945,0.021194008,0.979493087
4541,0.030383425,0.000413064,0.968898908,0.020792446,0.010402377,0.020297556,0.989704773,0.010808379,0.97969407,0.030479276,0.968898908
4542,0.030383223,0.000420127,0.989079426,0.000707476,0.999876101,0.021005334,0.000313279,0.010811608,0.979697299,0.988771898,0.989079426
4543,0.030383123,0.00042497,0.001115596,0.999791652,0.000628071,0.010418622,0.00071585,0.010907357,0.001121448,0.010608809,0.001115596
4544,0.030383022,0.00043173,0.001126089,0.02060014,0.999886695,0.010518306,0.97970305,0.010911191,0.001128813,0.01061012,0.001126089
4545,0.030382921,0.979085875,0.968699439,0.999480088,0.020896569,0.010911393,0.969516487,0.010916538,0.968794785,1.99E-05,0.968699439
4546,0.030382618,0.000510226,0.020197367,0.988978934,0.010306729,0.030391598,0.020397341,0.989579966,0.969004848,0.000204111,0.020197367
4547,0.030382416,0.000513253,0.020800517,0.98899195,0.999476153,0.03047756,0.030276779,0.989599237,0.969108871,0.979097579,0.020800517
4548,0.030382315,0.000516583,0.97970305,0.98958047,0.99967875,0.020886581,0.020997565,0.989682274,0.030269515,0.000610314,0.97970305
4549,0.030382114,0.000627668,0.969613649,0.02099242,0.000523443,0.020907567,0.010596096,0.989692867,0.030286566,0.000709998,0.969613649
4550,0.030381912,0.000825624,0.999282838,0.000120368,0.000516381,0.010503272,0.010617788,0.98979235,0.030291611,0.999268713,0.999282838
4551,0.030381811,0.000825927,0.02068469,0.988980549,0.99948705,0.999077416,0.010710107,0.989801128,0.030383728,0.999389484,0.02068469
4552,0.030381609,0.000912595,0.020900807,0.02070164,0.999987388,0.999787212,0.020283531,0.989801632,0.030390185,0.021100075,0.020900807
4553,0.030381508,0.0009244,0.999688941,0.988981457,0.000424062,0.99999657,0.021100276,0.989898592,0.030486944,0.010814937,0.999688941
4554,0.030381407,0.001012885,0.010194937,0.989701948,0.999787313,0.010700825,0.010107259,0.989900711,0.030592278,0.989687217,0.010194937
4555,0.030381206,0.001022672,9.28E-06,0.989493701,0.021308725,0.010709805,0.010508519,1.82E-06,0.020192625,0.000117946,9.28E-06
4556,0.030381105,0.00111267,0.000215512,0.000414981,0.000213494,0.000714539,0.000808068,4.54E-06,0.020196459,0.00020522,0.000215512
4557,0.030380701,0.001116908,0.000925006,0.998872902,0.030485531,0.020405009,0.030381609,4.94E-06,0.998869068,0.000413367,0.000925006
4558,0.030380499,0.979793452,0.020484817,0.010702237,0.001022672,0.999183053,0.030488659,7.26E-06,0.020297253,0.000414174,0.020484817
4559,0.030380298,0.979809999,0.020986265,0.000507199,0.99988619,0.999265282,0.99918164,7.67E-06,0.020299473,0.03048765,0.020986265
4560,0.030380096,0.030278999,0.010814029,0.999770565,0.000513556,0.020690542,0.021094929,1.24E-05,0.998980759,0.020179609,0.010814029
4561,0.030379995,0.030287272,0.999476254,0.020702447,0.999085689,0.999378285,0.969006967,1.51E-05,0.020393305,0.020381904,0.999476254
4562,0.030379894,0.030293225,0.999981234,0.001117311,0.021307616,0.999571499,0.969400962,1.65E-05,0.999066721,0.999368094,0.999981234
4563,0.030379793,0.030376464,0.978896192,0.988978026,0.999585927,0.020989695,0.999264879,1.70E-05,0.99907116,0.999377074,0.978896192
4564,0.030379188,0.030384232,0.001123163,0.010192112,0.010412669,0.999795688,0.020889507,1.80E-05,0.999083369,0.020811515,0.001123163
4565,0.030379087,0.030492291,0.030282429,0.000934591,0.999577351,0.999871762,0.021011791,1.86E-05,0.999169735,0.021311147,0.030282429
4566,0.030378885,0.030495721,0.999071867,1.44E-05,0.000711512,0.010613551,0.010615367,1.90E-05,0.999175385,0.988888331,0.999071867
4567,0.030378784,0.03059702,0.989685502,0.000627163,0.011116815,0.989496526,0.999174881,0.978686936,0.999183356,0.988981658,0.989685502
4568,0.030378683,0.03059813,0.000914311,0.999379395,0.000419521,0.020192625,0.999272244,0.000103317,0.020589546,0.010496613,0.000914311
4569,0.030378481,0.02018082,0.968911722,0.010418622,0.02068812,0.999872166,0.999781966,0.00011502,0.020593582,0.010697294,0.968911722
4570,0.030378078,0.020191818,0.020795876,0.989479273,0.010610423,0.999885282,0.021291069,0.000203404,0.99927295,0.010805453,0.020795876
4571,0.030377977,0.020196761,0.969422251,0.999382825,0.000511538,0.010306527,0.989388972,0.000207642,0.999281829,0.010900496,0.969422251
4572,0.030377876,0.020205943,0.969525567,0.9891893,0.999787011,0.010401469,0.979098386,0.000213292,0.999285562,0.011009765,0.969525567
4573,0.030377775,0.998872195,0.999387567,0.989797395,0.999885383,0.989398859,0.030375253,0.000214099,0.999287278,2.18E-05,0.999387567
4574,0.030377674,0.998872498,0.02098909,0.999793771,0.000831879,1.25E-05,0.020588133,0.000216117,0.0206858,0.000119258,0.02098909
4575,0.030377472,0.998875929,0.999793871,0.000416999,0.030576135,0.000126018,0.020699219,0.00021874,0.02070275,0.000420329,0.999793871
4576,0.03037717,0.020286255,0.999873074,0.998971981,0.999582698,0.000205826,0.020701136,0.000227417,0.020704263,0.000611727,0.999873074
4577,0.030377069,0.020384527,0.999996469,0.999974675,0.030475845,0.000724931,0.999993038,0.000228325,0.999370718,0.000810994,0.999996469
4578,0.030376867,0.020385637,0.01089757,0.010301987,0.010805453,0.96859582,0.010509932,0.978893367,0.999375662,0.03037273,0.01089757
4579,0.030376766,0.020401074,0.000921373,0.020905448,0.001115596,0.020886984,0.010510739,0.000310958,0.020791437,0.030587132,0.000921373
4580,0.030376665,0.999066015,0.03048432,0.000715144,0.999683089,0.999786708,0.989901619,0.000314389,0.020806773,0.02039946,0.03048432
4581,0.030376564,0.999080342,0.020382812,0.99938898,0.011121254,0.999978711,0.030492392,0.000404488,0.020809093,0.021087765,0.020382812
4582,0.030376464,0.020493695,0.02070164,0.01080848,0.999879733,0.030271936,0.030594901,0.000406203,0.999469292,0.000810893,0.02070164
4583,0.030376363,0.020499648,0.999891235,6.56E-06,0.000525663,0.010310462,0.999280619,0.000420833,0.999482106,0.99896744,0.999891235
4584,0.030376262,0.020501464,0.000808068,0.000610415,0.000431326,0.000102913,0.01041398,0.000425676,0.999485335,0.999164589,0.000808068
4585,0.030375858,0.020504592,0.968805278,0.000205422,0.020407027,0.030385948,0.011202071,0.000508107,0.999581084,0.020683883,0.968805278
4586,0.030375757,0.020505702,0.999268511,0.989581479,0.00031005,0.99907671,0.969611429,0.000508713,0.999586835,0.020690037,0.999268511
4587,0.030375656,0.999173771,0.020794564,0.010097473,0.020289181,0.999178715,0.999267502,0.000625448,0.02100937,0.99956938,0.020794564
4588,0.030375354,0.020588638,0.03037717,0.030582693,0.999674714,0.020791336,0.020687616,0.979298057,0.999678649,0.999978106,0.03037717
4589,0.030375253,0.020590756,0.021001904,0.030273551,0.000817653,0.999467577,0.021300654,0.000710099,0.999689748,0.010192919,0.021001904
4590,0.030375152,0.020591765,0.978783896,0.020490971,0.999974675,0.999973465,0.010205027,0.00071242,0.021087967,0.010315507,0.978783896
4591,0.030375051,0.020609725,0.020792446,0.98988366,0.999675824,0.999973969,0.989280005,0.000716758,0.021093415,0.011114797,0.020792446
4592,0.03037495,0.999270327,0.989491481,0.000829357,0.00073159,0.010511142,0.010900597,0.000724931,0.02109614,0.000911788,0.989491481
4593,0.030374849,0.999278903,0.000206229,0.999772381,0.001117513,0.010714647,0.001013995,0.000726444,0.021103404,0.030286263,0.000206229
4594,0.030374748,0.99928526,0.03028253,0.99997064,1.65E-05,0.020905852,0.020383821,0.000727453,0.021115713,0.030286465,0.03028253
4595,0.030374647,0.020696696,0.020288979,0.999079131,0.020889809,0.010512555,0.999073784,0.000825927,0.999769959,0.999064703,0.020288979
4596,0.030374547,0.020703759,0.020694577,0.999389081,0.999884677,0.010598114,0.99946899,0.000827036,0.999777829,0.999168726,0.020694577
4597,0.030374345,0.999365673,0.988879452,0.02118866,0.010904835,0.010814937,0.021306607,0.000832485,0.999778939,0.021297526,0.988879452
4598,0.030374244,0.999370011,0.989699325,0.99988609,0.999482106,0.010898579,0.989290599,0.000909468,0.99979145,0.999989709,0.989699325
4599,0.030374042,0.999374552,0.978984778,0.000711411,0.000718877,0.000424667,0.011024496,0.000913403,0.021198447,0.010105443,0.978984778
4600,0.030373638,0.999375359,0.969413877,0.010503272,0.00020522,0.030282429,0.979098083,0.000922483,0.021199053,0.01049853,0.969413877
4601,0.030373033,0.999381413,0.020287567,0.999681575,0.999793972,0.998976117,0.979108576,0.000925006,0.021200162,0.010514774,0.020287567
4602,0.030372932,0.999386356,0.02050439,0.001129923,0.020388058,0.02038594,0.969309551,0.000928436,0.021201575,0.01071939,0.02050439
4603,0.03037273,0.999387466,0.010512252,0.000513556,0.989781958,0.99918154,0.020201907,0.979590047,0.021208436,0.01122336,0.010512252
4604,0.030372428,0.02078952,0.010815946,0.998871287,0.00092773,0.020592976,0.020604478,0.979592267,0.021215196,0.989888301,0.010815946
4605,0.030372327,0.999466265,0.978696824,0.999264576,0.999667854,0.020598021,0.020608211,0.001013793,0.999891134,6.76E-06,0.978696824
4606,0.030372226,0.999475951,0.000425676,0.020491778,0.000430923,0.010506501,0.02089324,0.001013995,0.021289757,0.000119762,0.000425676
4607,0.030372125,0.999481601,0.97939189,0.011217609,0.020300683,0.000311362,0.000108159,0.001016114,0.021300149,0.00022318,0.97939189
4608,0.030372024,0.020888397,0.020298363,0.010191305,0.030584206,0.000916228,0.96951689,0.001018636,0.02130358,0.979201501,0.020298363
4609,0.030371923,0.020888498,0.020894652,0.020891424,0.000709998,0.001129923,0.020300179,0.001019141,0.021306102,0.000619395,0.020894652
4610,0.030371621,0.020897881,0.020900706,0.989902931,0.000710906,0.02089324,0.010299666,0.001037201,0.021307313,0.97930734,0.020900706
4611,0.030371318,0.020908071,0.989585011,0.020483707,0.011101479,0.010608203,0.010305821,0.979698812,0.02131377,0.999084781,0.989585011
4612,0.030371217,0.999568876,0.000116736,8.27E-06,0.999976391,0.000629484,0.000420127,0.001117412,0.021316494,0.999174679,0.000116736
4613,0.030371015,0.999577956,0.000810994,0.000215512,0.011214481,0.000707375,0.000528589,0.001117715,0.999975785,0.021002408,0.000810994
4614,0.030370813,0.999578965,0.96900162,0.010701027,0.010311774,0.001034477,0.97969185,0.001121448,0.999993139,0.999680062,0.96900162
4615,0.030370713,0.999582295,0.020505702,0.998865637,0.000419622,0.020287365,0.96942326,0.0011273,0.999999395,0.010305417,0.020505702
4616,0.030370612,0.999586633,0.999997074,1.33E-05,0.010615064,0.020482496,0.999675017,0.001130125,0.030573108,0.011204392,0.999997074
4617,0.030370511,0.020986366,0.978898109,0.98968752,0.000629787,0.020501263,0.021088673,0.001132042,0.030580675,0.000412257,0.978898109
4618,0.03037041,0.020986971,0.000716859,0.010306527,0.030281622,0.999265989,0.021290262,0.979809494,0.010096464,0.999373341,0.000716859
4619,0.030370107,0.021000088,0.020397442,0.000119964,0.999672596,0.020889608,0.010297245,0.969208858,0.0101005,0.020792647,0.020397442
4620,0.030369905,0.021002509,0.999365673,0.989588946,0.99958623,0.999974877,0.01069578,0.969213096,0.010104233,0.020885874,0.999365673
4621,0.030369804,0.021005939,0.020500859,0.989800321,0.000418916,0.010293512,0.979295737,0.030282026,0.010106452,0.02089445,0.020500859
4622,0.030369704,0.999679759,0.999680062,0.010207347,0.001132547,0.010695477,0.968998492,0.030284649,0.988776943,0.010293512,0.999680062
4623,0.030369603,0.999690353,0.010398745,0.010200083,0.010204522,0.989895364,0.030487044,0.030286465,0.010201697,0.989078921,0.010398745
4624,0.030293931,0.021102092,0.010622329,0.030291611,0.000416495,1.15E-05,0.020793253,0.030291207,0.010292099,0.010814534,0.010622329
4625,0.030293629,0.021110164,0.979201501,0.988975706,0.000528589,0.020198678,0.02131599,0.030494208,0.010311975,0.011021066,0.979201501
4626,0.030293528,0.021112586,0.999475346,0.000816039,0.020789419,0.999988094,0.010501255,0.020183544,0.010312177,0.989703764,0.999475346
4627,0.030293225,0.021115007,0.030583601,0.98958037,0.999778031,0.98897954,0.010695881,0.020185159,0.010315406,0.000115827,0.030583601
4628,0.030293023,0.999770968,0.020497429,0.021322447,7.16E-06,0.989283435,0.010910687,0.020188993,0.010395315,0.9788971,0.020497429
4629,0.03029262,0.999776417,0.020897175,0.020197972,0.020706483,0.020489761,0.010914924,0.02019656,0.010405001,0.02038261,0.020897175
4630,0.030292418,0.999778939,0.988785922,0.000126623,0.000223382,0.020503987,2.83E-06,0.02019777,0.010412366,0.020394919,0.988785922
4631,0.030292317,0.999783076,0.020298968,0.999669468,0.000507704,0.020784576,2.08E-05,0.998864023,0.989077509,0.999271437,0.020298968
4632,0.030292115,0.999790643,0.02069256,0.030581785,0.000625852,0.020991108,0.978684111,0.998865436,0.989090928,0.999674008,0.02069256
4633,0.030291914,0.999795486,0.999883466,0.001038311,0.020700833,0.999980527,0.978988713,0.998872195,0.989189401,0.021297728,0.999883466
4634,0.030291813,0.021188963,0.999979518,0.999366379,0.999790138,0.010611735,0.000526773,0.020297051,0.010612744,0.999997579,0.999979518
4635,0.030291712,0.021206014,1.28E-05,2.17E-05,0.000729471,0.000618386,0.000812709,0.020298766,0.989286462,0.989179413,1.28E-05
4636,0.030291611,0.021213279,0.969116035,0.021196631,0.030284548,0.000729168,0.030388672,0.020299271,0.989291507,0.989789424,0.969116035
4637,0.03029151,0.021213783,0.020809194,0.998865436,0.00052082,0.000818864,0.020688019,0.020299674,0.010804141,0.989881743,0.020809194
4638,0.030291308,0.999878119,0.020991814,0.030590664,0.021196631,0.030484219,0.020889204,0.998974503,0.010807673,0.989884064,0.020991814
4639,0.030291207,0.999889621,0.020995043,0.030575832,0.010193727,0.999282737,0.0210015,0.998979346,0.989477558,0.000715144,0.020995043
4640,0.030291005,0.021294802,0.99998991,0.999793972,0.020389774,0.020693669,0.010712327,0.99898207,0.010911494,0.001010766,0.99998991
4641,0.030290905,0.021303378,0.000111993,0.030591874,0.010900698,0.020698613,0.010811608,0.020381298,0.989585616,0.001037907,0.000111993
4642,0.030290703,0.021310037,0.00021198,0.030386452,0.999482005,0.02079749,0.97920372,0.020385839,0.011003308,0.020614366,0.00021198
4643,0.030290501,0.021313568,0.000720693,0.999265585,0.000506796,0.999472016,0.020585813,0.020403596,0.01100694,0.020801627,0.000720693
4644,0.030290299,0.999981133,0.020502171,0.99957957,0.999065309,0.999476254,0.020599131,0.020404605,0.011015113,0.030477157,0.020502171
4645,0.030290097,0.999988801,0.020599131,0.988990134,0.99957392,0.999671789,0.999266594,0.020405009,0.011025001,0.010093235,0.020599131
4646,0.030289896,0.010104636,0.999984967,0.989688428,0.000205422,0.999795486,0.999273455,0.020405614,0.011120044,0.988881268,0.999984967
4647,0.030289795,0.010192415,0.978800645,0.020899899,0.000410845,0.010409541,0.02120218,0.020406825,0.011124382,0.010797886,0.978800645
4648,0.030289694,0.010295328,0.979301387,0.999571297,0.011110761,0.010500952,0.021214893,0.020408136,0.989789323,0.010818872,0.979301387
4649,0.03028929,0.010300776,0.030385241,0.000506796,0.000509116,0.010502465,1,0.999070454,0.989801431,0.000421539,0.030385241
4650,0.030289189,0.01030461,0.999774298,0.010396425,0.020696494,0.999368397,0.989086186,0.999073481,1.51E-06,0.000719079,0.999774298
4651,0.030288988,0.010311168,0.000932068,0.989890218,0.999587339,0.999675824,0.020799206,0.999080645,1.99E-05,0.000719684,0.000932068
4652,0.030288887,0.010312177,0.020281211,0.000104225,0.000614955,0.999687528,0.020897175,0.999087405,0.978683102,0.000821386,0.020281211
4653,0.030288584,0.01031359,0.99907116,0.998982474,1.91E-05,0.999993139,0.010098683,0.999088514,0.000104729,0.00092773,0.99907116
4654,0.030288483,0.010413577,0.999269924,0.001010565,0.030291914,0.999997982,0.011000988,0.020483001,0.978802764,0.000932573,0.999269924
4655,0.030288382,0.010503272,0.000119661,0.020589041,0.000814324,0.010093336,0.011105313,0.020486128,0.978802864,0.001026405,0.000119661
4656,0.03028818,0.010506602,0.001127098,1.87E-05,0.021299342,0.010112809,0.030589251,0.020486532,0.000208651,0.020382408,0.001127098
4657,0.030287979,0.010522846,0.969602449,0.01102157,0.998966028,0.010402781,0.021000188,0.020488045,0.00021198,0.020505298,0.969602449
4658,0.030287777,0.989190209,0.020584501,0.999987287,0.01031591,0.01052446,0.000207137,0.020489962,0.97889367,0.999276784,0.020584501
4659,0.030287575,0.010594078,0.010604369,0.001117009,0.999071564,0.010598013,0.979206949,0.020492989,0.00031792,0.999574425,0.010604369
4660,0.030287474,0.010612138,0.979611336,0.021201575,0.02079073,0.010697294,0.000918851,0.020493695,0.00032125,0.999583304,0.979611336
4661,0.030287272,0.010615165,0.969406309,0.999883063,0.021114704,0.010711419,0.969015745,0.020495512,0.000323167,0.020994135,0.969406309
4662,0.030287171,0.010620714,0.020408641,0.999787112,0.001118724,0.030376262,0.020593582,0.030277889,0.000407515,0.999786203,0.020408641
4663,0.030287071,0.989275667,0.020699824,0.000725738,0.000424566,0.001119531,0.020989494,0.020500355,0.000411652,0.99997518,0.020699824
4664,0.03028697,0.98938201,0.999582396,0.999784286,2.13E-05,0.020394617,0.01031702,0.0205055,0.000415587,0.010612844,0.999582396
4665,0.030286667,0.989390082,0.999771775,0.021310945,0.000630796,0.999064501,0.010610221,0.030280714,0.97909435,0.989598833,0.999771775
4666,0.030286566,0.010796272,0.010105746,1.14E-05,0.001134665,0.020812524,0.010709199,0.999178513,0.000505787,0.989691556,0.010105746
4667,0.030286465,0.01081413,0.010710511,0.010999171,0.010903321,0.999468384,0.030376262,0.999179118,0.000506594,0.011111367,0.010710511
4668,0.030286364,0.010918355,2.00E-05,0.000204111,0.000229738,0.020902018,0.000709494,0.999180934,0.979205436,0.011223057,2.00E-05
4669,0.030286263,0.989578654,0.000915622,0.021118337,0.010193928,0.020994135,0.020284641,0.999181035,0.000819873,0.000203707,0.000915622
4670,0.030286162,0.9895838,0.979802028,0.00020522,0.011199852,0.010092226,0.999876101,0.999183558,0.000823606,0.000216622,0.979802028
4671,0.030285961,0.011000887,0.968807296,0.010605378,0.998974705,0.010205027,0.02129904,0.99918386,0.97949006,0.998977328,0.968807296
4672,0.03028586,0.011004115,0.030286566,0.020585308,0.999681575,0.000305308,0.010107159,0.999184264,0.979590047,0.99898207,0.030286566
4673,0.030285759,0.011016021,0.03038504,0.000729471,0.000311362,0.968899917,0.010700825,0.020585106,0.97961063,0.020388159,0.03038504
4674,0.030285658,0.011017938,0.969717772,0.000416797,0.010507611,0.020387554,0.010803839,0.020591765,0.001009656,0.999174275,0.969717772
4675,0.030285355,0.989684493,0.999472218,0.021323759,0.999792459,0.03026901,2.19E-05,0.02059227,0.001015508,0.02069256,0.999472218
4676,0.030285053,0.011100874,0.021009471,0.011001088,0.000716355,0.020999987,0.030391699,0.020592976,0.001036999,0.021309835,0.021009471
4677,0.030284952,0.011101075,0.989084874,0.000112801,0.000222978,0.999682887,0.969712829,0.02059903,0.001112065,0.011025001,0.989084874
4678,0.030284851,0.011111266,0.010703751,0.999073481,0.000404993,0.010503474,0.020201403,0.020603772,0.001126997,0.011202273,0.010703751
4679,0.03028475,0.011127611,0.010808883,0.989694078,0.000407515,0.000313178,0.020596507,0.02060468,0.00112841,0.00061324,0.010808883
4680,0.030284649,0.989794166,0.010817762,0.999997074,0.021107339,0.000429308,0.021006747,0.020605689,0.00112952,0.000832485,0.010817762
4681,0.030284548,0.989795074,1.40E-05,0.020690945,0.000519004,0.979700527,0.021301259,0.020614265,0.97979779,0.001123971,1.40E-05
4682,0.030284245,0.989806072,0.030493603,0.989492389,0.011015113,0.030384232,0.989076399,0.999270428,0.968806589,0.969510938,0.030493603
4683,0.030284044,0.011207822,0.020507417,0.001113881,0.999380505,0.020295033,0.010514774,0.999271134,0.969010801,0.020283834,0.020507417
4684,0.030283943,0.011220838,0.010101307,0.00021874,0.030590664,0.999685611,0.989280711,0.999271235,0.030282026,0.999678548,0.010101307
4685,0.030283842,1.72E-06,0.010807269,8.88E-06,0.020794262,0.999886291,0.020592472,0.999272648,0.030386957,0.021089985,0.010807269
4686,0.030283741,1.07E-05,0.98979235,0.989887191,0.999089422,0.99998991,0.020800013,0.999274262,0.030392102,0.021296013,0.98979235
4687,0.03028364,1.27E-05,0.979404401,0.011214481,0.999280518,0.989683484,0.999468586,0.999282737,0.969421343,0.999971749,0.979404401
4688,0.030283539,0.000105032,0.979602659,0.999377074,0.030575832,0.000418916,0.999682887,0.999286269,0.030481596,0.988980952,0.979602659
4689,0.030283438,0.000213292,0.021009067,0.989089818,0.99907338,0.001019141,0.021098763,0.020683479,0.030483009,0.98989718,0.021009067
4690,0.030283237,0.000213797,0.968804773,0.999787011,0.000314187,0.999790845,0.021210151,0.020690239,0.030483412,0.979710819,0.968804773
4691,0.030282934,0.000315801,0.999282031,0.021320631,0.011022478,0.999994955,0.010914722,0.020694073,0.03048654,0.020496319,0.999282031
4692,0.030282732,0.000408827,0.010305518,0.999986278,6.26E-06,0.030272239,0.011007546,0.020695284,0.030491383,0.021100983,0.010305518
4693,0.030282631,0.000412862,0.010392389,0.020897376,0.999276078,0.01030905,0.978891248,0.999365471,0.030491585,0.021201878,0.010392389
4694,0.03028253,0.00051517,0.989595806,0.020693871,0.010809085,0.989898592,0.969113209,0.999366985,0.030593388,0.010099087,0.989595806
4695,0.030282429,0.979189999,0.000106041,0.020382913,0.020688322,0.000120872,0.030383425,0.999367792,0.030594901,0.001112368,0.000106041
4696,0.030282328,0.000616368,0.000111085,0.011117017,0.998968954,0.000322561,0.020288273,0.999368296,0.030596213,0.020403294,0.000111085
4697,0.030282228,0.000712016,0.030492594,0.01122336,0.000313279,0.020400166,0.030275064,0.999369204,0.969718277,0.020589445,0.030492594
4698,0.030282127,0.979511349,0.03027456,0.021306506,0.99947585,0.999084075,0.999389182,0.999375359,0.020185562,0.999264778,0.03027456
4699,0.030282026,0.000914916,0.020502372,0.000118047,0.010193424,0.999275069,0.020887489,0.999379294,0.998862005,0.030581381,0.020502372
4700,0.030281824,0.000928739,0.020505097,0.000420934,0.000826936,0.999373644,0.011027624,0.999379798,0.998866646,0.988975706,0.020505097
4701,0.030281622,0.979592671,0.030473424,0.010198065,0.989187888,0.999784186,0.000812104,0.999379899,0.020286962,0.988983777,0.030473424
4702,0.03028142,0.001016114,0.010701632,0.988979035,0.999793771,0.999892648,0.020690037,0.999382119,0.020295639,0.000620101,0.010701632
4703,0.030281219,0.001131033,0.969014231,0.988975201,0.030579464,0.01059549,0.999873276,0.999383935,0.020298867,0.979614565,0.969014231
4704,0.030281017,0.030281824,0.020497731,0.999065712,1.42E-05,0.001020856,0.989083562,0.999384137,0.998967037,0.979691548,0.020497731
4705,0.030280916,0.03028475,0.999173771,0.999267401,0.999071463,0.030379995,0.989089919,0.999388273,0.998974402,0.020293822,0.999173771
4706,0.030280815,0.030289896,0.999985269,0.999776316,0.020885774,0.998976521,0.989801128,0.999388879,0.998980658,0.020885572,0.999985269
4707,0.030280714,0.969315908,0.999076811,0.999274161,1.81E-05,0.020386747,0.989802238,0.020785181,0.02040854,0.999685712,0.999076811
4708,0.030280613,0.030385443,0.999786506,0.020706483,0.99978136,0.020796885,0.989885173,0.020786291,0.999070151,0.021095736,0.999786506
4709,0.030280512,0.030386654,0.010192516,0.999779343,0.989495719,0.021006545,0.000719684,0.020795472,0.999085588,0.021209243,0.010192516
4710,0.030280411,0.030389782,0.000625852,0.000731287,0.998981364,0.999783076,0.020698815,0.020795876,0.020492989,0.02130136,0.000625852
4711,0.030280311,0.0303918,0.000731287,0.020789419,0.989487445,0.988786326,0.999580479,0.020797087,0.020500657,0.999984563,0.000731287
4712,0.03028021,0.030483614,0.979490262,0.000424062,0.989291608,0.010504382,0.021105422,0.020801526,0.020588335,0.010101307,0.979490262
4713,0.030280109,0.030490071,0.989085278,0.000616368,0.988994472,0.999567463,0.999772784,0.020801728,0.020594086,0.010310866,0.989085278
4714,0.030279907,0.030577245,0.010610423,0.000119561,0.020806874,0.999576342,0.999793468,0.020804553,0.020605487,0.988984584,0.010610423
4715,0.030279604,0.030595406,0.989397245,0.000711512,0.999372635,0.021006747,0.011221847,0.020805663,0.020607202,0.010597307,0.989397245
4716,0.030279403,0.020186874,0.010903119,0.999778031,0.989279702,0.999871863,0.979599431,0.02080647,0.020610128,0.010705971,0.010903119
4717,0.030279302,0.020196459,0.979391486,0.999568472,0.020486835,0.989484116,0.030284649,0.999469898,0.999277995,0.010803738,0.979391486
4718,0.0302791,0.020198678,0.97979779,0.999975583,0.988996187,0.02019656,0.020500254,0.999471411,0.999285461,0.989801632,0.97979779
4719,0.030278999,0.998962194,0.02028232,0.999677136,0.989079829,0.020282018,0.999371121,0.999476153,0.020694678,2.83E-06,0.02028232
4720,0.030278898,0.998971577,0.999069143,0.999795788,0.989074381,0.020291098,0.99937213,0.99947807,0.02070164,2.22E-05,0.999069143
4721,0.030278797,0.020401679,0.999280013,0.989188695,0.02111652,0.020694981,0.999470604,0.99948029,0.020703759,0.999269924,0.999280013
4722,0.030278696,0.020407834,0.020992722,0.999786304,0.00022994,0.02069942,0.99987035,0.999485133,0.020709106,0.999575232,0.020992722
4723,0.030278595,0.999087505,0.978687138,0.000125211,0.020793555,0.999466669,0.999884677,0.999488664,0.99937213,0.999771977,0.978687138
4724,0.030278394,0.030282934,0.000523544,0.021111476,0.021297627,0.020902522,0.010517499,0.02088537,0.999380605,0.021213481,0.000523544
4725,0.030278293,0.999165699,0.999578965,0.000216319,0.010395012,0.999786607,1.43E-05,0.020889103,0.999381514,0.999870148,0.999578965
4726,0.030278091,0.999175587,0.99998426,0.000123193,0.989079628,0.010506804,0.978802864,0.020889608,0.020799508,0.999893556,0.99998426
4727,0.03027799,0.999178109,0.010397837,0.999579974,0.020496823,0.010594986,0.00051063,0.020891222,0.99946677,0.010105948,0.010397837
4728,0.030277889,0.99917821,0.00041599,0.020297656,0.98958158,0.978904466,0.030281824,0.020892937,0.999480693,0.010702742,0.00041599
4729,0.030277788,0.999182145,0.000731388,0.9996731,0.010810901,0.001121448,0.0206858,0.020893845,0.999484426,0.989495719,0.000731388
4730,0.030277687,0.999182448,0.000917136,0.020190304,0.998971678,0.030481193,0.020703961,0.020894854,0.999486142,0.000410138,0.000917136
4731,0.030277586,0.020599131,0.969618492,0.000722711,0.02049309,0.030487347,0.021198245,0.999567665,0.999487756,0.000414981,0.969618492
4732,0.030277486,0.020614265,0.020191717,0.998875021,0.000216319,0.020197266,0.03027688,0.999567867,0.999577855,0.000709191,0.020191717
4733,0.030277385,0.999272042,0.999283343,0.999987186,0.99937324,0.02058894,1.21E-06,0.999571095,0.999587945,0.020401276,0.999283343
4734,0.030277284,0.99927295,0.999690656,0.000120065,0.030578455,0.99927406,9.18E-06,0.999571902,0.021008361,0.02040854,0.999690656
4735,0.030276981,0.999284856,0.989181128,0.000307528,0.989185971,0.99947696,0.969000611,0.999582093,0.999682887,0.030277385,0.989181128
4736,0.03027688,0.020693266,0.978999105,0.030489567,0.021203391,0.988784711,0.99917256,0.999587238,0.021096442,0.999477969,0.978999105
4737,0.030276779,0.020707896,0.030284649,0.020289181,0.98929524,0.010418319,0.99928193,0.020986366,0.021100983,0.020895863,0.030284649
4738,0.030276477,0.999370516,0.969411556,0.989794771,0.00020744,0.000508511,0.021106532,0.020988686,0.021109962,0.021295306,0.969411556
4739,0.030276073,0.999374955,0.020685396,0.010615468,0.998974099,0.000515473,0.010205128,0.020994236,0.021115411,0.010406514,0.020685396
4740,0.03027577,0.020801526,0.020705373,0.00092773,0.989881642,0.000917741,0.010914016,0.020998171,0.999792661,0.010610221,0.020705373
4741,0.030275669,0.99946899,0.999783177,0.0107995,0.989092139,0.001120036,0.000229738,0.021006747,0.999793266,0.989490876,0.999783177
4742,0.030275569,0.999469595,0.000222272,0.000322259,0.998862409,0.968599956,0.001010161,0.021006848,0.021201676,0.000312976,0.000222272
4743,0.030275468,0.999483115,0.968704585,0.030283237,2.01E-05,0.030374345,0.030376464,0.021007957,0.021210151,0.979287867,0.968704585
4744,0.030275165,0.999484124,0.02060014,0.021000794,0.030278696,0.999171652,0.999469696,0.999672192,0.021215801,0.000707375,0.02060014
4745,0.030275064,0.999487655,0.999976996,0.010102921,0.999065006,0.020608615,0.999484527,0.999672394,0.999873579,0.00081725,0.999976996
4746,0.03027466,0.020904338,0.010506905,1.25E-05,0.988995078,0.020786997,0.021091196,0.999672898,0.999881247,0.998979951,0.010506905
4747,0.03027456,0.999567463,0.010607093,0.989698719,0.98979689,0.010098179,0.99997064,0.99967421,0.999885989,0.999469797,0.010607093
4748,0.030274459,0.999569279,0.010795767,0.011207015,0.998968853,0.98907539,0.010701632,0.999675723,0.021291674,0.99958401,0.010795767
4749,0.030274358,0.999577149,0.978893569,0.030480385,0.000816039,7.26E-06,0.030598332,0.999676631,0.021294197,0.999778737,0.978893569
4750,0.030274257,0.030375354,0.020602158,0.989490068,0.999375258,0.020908273,0.020382711,0.999679658,0.02129914,0.999780553,0.020602158
4751,0.030273954,0.020999987,0.999271841,0.030291813,0.9895838,0.010800711,0.021296921,0.999680062,0.021320026,0.999888309,0.999271841
4752,0.030273853,0.021005536,0.999879027,0.00090856,0.999890226,0.010916841,0.021298838,0.999682181,0.999994653,0.010311975,0.999879027
4753,0.030273551,0.999675118,0.010901606,0.998981162,0.988983878,0.989689437,0.021300149,0.999682887,0.010092226,0.011006739,0.010901606
4754,0.030273349,0.999680062,0.978695613,0.999579066,0.989187686,0.979207252,0.989288581,0.99968319,0.010102719,0.000222272,0.978695613
4755,0.030273147,0.021087664,0.02048411,0.000716758,0.989295442,0.001127905,0.989496021,0.999688335,0.988774117,0.978998601,0.02048411
4756,0.030272441,0.021102395,0.020598021,0.011205804,0.000612735,0.030281017,0.010899084,0.999688941,0.988875315,0.000406102,0.020598021
4757,0.030272239,0.021107743,0.020797894,0.98949471,0.989481089,0.030473726,2.10E-05,0.999689243,0.010297245,0.999276986,0.020797894
4758,0.030272138,0.999781159,0.010607598,0.010209063,0.999081149,0.999181842,0.000322259,0.99968995,0.988995784,0.988995078,0.010607598
4759,0.030272037,0.999783177,0.979614161,0.999894262,0.988986098,0.020698411,0.03028475,0.999771775,0.989075592,0.988999012,0.979614161
4760,0.030271936,0.999784892,0.001119531,0.999982242,0.010506602,0.020698916,0.030471708,0.999772784,0.989084874,0.010618797,0.001119531
4761,0.030271735,0.999787011,0.969523953,0.989684493,0.999085286,0.020795876,0.020699925,0.999778535,0.989091432,0.011219022,0.969523953
4762,0.030271634,0.999794073,0.020504289,0.011103295,0.988990436,0.020797894,0.02090565,0.999782672,0.010524158,0.00012289,0.020504289
4763,0.030271432,0.02120107,0.020908576,0.000415687,0.010622026,0.999578965,0.030276073,0.999783277,0.989181128,0.979206646,0.020908576
4764,0.030271028,0.0212044,0.021005637,0.999176898,0.010615468,0.988876122,0.010305518,0.999784589,0.989181632,0.979295333,0.021005637
4765,0.030270927,0.021215297,0.021006848,0.000529194,0.989891933,0.988976715,0.989091533,0.999787112,0.989190713,0.979296039,0.021006848
4766,0.030270625,0.021216911,0.999776417,0.010293613,0.020381198,0.010510133,0.989695592,0.999788928,0.989191924,0.97969407,0.999776417
4767,0.030270524,0.999883466,0.999974675,0.020296244,0.020599433,0.000827541,0.011205804,0.999793266,0.010596701,0.021306708,0.999974675
4768,0.030270423,0.999885081,0.010496512,0.999675421,0.000204111,0.030473323,0.968704181,0.999872469,0.01060215,0.011210849,0.010496512
4769,0.030270019,0.999888007,0.978693393,0.9999775,0.999073481,0.02060468,0.969110586,0.999879632,0.989281115,0.000304905,0.978693393
4770,0.030269918,0.999894867,0.968913841,0.001117715,0.01081413,0.020701539,0.969220562,0.999880944,0.989283637,0.000928133,0.968913841
4771,0.030269717,0.021294701,0.969309248,6.76E-06,0.988999416,0.999769253,0.030491585,0.999882155,0.01070143,0.001136582,0.969309248
4772,0.030269515,0.021300048,0.03047756,1,0.98979578,0.999780957,0.998973494,0.999884677,0.01071717,0.030482807,0.03047756
4773,0.030269414,0.021302369,0.020692862,0.989191924,0.98898973,0.999786405,0.02050661,0.999886291,0.010807168,0.030485329,0.020692862
4774,0.030269313,0.999971447,0.00042497,0.989902729,0.989889915,0.010802527,0.02068923,0.999886998,0.989479071,0.998982474,0.00042497
4775,0.03026901,0.999971951,0.02039724,0.999380605,0.999284856,0.989704874,0.999568573,0.999889015,0.98949592,0.020394617,0.02039724
4776,0.030268909,0.999973465,0.010092125,0.999672091,0.989088002,0.000619899,0.978690972,0.999889722,0.010901909,0.020493998,0.010092125
4777,0.030268708,0.999977198,0.978887213,0.989790837,0.989182944,0.000931866,0.979092635,0.99989063,0.989594596,0.999180732,0.978887213
4778,0.030268607,0.999992836,0.000418311,0.03058128,0.99988609,0.001016719,0.97939986,0.999890731,0.010999474,0.020703961,0.000418311
4779,0.021323759,0.999994854,0.000428703,0.999374148,0.020800517,0.020583492,0.030390185,0.999891437,0.011008958,0.999370718,0.000428703
4780,0.021323557,0.999995056,0.020201403,0.010914521,0.020904439,0.020590756,0.020507922,0.999894666,0.011014003,0.999587541,0.020201403
4781,0.021323456,0.030474332,0.020406926,0.020898285,0.9893922,0.999470099,0.021092306,0.999895271,0.989692968,0.999679154,0.020406926
4782,0.021323355,0.030575126,0.020593279,0.999979922,0.999986278,0.999671284,0.010204119,0.999972859,0.989694482,0.999785699,0.020593279
4783,0.021323254,0.030576236,0.020787603,0.999379899,0.988981961,0.999988902,0.010614358,0.999980325,0.98969993,0.02120218,0.020787603
4784,0.021323053,0.030583904,0.020902926,0.999895069,5.65E-06,0.010601746,0.010717573,0.999980931,0.989701746,0.010907962,0.020902926
4785,0.021322952,0.010095858,0.98948119,0.000612836,0.988986703,0.001117513,0.010719087,0.999989002,0.011113082,0.011019451,0.98948119
4786,0.02132275,0.010108268,0.020295437,2.08E-05,0.988986804,0.030491484,2.16E-05,0.99998991,0.011118631,0.011127005,0.020295437
4787,0.021322548,0.030272239,0.999477666,1.49E-05,0.010109681,0.020686001,0.0005186,0.999990819,0.011123272,0.98989829,0.999477666
4788,0.021322447,0.010210475,0.989293727,0.000925813,0.000223987,0.999571398,0.979388156,0.999993139,0.989782866,2.10E-05,0.989293727
4789,0.021322245,0.010311875,0.969304506,0.011113486,0.988978026,0.999668055,0.998862308,0.999993341,0.011207621,0.978801048,0.969304506
4790,0.021322144,0.988980952,0.999168928,0.00042608,0.010605378,0.999777526,0.020297959,0.999995258,0.989884366,0.999385549,0.999168928
4791,0.021321943,0.988983676,0.020604882,0.010112506,0.021298737,0.999886695,0.020390278,0.999998789,5.04E-06,0.999480391,0.020604882
4792,0.02132164,0.010396727,0.020886278,0.000112599,0.000222675,0.010514774,0.999681071,0.030480688,1.26E-05,0.988992152,0.020886278
4793,0.021320732,0.010407826,0.000508814,0.000511538,0.010205027,0.989589248,0.030477056,0.010092024,0.978694402,0.989293929,0.000508814
4794,0.021320631,0.010412063,0.96940187,0.000726444,0.999788221,0.000407616,0.010102719,0.010096464,0.978791968,0.01081746,0.96940187
4795,0.021320429,0.010413476,0.999367388,0.99987267,0.989193034,0.979795772,0.010599425,0.010101307,0.978887314,0.979299369,0.999367388
4796,0.021320328,0.989083562,0.020906961,0.000229435,0.988998205,0.020181224,2.12E-05,0.010103325,0.978904567,0.000817653,0.020906961
4797,0.021320227,0.010504382,0.0209902,0.021306708,0.989784278,0.020185966,0.000607186,0.010112506,0.000303089,0.02048744,0.0209902
4798,0.021320026,0.010514774,0.968903953,0.02089445,0.020705777,0.02061255,0.000729067,0.010113111,0.979003343,0.999372534,0.968903953
4799,0.021319824,0.010596096,0.020996052,0.998870783,0.989686108,0.999272042,0.999389686,0.988776943,0.000421539,0.999777728,0.020996052
4800,0.021319723,0.010604268,0.030275669,0.989904848,0.998977126,0.020907062,0.020809699,0.010193121,0.979104339,0.988782189,0.030275669
4801,0.021319622,0.010619403,0.010903018,0.011121557,0.988986501,0.99967754,0.999886998,0.010202908,0.000527378,0.010200991,0.010903018
4802,0.021319319,0.989496728,0.000409634,0.989185265,0.999582496,0.999793569,0.010511142,0.010205027,0.000625448,0.989800321,0.000409634
4803,0.021319017,0.011012187,0.979098083,0.020604579,0.989291507,0.010206237,0.989188998,0.010291595,0.000629585,4.84E-06,0.979098083
4804,0.021318815,0.989685199,0.969515781,0.000304501,0.000109875,0.010903523,0.010803738,0.010293613,0.000710099,0.000730884,0.969515781
4805,0.021318714,0.011104405,0.969524054,0.999282435,0.020382913,0.010905642,0.01111742,0.010294521,0.000716355,0.020285448,0.969524054
4806,0.021318613,0.011105313,0.02068923,0.989801128,0.989784884,0.989595201,0.978799131,0.030276073,0.000807665,0.999569481,0.02068923
4807,0.021318411,0.011111165,0.999770867,0.989780444,0.021087866,0.989783269,0.000529194,0.988996793,0.000808068,0.999570893,0.999770867
4808,0.02131831,0.011114091,0.000316911,0.011003308,0.988981154,0.000122789,0.001117311,0.010398947,0.000821992,0.999869845,0.000316911
4809,0.02131821,0.011122162,0.00082966,0.010904835,0.01122336,0.020706887,0.968898202,0.010403386,0.000829357,0.021315183,0.00082966
4810,0.021318008,0.011124584,0.030283842,0.999484729,0.011117017,0.999388273,0.030291308,0.010412366,0.979508827,0.030574319,0.030283842
4811,0.021317705,0.98978337,0.969300269,0.9894936,0.98898065,0.02089556,0.030372125,0.01041287,0.000914311,0.010311875,0.969300269
4812,0.021317402,0.011207318,0.030386654,0.999669266,0.030489062,0.99988387,0.030491181,0.010414081,0.979590955,0.989079728,0.030386654
4813,0.0213171,0.011207419,0.020593481,0.989485326,0.998970165,0.030582592,0.030590765,0.010414182,0.979593074,0.98908437,0.020593481
4814,0.021316898,1.21E-06,0.020688019,0.998864729,0.010914521,0.010205128,0.969721909,0.989075592,0.001018132,0.010595692,0.020688019
4815,0.021316797,1.51E-06,0.020887085,0.000315801,0.000826532,0.010405404,0.969722313,0.989088002,0.001018636,0.011012187,0.020887085
4816,0.021316696,1.35E-05,0.030269313,0.999581185,0.988975706,0.000712319,0.021314678,0.010494696,0.001019847,0.011209235,0.030269313
4817,0.021316595,1.66E-05,0.999273959,0.99979256,0.030586931,0.001130226,0.010309756,0.010497219,0.979691043,0.011212262,0.999273959
4818,0.021316494,1.68E-05,0.999794073,0.99947353,0.989897583,0.999365673,0.01031248,0.010512252,0.001113881,0.030490979,0.999794073
4819,0.021316393,2.12E-05,3.63E-06,0.999784791,0.98898408,0.999581891,0.989085379,0.010520122,0.001116908,0.020298262,3.63E-06
4820,0.021316192,0.000109572,0.000719684,0.999689344,0.989801027,0.999784589,0.011024597,0.01052325,0.979815245,0.020390682,0.000719684
4821,0.02131599,0.000111489,0.001120338,0.999681071,0.988978934,0.010613046,0.989803045,0.989196363,0.96891152,0.020586922,0.001120338
4822,0.021315889,0.000126018,0.030495318,0.011116815,0.02080536,0.010807067,0.011210647,0.010595188,0.969004243,0.999275876,0.030495318
4823,0.021315687,0.000126623,0.020183141,0.030278091,0.988979035,0.000507199,0.978988612,0.010595995,0.969015947,0.999381413,0.020183141
4824,0.021315485,0.00020855,0.020399661,0.010110589,0.989286967,0.001016416,0.979288775,0.01059771,0.030268708,0.999474438,0.020399661
4825,0.021315183,0.000317819,0.03027799,0.999793871,0.999182549,0.030473625,0.000934591,0.010599224,0.030284245,0.020897881,0.03027799
4826,0.021315082,0.000606177,0.020499648,0.010604369,0.999787112,0.020397442,0.001034174,0.01060215,0.030288887,0.021092407,0.020499648
4827,0.021314981,0.000716758,0.99928637,0.010719692,0.999778132,0.999374148,0.030383223,0.010612138,0.96930834,0.021094828,0.99928637
4828,0.02131488,0.000718877,0.99937778,0.999879733,0.998866344,0.999573012,0.020287668,0.010613046,0.969403384,0.99998194,0.99937778
4829,0.021314779,0.000813113,0.020795674,0.000523443,0.000422246,0.021010076,0.020597214,0.010620714,0.030475643,0.999985572,0.020795674
4830,0.021314678,0.000820983,0.020796179,0.999779645,0.989882147,0.999871561,0.999689142,0.989283435,0.030476753,0.010401469,0.020796179
4831,0.021314577,0.000908459,0.999974978,0.989891025,0.989397144,0.999971043,0.999785094,0.989288278,0.030491484,0.010494293,0.999974978
4832,0.021314476,0.000915824,0.010205834,0.000718877,0.99938898,0.010410146,0.021314779,0.989294534,0.030495116,0.000515977,0.010205834
4833,0.021314376,0.001009656,0.010808581,0.999370516,0.000118047,1.01E-06,0.989801632,0.010696285,0.96950781,0.000623128,0.010808581
4834,0.021314275,0.001034477,0.979799001,0.989076903,0.999784791,1.09E-05,0.978683909,0.010701128,0.030591471,0.979609621,0.979799001
4835,0.021314174,0.001038311,0.010515279,0.010194937,0.988981457,0.000122587,0.979194842,0.010710107,0.969722514,0.020488247,0.010515279
4836,0.021314073,0.001127905,0.010905036,1.34E-05,0.999178311,0.000413367,0.969010801,0.010712125,0.02028,0.020491879,0.010905036
4837,0.021313972,0.030275165,0.020498639,0.999475447,0.999877715,0.969018772,0.030592984,0.98940007,0.020287668,0.020609624,0.020498639
4838,0.021313871,0.030371015,0.999368195,0.011223461,0.989591569,0.020804452,0.999089322,0.010797684,0.020293621,0.020614164,0.999368195
4839,0.02131377,0.030383425,0.02089778,0.999369911,0.999997881,0.020902724,0.010309251,0.010800913,0.020298665,0.999273959,0.02089778
4840,0.021313669,0.030387663,0.020903733,0.989483409,0.988980549,0.999576039,0.011114999,0.010804141,0.998971375,0.02090676,0.020903733
4841,0.021313568,0.030392506,0.020999079,0.999890327,0.989782866,0.999582396,0.968801747,0.010812818,0.998975007,0.989284747,0.020999079
4842,0.021313468,0.030479175,0.000113709,0.020591967,0.020399157,0.999881347,0.030486136,0.010816148,0.020405412,0.978790454,0.000113709
4843,0.021313367,0.030485632,0.000206835,0.001022672,0.989291911,0.030477056,0.020283733,0.010817661,0.02040743,0.000525562,0.000206835
4844,0.021313266,0.020197367,0.010706677,0.021115411,0.000812104,0.01070143,0.020805259,0.989482905,0.99906662,0.00101117,0.010706677
4845,0.021313165,0.020199687,0.020598828,0.020700833,0.98899195,0.989593789,0.020897578,0.989493398,0.99906773,0.001118018,0.020598828
4846,0.021312963,0.020203925,0.999781663,0.999881549,0.021113292,0.000121881,1.84E-05,0.98949471,0.999070353,0.030388874,0.999781663
4847,0.021312761,0.998862711,0.988989831,0.989889714,0.989597219,0.968809818,0.000313582,0.010905642,0.999075499,0.998870581,0.988989831
4848,0.02131266,0.99886937,0.000216924,0.989594596,0.000731388,0.020504491,0.97909092,0.010906853,0.999078828,0.999374754,0.000216924
4849,0.021312559,0.020287365,0.968695201,0.010300776,0.0305948,0.020802232,0.969202502,0.010911393,0.999081553,0.999384339,0.968695201
4850,0.021312459,0.020298262,0.96930834,0.000223987,0.030494511,0.999981839,0.969514267,0.989599439,0.999086295,0.020900908,0.96930834
4851,0.021312257,0.020299674,0.020694981,1.18E-05,0.989385844,0.010192112,0.020196459,0.989685906,0.020505702,0.021101891,0.020694981
4852,0.021312055,0.998968147,0.020900908,0.989594798,0.999996469,0.968710537,0.020586822,0.989702957,0.999177706,0.999882356,0.020900908
4853,0.021311954,0.020383014,0.999783782,0.999376368,0.999178109,0.030276477,0.999871056,0.989704975,0.020608211,0.999883365,0.999783782
4854,0.021311752,0.020401276,0.999889722,1.57E-05,0.000916228,0.02028,0.999878623,0.989784278,0.020693569,0.999997982,0.999889722
4855,0.021311651,0.020404504,0.989479273,0.00062908,0.988975201,0.020280303,0.010298052,0.989785086,0.020698613,0.010204522,0.989479273
4856,0.02131145,0.020408641,0.989796386,0.999683291,0.988998306,0.02028343,0.000213595,0.989790837,0.020700429,0.010301482,0.989796386
4857,0.021311248,0.999070454,0.000120368,0.021306304,0.999377074,0.020793253,0.001023782,0.989794771,0.020704162,0.010700623,0.000120368
4858,0.021311147,0.999081956,0.979087388,0.010901101,0.020794161,0.999468687,0.020399863,0.989795175,0.999365673,0.000419521,0.979087388
4859,0.021311046,0.020485725,0.000826532,0.000313279,0.99906662,0.99978358,0.020794968,0.989803549,0.999369709,0.000521022,0.000826532
4860,0.021310945,0.020492687,0.001125787,0.99928193,0.010105242,0.999791349,0.999678548,0.989895364,0.020786695,0.979391587,0.001125787
4861,0.021310743,0.020498942,0.969213903,0.021293389,0.999978408,0.010205531,0.999684602,0.98990172,0.020789217,0.001016618,0.969213903
4862,0.021310642,0.020500758,0.969218342,0.010395617,0.020901917,0.010504584,0.999795788,1.61E-06,0.020794262,0.00112952,0.969218342
4863,0.021310542,0.020507518,0.030282127,0.0202913,0.989299276,0.000730884,0.021302773,3.03E-06,0.999468081,0.999067831,0.030282127
4864,0.021310441,0.999178412,0.969708187,0.999879632,0.000407111,0.020296547,0.021310037,3.83E-06,0.999476658,0.020491778,0.969708187
4865,0.02131034,0.020593279,0.020492687,0.999771775,0.021202887,0.020399863,0.989084874,1.27E-05,0.020887287,0.999168322,0.020492687
4866,0.021310239,0.020602158,0.010294218,0.989892741,0.999688133,0.999372635,0.989694784,1.34E-05,0.020895056,0.99957281,0.010294218
4867,0.021310138,0.999273152,0.010317121,0.989088809,0.00062,0.030369804,0.989697811,1.74E-05,0.999580378,0.999688033,0.010317121
4868,0.021310037,0.999286672,0.9895838,0.989699325,0.989091432,0.021006444,1.57E-05,1.96E-05,0.021002105,0.999877513,0.9895838
4869,0.021309936,0.02068923,4.04E-07,0.999086799,0.989185164,0.98898075,0.000419622,2.19E-05,0.021006948,0.010518911,4.04E-07
4870,0.021309835,0.999367994,1.30E-05,0.010911796,0.99908468,0.010697697,0.020497529,2.23E-05,0.999669064,0.010612441,1.30E-05
4871,0.021309734,0.999370718,0.97940208,0.010903321,0.989486234,0.989392907,0.020604276,0.978693393,0.99967078,0.010714748,0.97940208
4872,0.021309633,0.999372937,0.969019276,0.000716355,0.999791652,0.010802224,0.99939009,0.00010372,0.021093617,0.011014003,0.969019276
4873,0.021309331,0.999381917,0.030484219,0.999788726,0.01090433,0.968910108,0.01030118,0.000106545,0.021103707,0.011210647,0.030484219
4874,0.02130923,0.020788713,0.969517092,0.020892231,0.010614257,0.030386452,0.010410247,0.000109572,0.021117328,1.03E-05,0.969517092
4875,0.021309129,0.02079406,0.998871187,0.999084479,0.030581785,0.969418619,0.000619899,0.0001127,0.999779847,1.70E-05,0.998871187
4876,0.021308826,0.020794464,0.999269722,0.998861803,0.989793258,0.020703557,0.979812218,0.000113709,0.99978126,0.000103619,0.999269722
4877,0.021308725,0.020797188,0.020784979,0.998868261,0.00021188,0.02089778,0.030590361,0.000117644,0.021192797,0.000109471,0.020784979
4878,0.021308625,0.999475346,0.999675118,0.989084975,0.00091199,0.999974675,0.999678649,0.000119762,0.021197438,0.0009244,0.999675118
4879,0.021308524,0.020889608,0.010096363,0.020901917,0.020792547,0.999991222,0.011223259,0.978802057,0.021202584,0.001029432,0.010096363
4880,0.021308423,0.020892029,0.989896978,0.999885383,0.989399263,0.999994249,0.000213191,0.000203505,0.021205409,0.001112771,0.989896978
4881,0.021308322,0.020895258,0.001122962,0.000614955,0.999888309,0.0105177,0.97929382,0.00020522,0.999886695,0.020288071,0.001122962
4882,0.021308221,0.020900605,0.969115833,0.010301381,0.021316192,0.010521837,0.001024185,0.000205927,0.021310743,0.020291098,0.969115833
4883,0.021307918,0.99956827,0.030491787,0.010204522,1.35E-05,0.010714748,0.979694978,0.000208146,0.021312963,0.999474942,0.030491787
4884,0.021307716,0.999568472,0.999165699,0.020187076,0.0004284,0.000424264,0.020293621,0.00020855,0.021313367,0.999672999,0.999165699
4885,0.021307616,0.999570389,0.020696293,0.989188796,0.999771775,0.000816644,0.020991209,0.000221868,0.999978005,0.010107663,0.020696293
4886,0.021307515,0.999578461,0.999792459,0.999176697,0.989899803,0.96870176,1.24E-05,0.000222272,0.999985168,0.010407826,0.999792459
4887,0.021307414,0.020988586,0.999871056,0.99936981,0.020686001,0.968796702,0.000122083,0.000229435,0.999986177,0.010595793,0.999871056
4888,0.021307313,0.020998877,0.989378378,0.000731388,0.000728765,0.02079517,0.000314187,0.000230343,0.999990112,0.989398859,0.989378378
4889,0.021307212,0.021000996,0.000824413,0.010520425,0.000112801,0.999670477,0.000528085,0.000320644,0.999998587,0.030272138,0.000824413
4890,0.021307111,0.021002105,0.96890133,0.030373033,0.010313993,0.010096363,0.000924804,0.00032125,0.030480486,0.000431326,0.96890133
4891,0.02130701,0.999669468,0.969420334,0.98909234,0.000212788,0.010502062,0.030485632,0.000322561,0.010092327,0.000714337,0.969420334
4892,0.021306909,0.999672091,0.998860794,0.989276373,0.020903329,0.989800018,0.020183141,0.000414174,0.010108975,0.979400163,0.998860794
4893,0.021306808,0.999678548,0.020404504,0.998972586,0.020905347,0.000728967,0.020405211,0.000414679,0.988791875,0.001117715,0.020404504
4894,0.021306708,0.999686519,0.999266594,0.999087001,0.020284137,0.00093449,0.99958633,0.000415687,0.010192314,0.998869068,0.999266594
4895,0.021306607,0.021092306,0.020697201,0.989495012,0.999777728,0.979604677,0.999875092,0.000420329,0.010201495,0.999264274,0.020697201
4896,0.021306506,0.021097249,0.010507207,0.989293727,0.000309647,0.999585019,0.999987993,0.000422851,0.010293613,0.020906255,0.010507207
4897,0.021306405,0.021099267,0.979511147,0.011004418,0.020988686,0.010106452,0.9999887,0.000425575,0.01030229,4.04E-07,0.979511147
4898,0.021306304,0.021105422,0.020287769,0.999884677,0.999972657,0.000109471,0.010103022,0.000510226,0.010313792,0.978691779,0.020287769
4899,0.021306102,0.021105826,0.020594893,0.021099469,0.020292713,0.000912595,0.010720096,0.000515271,0.988980952,0.000824817,0.020594893
4900,0.021306001,0.021106935,0.020690037,0.99979488,0.00062565,0.001128713,0.00040812,0.000527378,0.988981558,0.020405009,0.020690037
4901,0.0213059,0.021111274,0.020906053,0.98949138,0.000123294,0.030292115,0.020297253,0.000606177,0.988985694,0.020600745,0.020906053
4902,0.021305699,0.999770363,0.99958744,0.999876101,0.010313792,0.020896267,0.021089178,0.000622522,0.010493082,0.999272547,0.99958744
4903,0.021305497,0.999787616,0.021011388,0.999178715,0.001034376,0.969415087,0.021294701,0.000627668,0.01050418,0.020692459,0.021011388
4904,0.021305396,0.99979367,0.999782269,0.030270019,0.999583606,0.999183558,0.030474332,0.979294223,0.010509427,0.030376363,0.999782269
4905,0.021305194,0.021205106,0.999891437,0.999790138,0.020588739,0.99928637,0.000612836,0.979304212,0.010614257,0.021293692,0.999891437
4906,0.021305093,0.021207931,0.989385844,0.989780545,0.000124706,0.999891437,0.979694877,0.000715648,0.989285252,0.010308444,0.989385844
4907,0.021304992,0.021213077,0.000230343,0.999582698,2.06E-05,0.01060558,0.02050096,0.000716859,0.989299377,0.010397534,0.000230343
4908,0.021304891,0.021217214,0.979288876,0.001120237,0.000418311,0.010902514,0.999385549,0.000719684,0.010697092,0.989085177,0.979288876
4909,0.021304589,0.999873276,0.979697803,0.030283842,0.02080314,1.61E-05,0.010192112,0.000722509,0.010710511,0.010515279,0.979697803
4910,0.021304387,0.999893152,0.969614557,0.989090524,0.999366884,0.000222272,0.988872692,0.000730884,0.989384532,0.978990227,0.969614557
4911,0.021303983,0.02128895,0.99947918,0.989292819,0.030378481,0.020404101,0.010609515,0.979396934,0.989384734,0.969713737,0.99947918
4912,0.021303882,0.021323456,0.020990805,0.000519004,0.998862711,0.02080193,0.000208449,0.000809178,0.9893922,0.020704364,0.020990805
4913,0.021303782,0.999989002,0.999996065,0.030584206,0.999788625,0.999479382,0.000925611,0.000825624,0.010805352,0.020793253,0.999996065
4914,0.021303681,0.999989709,0.001011775,0.000528589,0.030488457,0.020904036,0.969314798,0.00082966,0.010814534,0.021010682,0.001011775
4915,0.02130358,0.999996166,0.02018304,0.001026203,0.00102025,0.999587844,0.030384031,0.00083087,0.010819377,0.021295609,0.02018304
4916,0.021303479,0.999996469,0.020489761,0.01029785,0.010110387,0.021004123,0.020603469,0.979509533,0.010906045,0.010610019,0.020489761
4917,0.021303378,0.999999092,0.020794262,0.989902023,0.020795271,0.989187081,0.020691349,0.000918649,0.010907761,0.010614257,0.020794262
4918,0.021303075,1,0.99946899,0.989477558,0.000218135,1.29E-05,0.999374249,0.000919759,0.010909577,0.989291608,0.99946899
4919,0.021302974,0.030472516,0.999871662,0.998966129,0.00040812,1.96E-05,0.020896771,0.00091986,0.989597219,0.01070032,0.999871662
4920,0.021302874,0.030576034,0.010414888,0.999264778,0.99927063,0.030270019,0.021194916,0.000920163,0.011009866,0.98949138,0.010414888
4921,0.021302773,0.030577346,0.989784278,0.020989191,0.011026413,0.999267603,0.021205611,0.979614363,0.989684493,0.00010483,0.989784278
4922,0.021302672,0.010096363,0.000711512,0.989699829,0.021196227,0.999475548,0.999890932,0.0010146,0.011107835,0.000219447,0.000711512
4923,0.02130247,0.988776943,0.999178614,0.999085387,0.000119561,0.999582597,0.021293995,0.001019948,0.011121456,0.001017728,0.999178614
4924,0.021302369,0.010196753,0.020594086,0.010706273,0.000228225,0.999788928,0.021296214,0.979694978,0.989780848,0.998967339,0.020594086
4925,0.021302167,0.010306729,0.978893367,0.999787313,0.020610128,0.999986379,0.999996166,0.001114789,0.011205603,0.999380303,0.978893367
4926,0.021302066,0.010405404,0.000723417,0.021307616,0.000115222,0.000414679,0.010701329,0.001118926,1.14E-05,0.999678246,0.000723417
4927,0.021301562,0.01041287,0.001130226,0.010412669,0.020582584,0.000416999,1.25E-05,0.001127905,1.24E-05,0.999979115,0.001130226
4928,0.021301461,0.989081444,0.030383123,0.0110137,0.011117723,0.998981061,1.71E-05,0.96922147,1.49E-05,0.010312278,0.030383123
4929,0.02130136,0.989085177,0.021008563,0.000606177,0.999669972,0.020609624,0.000209155,0.03028253,1.70E-05,0.010395315,0.021008563
4930,0.021301259,0.010506501,0.010090814,0.989077509,0.000119258,0.020692156,0.030271634,0.03028586,2.09E-05,0.010497521,0.010090814
4931,0.021301158,0.01052325,0.969113209,0.021299342,7.97E-06,0.020693468,0.020297757,0.030288887,0.978696824,0.989681265,0.969113209
4932,0.021301057,0.010613248,0.020293822,0.010402377,0.000622926,0.999567665,0.020298665,0.030289189,0.000105133,0.989903536,0.020293822
4933,0.021300755,0.010622329,0.020407027,0.030284548,0.021197438,0.999991121,0.999979115,0.030388874,0.000105234,9.28E-06,0.020407027
4934,0.021300654,0.010705971,0.02090676,0.989289994,0.999674008,0.010501759,0.030577043,0.030391396,0.000113002,0.000104527,0.02090676
4935,0.021300553,0.010716262,0.999567665,0.989083764,0.000116736,0.01061456,1.32E-05,0.030471708,0.000119863,0.000526067,0.999567665
4936,0.021300452,0.010718784,0.999584313,0.010205027,0.030384132,1.71E-05,0.979389065,0.030471002,0.000124504,0.000928638,0.999584313
4937,0.021300351,0.010797381,0.010520425,0.011208831,2.16E-05,0.020196761,0.000831879,0.030476753,0.978783997,0.00111711,0.010520425
4938,0.02130025,0.010807975,0.001029432,0.998863821,0.010301281,0.020384527,0.969515781,0.03049108,0.978786318,0.020399157,0.001029432
4939,0.021300149,0.989477558,0.030276477,0.021093012,0.999870249,0.999174881,0.020590857,0.020197266,0.00021309,0.999173165,0.030276477
4940,0.021300048,0.010904835,0.020592371,0.021315687,0.000722711,0.999470806,0.030376665,0.020197367,0.0002255,0.999376872,0.020592371
4941,0.021299948,0.010911796,0.010395214,0.000522434,0.010395416,0.010604672,0.999686116,0.020198174,0.978886406,0.999677842,0.010395214
4942,0.021299746,0.010914218,0.989489362,0.989780243,0.99968551,0.989888604,0.030596616,0.020200595,0.978905374,0.999786708,0.989489362
4943,0.021299544,0.989692464,0.989686713,0.999273657,0.99927174,0.001134867,0.020185159,0.020206145,0.000310151,0.999890529,0.989686713
4944,0.021299342,0.011098553,0.979509533,0.02110966,0.000416797,0.999976794,0.998861501,0.998863619,0.978992345,0.030579767,0.979509533
4945,0.02129914,0.011116512,0.969015846,0.989390586,0,0.010605378,0.020600947,0.02028,0.979004251,0.010306124,0.969015846
4946,0.02129904,0.011121053,0.969525265,0.989085177,2.62E-06,0.000307528,0.021095635,0.020283834,0.000406002,0.98929181,0.969525265
4947,0.021298838,0.011214582,0.999170239,0.020297152,0.000222272,0.020482799,0.021190678,0.020286356,0.00041256,0.010916236,0.999170239
4948,0.021298737,0.011217912,0.020609826,0.99886483,0.021193402,0.020692358,0.999891538,0.020288071,0.000417504,0.989784278,0.020609826
4949,0.021298434,0.011218114,0.020894854,0.989593082,0.999871662,0.999479483,0.989888806,0.020289181,0.000428804,0.989887191,0.020894854
4950,0.021298131,0.011222553,0.021008462,0.020599938,0.000420934,0.0209902,0.000820377,0.020295538,0.000515473,0.000206431,0.021008462
4951,0.021298031,9.28E-06,0.988783702,0.989691859,0.999981839,1.57E-05,0.969308038,0.020297152,0.000522434,0.000731388,0.988783702
4952,0.02129793,1.09E-05,0.000421539,0.989391494,0.999974272,0.969218645,0.030595002,0.020297253,0.00061213,0.030387158,0.000421539
4953,0.021297829,1.89E-05,0.968998996,0.999476052,0.021118236,0.999369507,0.020495713,0.020298262,0.000623733,0.010311168,0.968998996
4954,0.021297728,1.99E-05,0.020788713,0.999792459,0.00103488,0.021009067,0.020905347,0.998966431,0.00071242,0.989282527,0.020788713
4955,0.021297627,0.000106545,0.989882651,2.00E-05,0.999881247,0.010200083,0.98908437,0.998971981,0.00072029,0.00021198,0.989882651
4956,0.021297526,0.000219749,6.46E-06,0.030383829,0.020698008,0.000109572,0.000526975,0.998973797,0.000825725,0.999184264,6.46E-06
4957,0.021297425,0.000226408,0.978904567,0.000525663,0.000110278,0.010418722,0.969098277,0.020386444,0.979508121,0.020608817,0.978904567
4958,0.021297324,0.000226812,0.020613054,0.989592881,0.02081212,0.010914319,0.030483412,0.020389975,0.000911788,0.020686708,0.020613054
4959,0.021297223,0.000424768,0.020788107,0.010395416,0.999875294,0.000612735,0.030495116,0.020395726,0.000920465,0.999975684,0.020788107
4960,0.021297123,0.000527378,0.999787313,0.010309554,1.67E-05,0.010207751,0.998875424,0.020397643,0.000925611,0.010495403,0.999787313
4961,0.021297022,0.00071696,0.999987993,0.999785195,0.999993341,0.969013424,0.02028222,0.020404504,0.000929949,0.01061456,0.999987993
4962,0.021296921,0.000726343,0.999998688,0.99978136,0.999894867,0.010797381,0.999278601,0.02040854,0.97960609,0.011224773,0.999998688
4963,0.021296719,0.000826532,0.010900496,0.999988599,0.011101176,0.99938,0.999479483,0.999067427,0.001013995,0.979303102,0.010900496
4964,0.021296517,0.000915622,0.000312875,0.010312177,0.020381298,0.999486243,0.020996657,0.999077416,0.979711222,0.03038504,0.000312875
4965,0.021296416,0.00101339,0.001114789,0.010707888,0.001112973,0.999686216,0.010300776,0.999087001,0.001121953,0.999274565,0.001114789
4966,0.021296214,0.001019847,0.968802957,0.999084983,0.000215512,0.01071273,0.010412265,0.999088111,0.979813025,0.999685308,0.968802957
4967,0.021296013,0.001115798,0.030383425,0.989176083,0.000122083,0.00111489,1.67E-05,0.999089322,0.968810121,0.999885686,0.030383425
4968,0.02129571,0.001120338,0.03038625,0.000418311,0.020402385,0.020507821,0.978889432,0.020485725,0.96881345,0.999991424,0.03038625
4969,0.021295609,0.030282228,0.969712324,0.011124988,0.020485019,0.020992924,0.968904559,0.02049309,0.968898202,0.989090222,0.969712324
4970,0.021295508,0.030285053,0.010408128,0.011108945,0.010291595,0.010607093,0.968912731,0.030277385,0.968900018,0.989091533,0.010408128
4971,0.021295407,0.030287474,0.010900597,1.71E-05,0.999773692,0.010601141,0.030593892,0.020501263,0.969019276,0.011207318,0.010900597
4972,0.021295306,0.030291207,0.000727453,0.010703953,0.01100008,0.999685208,0.020381399,0.020504088,0.969211481,2.03E-05,0.000727453
4973,0.021295105,0.030374244,0.968710537,0.020287668,0.999279912,1.30E-05,0.021009471,0.020506408,0.030287575,0.00052415,0.968710537
4974,0.021294903,0.030387562,0.020797692,0.030594094,0.000712319,0.020396534,0.999675421,0.999166607,0.969309349,0.000717464,0.020797692
4975,0.021294802,0.030482706,0.02100483,0.02109503,0.999996065,0.020612852,0.021117227,0.999167213,0.969309551,0.000928739,0.02100483
4976,0.021294701,0.030493704,0.999669771,0.999971951,0.999177706,0.030280815,0.99978691,0.999173165,0.030379995,0.998978337,0.999669771
4977,0.021294499,0.030495318,0.999994451,0.011215591,0.999977702,0.999980931,0.999972355,0.999175082,0.030381206,0.999382825,0.999994451
4978,0.021294398,0.030589554,0.988992353,0.030475542,0.020806066,0.000832485,0.999976996,0.999176999,0.030478368,0.9994702,0.988992353
4979,0.021294297,0.030591874,0.010596903,1.01E-05,0.01102157,0.020683479,0.999998587,0.999178614,0.030492493,0.999473933,0.010596903
4980,0.021294197,0.030596818,0.968908796,0.989090928,0.020298766,0.020785787,0.989492086,0.999182347,0.969525366,0.999579873,0.968908796
4981,0.021293995,0.020191111,0.030372327,0.999575736,0.01110501,0.010293613,0.000226711,0.999183053,0.020202714,0.999580579,0.030372327
4982,0.021293894,0.02019777,0.020684084,0.021209445,0.99967643,0.989585616,0.030383728,0.020584198,0.020283834,0.020994639,0.020684084
4983,0.021293692,0.020198174,0.978795903,0.010800106,0.030596213,0.020706988,0.969415491,0.020593582,0.998979951,0.021300351,0.978795903
4984,0.02129349,0.020284237,0.00101339,0.000710906,0.999778334,0.999978408,0.969420637,0.020597718,0.02038483,0.989299377,0.00101339
4985,0.021293389,0.020285045,0.001127401,0.999067427,0.999890024,0.999078929,0.020403294,0.020599131,0.020388058,0.011216802,0.001127401
4986,0.021293087,0.020300078,0.969303699,0.998872195,0.020606193,0.001132042,0.020408136,0.020604781,0.02039391,2.09E-05,0.969303699
4987,0.021292986,0.020300683,0.96961718,0.98988477,0.999773491,0.000826532,0.020494402,0.020607808,0.020402083,0.000928436,0.96961718
4988,0.021292582,0.998975007,0.999278197,0.988984887,0.021193302,0.021001702,0.999273152,0.020610835,0.999078627,0.00093449,0.999278197
4989,0.021292481,0.99897531,0.999888612,0.999997982,0.021311954,0.988775126,0.020905751,0.020612651,0.999082864,0.979698409,0.999888612
4990,0.02129228,0.998979951,0.999987792,0.999479382,0.999892042,0.001126796,0.021093617,0.999266392,0.999085689,0.030377472,0.999987792
4991,0.021292078,0.020384628,0.030475946,0.020395424,0.000103115,0.99957614,0.03027577,0.999267603,0.999089322,0.999164387,0.030475946
4992,0.021291977,0.020393305,0.010201294,0.010805453,0.011216903,0.010909678,1.07E-05,0.999275069,0.020484514,0.999182448,0.010201294
4993,0.021291876,0.020404403,0.988978733,0.010107764,0.99999102,0.00041932,0.999484426,0.999275876,0.020490971,0.999790037,0.988978733
4994,0.021291775,0.020406825,0.01040036,2.16E-05,0.021106532,0.010507006,0.020907062,0.999276885,0.020493897,0.999992332,0.01040036
4995,0.021291674,0.999085286,0.978798021,0.001124879,0.001036394,0.999870753,0.010601544,0.999279509,0.020504491,0.010397837,0.978798021
4996,0.021291472,0.999086295,0.979499645,0.010622026,0.000221666,9.79E-06,0.010916438,0.999281224,0.999178109,0.010805857,0.979499645
4997,0.021291271,0.999087001,0.02040854,0.999271538,0.999996166,0.020286558,0.001024791,0.999281627,0.99918164,0.000209862,0.02040854
4998,0.021291069,0.030275064,0.999277289,0.020602864,0.99957957,0.999976895,0.979701234,0.999283544,0.999182549,0.97909657,0.999277289
4999,0.021290968,0.020484817,0.020698714,0.000105234,0.999989103,0.020194945,0.020610431,0.999284755,0.02060246,0.000513556,0.020698714
5000,0.021290867,0.020487137,0.988778456,0.989184659,0.0001015,0.999269722,0.999472117,0.99928637,0.999265585,0.0009357,0.988778456
5001,0.021290766,0.030278293,0.96891485,0.011111871,0.999673706,0.020583593,0.02089778,0.020685194,0.999276885,0.00103488,0.96891485
5002,0.021290665,0.999169735,0.969515377,0.998968651,0.999674614,0.000816947,0.988784711,0.020686001,0.999280417,0.020397139,0.969515377
5003,0.021290463,0.999174679,0.020697302,0.999184163,0.020600846,0.020702346,0.989496526,0.020686304,0.999286269,0.999071766,0.020697302
5004,0.021290363,0.999179925,0.020790428,0.030292418,0.030487751,0.999071261,0.011017736,0.020687616,0.020688423,0.999184062,0.020790428
5005,0.021290262,0.020591261,0.989397951,0.999575131,0.999794679,0.020705373,0.011111367,0.020690037,0.020702851,0.020705676,0.989397951
5006,0.021290161,0.02059449,0.9790887,0.000817451,0.021191586,0.999180228,0.000104527,0.020697302,0.999381816,0.010904835,0.9790887
5007,0.021289959,0.02059792,0.968808002,0.00052082,1.50E-05,0.010499842,0.97900415,0.02069821,0.999384238,0.000816947,0.968808002
5008,0.021289757,0.999266594,0.020288273,0.000410845,0.00093338,0.999175082,0.979488951,0.020698411,0.99938565,0.97970083,0.020288273
5009,0.021289656,0.999278197,0.020504996,0.030389782,0.021315082,0.000124504,0.02059792,0.020698916,0.020800517,0.03059137,0.020504996
5010,0.021289555,0.02069266,0.99937889,0.010610423,0.000817451,0.020293621,0.999981334,0.020702346,0.020800618,0.99886372,0.99937889
5011,0.021289454,0.020693468,0.999782571,0.001117513,0.999571398,0.000411551,0.9888736,0.020708299,0.999483619,0.020389975,0.999782571
5012,0.021289354,0.020697302,0.969108467,0.999382018,0.000319938,0.999078223,0.988999618,0.999365976,0.999585624,0.999081956,0.969108467
5013,0.021289051,0.999381816,0.030497033,0.99948705,0.020695687,0.99968662,0.989889815,0.999372635,0.03037495,0.020483707,0.030497033
5014,0.02128895,0.020791033,0.020609725,6.26E-06,2.32E-06,0.989075592,0.000119964,0.999374653,0.021000289,0.999175587,0.020609725
5015,0.021217315,0.020795775,0.020803241,0.999080342,0.00021309,0.010522846,0.00021188,0.99937657,0.021001399,0.999182952,0.020803241
5016,0.021217214,0.020798197,0.020290896,0.99907903,0.999998688,0.9990756,0.00021309,0.999380605,0.021007352,0.020701741,0.020290896
5017,0.021217113,0.020804351,0.020297556,0.99988619,0.999078627,0.020382005,0.00041256,0.999383128,0.021010682,0.020799912,0.020297556
5018,0.021217012,0.999467073,0.999177605,0.989905151,1.70E-05,0.010199578,0.030282429,0.999384339,0.999668459,0.999477364,0.999177605
5019,0.021216911,0.999467375,0.02069932,0.989295139,0.999880944,0.000506594,0.020685194,0.999384944,0.999672091,0.020898991,0.02069932
5020,0.02121681,0.999471512,0.020885774,0.020896569,0.999769051,0.020893139,0.020702649,0.999389182,0.999675421,0.999584313,0.020885774
5021,0.021216709,0.999472723,0.999587138,0.999369204,0.000411551,0.02040854,0.020791739,0.999389989,0.999679457,0.999686822,0.999587138
5022,0.021216608,0.999474034,0.99997064,0.00022994,0.000208651,0.999184264,0.020795069,0.020784576,0.021090994,0.988773411,0.99997064
5023,0.021215902,0.999479987,0.999980325,0.021193201,0.999782269,0.001036293,0.021090288,0.020789419,0.021098763,0.000114112,0.999980325
5024,0.021215801,0.020903228,0.989692464,0.989701847,0.999788423,0.99937768,0.021303882,0.02079517,0.021112888,0.000712016,0.989692464
5025,0.021215297,0.999570994,0.979193227,1.65E-05,0.000204817,0.02049198,0.989094156,0.020795674,0.999773188,0.969725037,0.979193227
5026,0.021215196,0.999575938,0.969604972,0.011110761,7.26E-06,0.999689849,0.000711411,0.020796683,0.999787818,0.998971678,0.969604972
5027,0.021214994,0.999579066,0.020299069,0.999871662,0.99997518,0.999470604,0.020601048,0.020797692,0.999788423,0.999281022,0.020299069
5028,0.021214893,0.021006242,0.020606093,0.020402385,0.000114919,0.979609621,0.020611339,0.020798197,0.021192595,0.999469595,0.020606093
5029,0.021214691,0.021006545,0.01061012,0.998973797,0.00052304,0.020204026,0.020688625,0.020800719,0.021196833,0.999976592,0.01061012
5030,0.021214389,0.021006747,0.010797381,0.000309647,0.000428804,0.001130125,0.999374653,0.020808589,0.021208738,0.010107764,0.010797381
5031,0.021214288,0.021008865,0.010802527,0.030375051,0.000619596,0.010497421,0.999387466,0.999466669,0.021214288,0.988784611,0.010802527
5032,0.021214187,0.021010682,0.000923593,0.000311362,0.010294218,0.030384031,0.99946788,0.999467073,0.99987943,0.988995481,0.000923593
5033,0.021213985,0.99967875,0.0206069,0.999875798,0.999978812,0.999677035,0.021206216,0.999468283,0.99988054,0.010598013,0.0206069
5034,0.021213884,0.999679457,0.020999482,0.01010171,0.010709805,0.999785699,0.021298131,0.99947131,0.999884273,0.010605176,0.020999482
5035,0.021213783,0.999685611,0.010090107,0.989400776,0.999086698,0.030277889,0.010402377,0.999473832,0.999888511,0.010704457,0.010090107
5036,0.021213682,0.021099772,0.978786318,0.000222675,0.010901101,0.020795472,0.010607598,0.999475245,0.999892749,0.011100066,0.978786318
5037,0.021213481,0.021110265,0.968914547,0.989884669,0.999974776,0.020993832,0.979614363,0.999477566,0.999894262,0.989789828,0.968914547
5038,0.02121338,0.021117731,0.020185562,0.999170441,0.010610827,0.010915832,0.968905164,0.999477666,0.021295306,1.88E-05,0.020185562
5039,0.021213279,0.999779343,0.020895359,0.98978337,0.000413064,0.01090655,0.030377472,0.999478474,0.021299746,0.000316003,0.020895359
5040,0.021213077,0.999780553,0.999889217,0.998971375,0.999873679,0.020397341,0.020598828,0.999481803,0.021302672,0.0004171,0.999889217
5041,0.021212875,0.999787313,0.010110791,0.999085588,1.11E-05,0.010611835,0.999367792,0.020886076,0.021323557,0.000419925,0.010110791
5042,0.021212572,0.999792661,0.989083764,0.999078828,0.98939664,0.000823001,0.021004426,0.020891928,0.99997629,0.000609709,0.989083764
5043,0.021212169,0.021190376,0.989694381,0.999486142,0.000223886,0.020280908,0.999874789,0.020896065,0.999980628,0.979289683,0.989694381
5044,0.021211967,0.021195319,0.000928133,0.999282233,0.020995749,1.99E-05,0.999883063,0.020897175,0.999985269,0.000812709,0.000928133
5045,0.021211866,0.021199557,0.001129419,0.989703663,0.000108361,0.020895359,0.030571494,0.999570086,0.999985673,0.020698815,0.001129419
5046,0.021211664,0.021200062,0.999467476,0.010818973,0.999676732,0.99978691,0.01101925,0.999570187,0.999997982,0.021012599,0.999467476
5047,0.021211463,0.999872973,0.020908475,0.999991424,0.010410146,0.020198174,0.000628071,0.999576039,0.030578758,0.999682181,0.020908475
5048,0.021211362,0.999876101,0.999584817,0.011216197,0.999878119,0.99917599,0.96869954,0.999579369,0.988877232,0.999770161,0.999584817
5049,0.021211261,0.999880641,0.999689748,0.020802031,0.999784488,0.999180632,0.020899697,0.999579873,0.988890449,0.989176487,0.999689748
5050,0.021211059,0.999887704,0.99988619,0.000407111,0.021304891,0.010918455,0.999674109,0.999580882,0.988890651,0.010600434,0.99988619
5051,0.021210958,0.021314779,0.999991828,0.020793555,0.999668762,0.999689546,0.021311147,0.999581286,0.010306325,0.010915832,0.999991828
5052,0.021210756,0.010192919,0.01050973,0.001010161,0.000915622,0.998978337,0.989192933,0.999582295,0.010408028,0.011210446,0.01050973
5053,0.021210655,0.988891862,0.98949582,0.010507611,0.999972355,0.020284338,0.989400676,0.99958623,0.01041166,0.000110884,0.98949582
5054,0.021210555,0.010305821,0.969304305,0.989278189,0.999983554,0.02059227,0.010902514,0.999587138,0.010412669,0.030288887,0.969304305
5055,0.021210252,0.010311269,0.969318026,0.99957392,0.021002408,0.020498337,0.01120197,0.020992016,0.0104162,0.998860996,0.969318026
5056,0.021210151,0.010395315,0.030490778,0.999870249,0.001036293,0.010600737,0.999481299,0.020995648,0.010497421,0.020403798,0.030490778
5057,0.02121005,0.010396929,0.969718277,0.989884467,1.01E-06,1.61E-06,0.010201596,0.020996556,0.010520122,0.999070252,0.969718277
5058,0.021209848,0.010403487,0.020293015,0.999482106,0.999976996,0.999994753,0.989086287,0.020999886,0.989196666,0.999179017,0.020293015
5059,0.021209747,0.0104162,0.030273349,0.998973494,0.999985875,0.989184659,0.989886586,0.0210015,0.010604369,0.999389888,0.030273349
5060,0.021209647,0.010505391,0.020690743,0.03048876,0.999971951,0.020384224,2.17E-05,0.021001702,0.010612844,0.999486444,0.020690743
5061,0.021209445,0.010512252,0.999467678,0.020611944,0.021099469,0.999089322,0.030473323,0.021001904,0.989277382,0.021212875,0.999467678
5062,0.021209344,0.989183449,0.999988094,0.989297056,0.020787603,0.010909879,0.030597121,0.021002005,0.989297359,0.021217214,0.999988094
5063,0.021209243,0.010598215,0.01010171,0.020388058,0.999579066,0.01009939,0.999381413,0.021003821,0.989385844,0.021296517,0.01010171
5064,0.021209041,0.010599022,0.010811608,0.989179715,0.999579974,1.77E-05,0.999572205,0.021005233,0.989399162,0.999973767,0.010811608
5065,0.02120894,0.989285252,0.969311165,0.020389774,0.021201373,0.010811406,0.021320328,0.021007352,0.0107995,0.010509427,0.969311165
5066,0.021208738,0.989291911,0.030383526,0.010193727,0.000824514,0.979304212,0.001125484,0.021008865,0.010808883,0.989704773,0.030383526
5067,0.021208638,0.989297056,0.03047978,0.010900698,0.030593489,0.010617788,0.969317118,0.021009471,0.01081413,0.98979689,0.03047978
5068,0.021208436,0.010712831,0.999567766,0.989700334,0.999571297,0.020500254,0.021314476,0.0210128,0.01081746,0.000709494,0.999567766
5069,0.021208335,0.010717674,0.999889419,0.000229738,0.01100805,0.030489769,0.010698504,0.99966967,0.989486234,0.020285347,0.999889419
5070,0.021208234,0.010797684,0.979005865,0.999587339,0.020388361,0.999281325,0.978698236,0.999677035,0.010906247,0.02058894,0.979005865
5071,0.021208133,0.989496627,0.000630796,0.021209344,0.030579767,0.999784892,0.000929949,0.999687326,0.989595201,0.99938111,0.000630796
5072,0.021207931,0.010901505,0.999372635,0.999164387,0.02050318,0.999894867,0.968907787,0.999687528,0.011020158,0.99957836,0.999372635
5073,0.02120783,0.010912704,0.99968662,0.000625852,0.999986783,0.020395928,0.969101001,0.999689849,0.989688428,0.999676631,0.99968662
5074,0.02120773,0.010915933,0.010709098,0.021095534,0.999777022,0.999367792,0.969525567,0.99969005,0.989905151,0.99968773,0.010709098
5075,0.021207629,0.989587836,0.010904229,0.999878724,0.011120044,0.020589445,0.020687817,0.99976895,0.030375656,0.010090713,0.010904229
5076,0.021207528,0.989595201,0.969221571,0.999083369,0.030271735,0.020388159,0.999375964,0.999772381,1.85E-05,0.98958834,0.969221571
5077,0.021207326,0.989595605,0.999178311,0.998968348,0.99997861,0.968900725,0.99938898,0.999779242,0.978693999,0.989792249,0.999178311
5078,0.021207124,0.020501565,0.999988195,0.999675824,0.999987691,0.99967532,0.999568472,0.999779443,0.000106041,0.000931362,0.999988195
5079,0.021207023,0.011010774,0.010407826,0.998980052,0.020791336,0.999683694,0.02119199,0.999779847,0.000112599,0.030485935,0.010407826
5080,0.021206821,0.011010976,0.020791739,0.030495621,0.999777829,0.969502765,0.02129228,0.999782168,0.000119762,0.020498538,0.020791739
5081,0.021206721,0.01101481,0.020998171,0.989792754,0.0202913,0.020897982,0.010105746,0.999786103,0.978793582,0.99928526,0.020998171
5082,0.021206418,0.989699224,0.000226711,0.999389484,0.010916034,0.020594893,0.989086488,0.999786708,0.978795903,0.020693669,0.000226711
5083,0.021206317,0.98970437,0.979709003,0.01071717,0.999997982,0.999472521,0.979304111,0.999790845,0.000202295,0.02079628,0.979709003
5084,0.021206216,0.011106221,0.030590058,0.000424566,0.011117622,0.979614363,0.001112065,0.999793468,0.000209256,0.999672293,0.030590058
5085,0.021206115,0.011107533,0.020683983,0.999471108,0.001018233,0.999690555,0.968805278,0.999793569,0.000214099,0.021090086,0.020683983
5086,0.021206014,0.011110358,0.020808892,0.010105242,0.000813718,0.010512252,0.969101506,0.99979367,0.000214705,0.021096241,0.020808892
5087,0.021205813,0.011116613,0.020812625,0.999067831,0.999998083,0.99989063,0.030495721,0.999794275,0.978893569,0.999888915,0.020812625
5088,0.021205611,0.98979568,0.030482302,0.999574122,0.999775105,0.020179609,0.020709005,0.999795385,0.978985888,0.010298153,0.030482302
5089,0.021205409,0.011200558,0.020888296,0.98939896,0.010107764,0.020794564,0.021011691,0.999795688,0.000405094,0.010912805,0.020888296
5090,0.021205207,0.011210244,0.988790765,0.020907567,0.999676329,0.999875798,0.021199456,0.999869845,0.000414174,0.011004519,0.988790765
5091,0.021205106,0.011210647,0.000710301,0.020789721,0.000936709,1.01E-05,0.999986581,0.999871157,0.000420833,0.011118631,0.000710301
5092,0.021205005,0.011214078,0.020483001,0.998872498,0.020905549,0.020399661,0.999989406,0.999872368,0.979090819,0.011204997,0.020483001
5093,0.021204904,0.011219123,0.020586115,0.020990301,0.000617578,0.020892533,0.999994854,0.99987257,0.00050508,0.011207621,0.020586115
5094,0.021204703,1.06E-05,0.999778838,0.989693473,0.999782571,0.0210015,0.97900304,0.999874688,0.000521325,0.011208529,0.999778838
5095,0.0212044,0.978802057,0.969216122,0.989094863,0.99988498,0.020611036,0.97910222,0.999876101,0.979311678,0.000228225,0.969216122
5096,0.021204299,0.000419622,0.010495907,0.99917821,0.020199385,0.999471815,0.030470498,0.999878623,0.00071585,0.000525663,0.010495907
5097,0.021204198,0.000425575,0.989904949,0.989485528,0.999978005,0.000420329,0.999568674,0.999881448,0.000828146,0.979501058,0.989904949
5098,0.021204097,0.000526773,0.000614955,0.999084781,0.010805554,0.999488664,0.999677338,0.999882457,0.979493087,0.020202714,0.000614955
5099,0.021203996,0.000618386,0.969305515,0.000109875,0.99987943,0.999675723,0.010309554,0.999885282,0.000926721,0.99918164,0.969305515
5100,0.021203795,0.000712722,0.020687817,0.999673201,0.000213191,0.969525164,0.011025404,0.999885383,0.000928739,0.999270327,0.020687817
5101,0.021203694,0.000719684,0.020698311,0.999182145,1.30E-05,0.010301886,0.998974402,0.999887906,0.001022773,0.02068923,0.020698311
5102,0.021203593,0.000824413,0.020809093,0.999272244,0.0101005,0.999477061,0.999575736,0.999888814,0.979694877,0.999381715,0.020809093
5103,0.021203492,0.979496013,0.999567463,0.999567665,0.999878018,0.999572306,0.021008462,0.999891235,0.979701335,0.010192314,0.999567463
5104,0.021203391,0.000925813,0.000204817,0.021309129,0.000619899,0.999687326,0.021009067,0.999974877,0.001130125,0.010607598,0.000204817
5105,0.021203189,0.979614565,0.00050508,0.999788221,0.000915824,0.010108268,0.021109256,0.999974978,0.969015745,0.010609717,0.00050508
5106,0.021202987,0.001010161,0.968897799,0.020390783,0.001023479,0.999176798,0.030474634,0.999983352,0.96920008,1.38E-05,0.968897799
5107,0.021202887,0.00102691,0.030497336,0.999165699,0.999870653,0.000930353,0.989282527,0.999986884,0.030373033,0.978791968,0.030497336
5108,0.021202786,0.001112771,0.999079737,0.988999012,1.05E-05,0.999380807,0.010696991,0.9999887,0.96931389,0.000202395,0.999079737
5109,0.021202685,0.979795772,0.999080645,1.11E-05,0.999475447,0.010494696,0.010815139,0.999990112,0.969317118,0.000211375,0.999080645
5110,0.021202584,0.979807073,0.020701842,0.020792345,2.19E-05,0.979801019,0.000625852,0.999992937,0.030377472,0.978901439,0.020701842
5111,0.021202382,0.03028818,0.020901412,0.01010847,0.01049399,0.020887993,0.001016416,0.999996872,0.030390084,0.000430923,0.020901412
5112,0.02120218,0.030385241,0.020988989,0.999062685,0.011121759,0.00091986,0.001132547,0.999997478,0.969400962,0.001129722,0.020988989
5113,0.021202079,0.030486036,0.021001702,0.000424869,0.020492485,0.010710511,0.968698228,0.999998688,0.969420637,0.979810099,0.021001702
5114,0.021201979,0.030488659,0.988774117,0.020806874,0.020703456,0.000221868,0.968810726,0.999999596,0.03048876,0.020206246,0.988774117
5115,0.021201878,0.030492392,0.010410752,0.020600846,0.999368397,0.999770161,0.030379894,0.999999697,0.030593186,0.020395424,0.010410752
5116,0.021201777,0.03049552,0.010518104,0.010107159,0.999790845,0.010809085,0.03058572,0.03057563,0.020180416,0.999164993,0.010518104
5117,0.021201676,0.030571191,0.01059539,0.999267603,1.83E-05,0.020598727,0.030591067,0.030583601,0.020192019,0.999286067,0.01059539
5118,0.021201575,0.030588343,0.010606185,0.02090111,0.020999785,0.969524659,0.99918154,0.010193525,0.02019323,0.999770262,0.010606185
5119,0.021201474,0.030593691,0.000220859,0.030373638,0.99997407,0.010307233,0.020894652,0.010206237,0.020195551,0.999883668,0.000220859
5120,0.021201373,0.969710306,0.979495105,0.999179824,0.020798701,0.999784387,0.020998978,0.988876122,0.020205035,0.999885081,0.979495105
5121,0.021201272,0.02018304,0.969005857,0.000629787,0.999274161,0.001118724,0.021001904,0.988879351,0.998864729,0.999993341,0.969005857
5122,0.021201171,0.998871287,0.020386747,0.999689142,0.00072715,0.999775105,0.999881549,0.010301886,0.998869169,0.989186879,0.020386747
5123,0.02120107,0.998875021,0.999383128,0.998969559,0.999981133,0.021002005,0.989882247,0.010302895,0.020298968,0.98978337,0.999383128
5124,0.02120097,0.020282018,0.020806773,0.030474937,0.999471108,0.010523048,0.979392798,0.01030915,0.020300179,0.011201264,0.020806773
5125,0.021200869,0.020283733,0.020899899,0.021088573,0.999673201,0.01052325,0.000817653,0.010311875,0.999084781,1.06E-05,0.020899899
5126,0.021200768,0.020298867,0.999887603,0.010595692,0.000509823,0.020590353,0.00092773,0.010313792,0.020486128,1.32E-05,0.999887603
5127,0.021200667,0.020381298,0.010410348,0.011122162,0.999991828,0.999577149,0.968807296,0.010399048,0.020486835,0.000120771,0.010410348
5128,0.021200263,0.020395726,0.000616368,0.00062,0.999795183,0.999775811,0.020384224,0.010401671,0.02048744,0.000207238,0.000616368
5129,0.021200162,0.999078627,0.999468081,0.020890415,0.000203505,0.020993025,0.989288783,0.010407725,0.020488045,0.00031116,0.999468081
5130,0.021200062,0.0302791,0.030475341,0.021194109,0.00071585,0.020282623,0.989390384,0.989083562,0.020499547,0.000614552,0.030475341
5131,0.021199759,0.030280714,0.030272239,0.001028726,0.020692055,0.020405211,1.23E-05,0.989094863,0.0205844,0.000710099,0.030272239
5132,0.021199557,0.999166607,0.010918455,0.989179413,0.999790441,0.99976885,1.83E-05,0.010502465,0.020610734,0.999377579,0.010918455
5133,0.021199456,0.99918154,0.989697206,0.998968147,0.999483115,0.97919807,0.999784488,0.010521534,0.020611743,0.999480996,0.989697206
5134,0.021199254,0.020585106,0.001117715,0.999581992,0.010396929,0.020389673,0.999880944,0.010522644,0.02061255,0.999567564,0.001117715
5135,0.021199053,0.020589848,0.968996575,0.000814324,0.999791753,0.021011791,0.999986682,0.989184054,0.99928082,0.999582396,0.968996575
5136,0.021198952,0.020590252,0.030387663,0.02078508,0.02099918,0.010517801,0.011102992,0.989193034,0.020705373,0.999778233,0.030387663
5137,0.02119875,0.02059227,0.020798903,0.989280005,0.021313871,0.989785086,0.000723014,0.010596096,0.999388778,0.999985168,0.020798903
5138,0.021198649,0.999269823,0.999479281,9.08E-07,0.999795688,0.020690945,0.02038594,0.010600737,0.999389888,0.988783198,0.999479281
5139,0.021198447,0.999269924,0.999484326,0.999787212,1.61E-05,0.99947585,0.020407834,0.010601241,0.020794464,0.010207852,0.999484326
5140,0.021198346,0.999285865,0.999786103,0.999678649,0.000515069,0.030475946,0.999388475,0.010604773,0.020797995,0.988999416,0.999786103
5141,0.021198245,0.020690945,0.989195657,0.999686317,3.13E-06,0.999999798,0.999573315,0.010608203,0.020806874,0.010805756,0.989195657
5142,0.021198145,0.020796885,0.010619403,0.00021188,0.999987993,0.000414578,0.99978126,0.01061012,0.020885975,0.98949582,0.010619403
5143,0.021198044,0.020800719,0.000121881,0.020504592,0.999582194,0.99999324,0.988985694,0.010699917,0.020890415,0.000120872,0.000121881
5144,0.021197943,0.02080647,0.000226812,0.010518306,0.000317214,0.000621312,0.000124706,0.010702944,0.02089667,0.9793029,0.000226812
5145,0.021197741,0.999480391,0.979607805,0.989885577,2.04E-05,0.020688625,0.000215512,0.010712831,0.99957049,0.979590148,0.979607805
5146,0.02119764,0.999485335,0.968899009,0.021092709,3.03E-06,0.010294521,0.000417504,0.010712932,0.030376363,0.979796176,0.968899009
5147,0.021197438,0.999488563,0.020784576,0.999876908,0.000820983,0.968909603,0.030389075,0.010717372,0.020994538,0.0207986,0.020784576
5148,0.021197337,0.020886379,0.020785686,0.999486444,0.999871359,0.030492594,0.020280706,0.010718381,0.030376665,0.999467173,0.020785686
5149,0.021197236,0.020888195,0.020791033,0.011121254,0.989801229,0.999477767,0.030273349,0.989381505,0.020999482,0.999579167,0.020791033
5150,0.021197136,0.020906053,0.999885383,0.010711318,0.999885081,0.999488563,0.02060246,0.989383624,0.02100483,0.999687831,0.999885383
5151,0.021197035,0.020907567,0.999992836,0.999374754,0.999673907,0.999180934,0.020610835,0.9893922,0.0210128,0.010500044,0.999992836
5152,0.021196934,0.999571499,0.989189401,0.010410348,0.010098683,0.020493897,0.020694275,0.989392907,0.999675824,0.989494306,0.989189401
5153,0.021196833,0.999572306,0.000508713,0.000211072,0.999997175,0.030278595,0.021007251,0.989395126,0.999678548,0.000823001,0.000508713
5154,0.021196732,0.99957614,0.000526975,0.999085488,0.030486944,4.64E-06,0.021291674,0.010796171,0.999684199,0.999083974,0.000526975
5155,0.021196631,0.020997868,0.968809818,0.999069143,0.999572508,0.020897175,0.98928283,0.010797381,0.99968662,0.999386356,0.968809818
5156,0.02119653,0.021008058,0.030477459,0.999387466,0.999979014,0.999676934,0.000515271,0.010805352,0.999690151,0.999772583,0.030477459
5157,0.021196227,0.02101048,0.020381298,0.989799514,0.999778233,0.999568976,0.97950913,0.010819377,0.021100579,0.999785094,0.020381298
5158,0.021196127,0.999670578,0.999269116,0.989796386,0.999872166,0.020605689,0.001036293,0.989485528,0.021118236,0.999795486,0.999269116
5159,0.021196026,0.999671284,0.020885471,0.021316192,0.020885572,0.999372231,0.030590966,0.989496728,0.999772179,0.010103325,0.020885471
5160,0.021195521,0.999682685,0.988887221,0.021201373,0.020391388,0.999872267,0.030593186,0.010898579,0.999780352,0.01109936,0.988887221
5161,0.02119542,0.021094929,0.999276381,0.999789533,0.020195349,0.999971245,0.020482496,0.01089979,0.999784488,0.000203404,0.999276381
5162,0.021195319,0.02109503,0.999287378,0.020381399,0.998874617,0.999183457,0.020792748,0.010904229,0.999785195,0.979613758,0.999287378
5163,0.021195219,0.021095938,0.988973284,0.9898882,0.00031792,0.000510226,0.999777728,0.010914016,0.999794679,0.969621519,0.988973284
5164,0.021195118,0.021100781,0.978783997,0.010313993,0.02110633,0.999684602,0.999994249,0.010918455,0.999887098,0.998971779,0.978783997
5165,0.021194916,0.021101689,0.979300378,0.99886937,0.999675925,0.020485422,0.030285355,0.98969206,0.999891235,0.9989742,0.979300378
5166,0.021194815,0.02110744,0.030494208,0.98919041,0.998962194,0.020688423,0.020483001,0.989695693,0.021290867,0.020393305,0.030494208
5167,0.021194714,0.021111778,0.020691349,0.989379891,0.999675421,0.979802532,0.020707896,0.989698719,0.021298737,0.020594691,0.020691349
5168,0.021194512,0.999774903,0.999376065,0.020789217,0.03038625,0.000527378,0.020993832,0.989785792,0.02129904,0.99938787,0.999376065
5169,0.021194411,0.021203593,0.999587238,0.999582295,0.030370813,0.001124879,0.010317121,0.989792249,0.021302874,0.999475951,0.999587238
5170,0.021194109,0.021217315,0.99999324,0.999886998,0.999787616,0.999468283,0.020194138,0.989800018,0.021323254,0.020886278,0.99999324
5171,0.021194008,0.999892648,0.989291204,0.989196666,0.001031248,0.001010766,0.020382408,0.989804558,0.999973263,0.999895271,0.989291204
5172,0.021193907,0.99989406,0.989896877,0.010098482,0.999076508,0.020798197,0.020608615,1.01E-06,0.999979922,0.010512252,0.989896877
5173,0.021193806,0.021305396,0.978889331,0.989387458,0.00041599,0.020598626,0.020803342,6.46E-06,0.999980527,0.010596499,0.978889331
5174,0.021193604,0.021310642,0.97889367,0.999474337,0.001114991,0.989275667,0.030376363,7.37E-06,0.999981839,0.979104541,0.97889367
5175,0.021193503,0.021314577,0.000728967,0.999773692,0.999991928,0.03027799,0.999885383,8.98E-06,0.999993946,0.979398246,0.000728967
5176,0.021193402,0.02131831,0.979792645,0.98980476,0.99979367,0.999579873,0.021318411,9.69E-06,0.999999092,0.000814929,0.979792645
5177,0.021193302,0.021319319,0.969299563,0.998981667,0.989582186,0.999998285,0.021322952,1.30E-05,0.03047413,0.000928537,0.969299563
5178,0.021193201,0.021322144,0.969525366,0.999366884,0.999688537,0.030289189,0.999988599,1.40E-05,0.030572503,0.998976521,0.969525366
5179,0.021192797,0.999987691,0.999369911,0.999373644,0.02100604,0.020393305,0.010802224,1.60E-05,0.030588444,0.020497933,0.999369911
5180,0.021192595,0.030574621,0.999486444,0.000115222,0.001024791,0.030271634,0.011116311,1.64E-05,0.010090511,0.02090232,0.999486444
5181,0.021192091,0.030580171,0.989490371,0.999674109,0.020607505,0.999672898,0.000110278,1.76E-05,0.010110387,0.999787313,0.989490371
5182,0.02119199,0.010097473,0.020700026,0.989083361,0.010417613,0.030269414,0.979388056,2.15E-05,0.01011301,0.010502667,0.020700026
5183,0.021191889,0.010291494,0.999680365,0.999373543,0.999674109,0.999979518,0.020812322,0.000103821,0.010191305,0.989385037,0.999680365
5184,0.021191788,0.01030007,0.020999785,0.021188156,0.999994451,0.999992029,0.021112989,0.00011613,0.98889166,0.989685199,0.020999785
5185,0.021191687,0.98897954,0.978905172,0.021316494,0.999779645,0.000229435,0.968698127,0.00012289,0.03027577,0.000106545,0.978905172
5186,0.021191586,0.989282729,0.030386452,0.999366177,0.999681777,0.010710107,0.969004243,0.000204312,0.010300574,0.00062454,0.030386452
5187,0.021191485,0.989287875,0.000117038,0.998875626,0.010098482,0.001117311,0.020697907,0.000214705,0.010405202,0.001121448,0.000117038
5188,0.021191385,0.010696587,0.0210015,0.000115827,0.01121549,0.999878623,0.010495403,0.978904466,0.01050075,0.969203208,0.0210015
5189,0.021191183,0.010712226,0.010394205,0.020382711,0.020788309,0.030273147,0.011100874,0.00030662,0.010523149,0.03028586,0.010394205
5190,0.021191082,0.010714748,0.9890878,0.000619596,0.999792661,0.030573915,0.000823001,0.00030773,0.98918698,0.020705878,0.9890878
5191,0.021190981,0.989378378,0.000406002,0.999265686,0.010310866,0.030585114,0.03027799,0.000314994,0.989278391,0.999580882,0.000406002
5192,0.021190779,0.989385037,0.999084781,0.000619899,0.999479382,0.030591067,0.999795486,0.000320846,0.010701632,0.030376766,0.999084781
5193,0.021190678,0.010807269,0.001020856,0.999673907,0.020393809,0.010900395,0.021297829,0.000414578,0.010711318,0.999674815,0.001020856
5194,0.021190577,0.010817762,0.020808589,0.021213682,0.010316919,0.97959822,0.999987186,0.00042497,0.989389274,0.99968551,0.020808589
5195,0.021190476,0.989490068,0.020597617,0.989897382,0.030578254,0.999996469,0.969108871,0.00042729,0.989390283,0.989093955,0.020597617
5196,0.021190376,0.010902514,0.968706603,0.999388475,0.999977198,0.010701329,0.969519816,0.000428703,0.989396135,0.010517398,0.968706603
5197,0.021190275,0.010904128,0.97939199,0.989184457,1.23E-05,0.030282732,0.99927406,0.979101917,0.010803839,0.010816753,0.97939199
5198,0.021190174,0.010906045,0.030471708,0.00021309,0.030381508,0.010301987,0.999774298,0.000506594,0.010816148,0.011126198,0.030471708
5199,0.021189972,0.010907761,0.000712722,0.999275473,0.020197064,0.989493398,0.010517801,0.0005185,0.010818468,0.989801128,0.000712722
5200,0.021189871,0.010913209,0.999078627,0.999285361,0.999083873,0.03037041,4.34E-06,0.000521022,0.989491582,1.76E-05,0.999078627
5201,0.021189669,0.010916438,0.999674916,0.999173771,0.999584111,0.999384843,0.978894477,0.000523544,0.010911897,0.000824413,0.999674916
5202,0.021189266,0.011006839,0.03028475,0.989685805,0.010916942,0.969114824,0.020798298,0.000610718,0.989692464,0.000928335,0.03028475
5203,0.021189165,0.011008252,0.999980729,0.999085185,0.999979518,0.999884576,0.021205106,0.000611121,0.989699224,0.979811714,0.999980729
5204,0.021189064,0.011009362,0.99947353,0.000222978,0.020602561,0.020606093,0.988996591,0.000611424,0.011108138,0.999083571,0.99947353
5205,0.021188963,0.01101925,0.010698504,0.998875525,0.030380499,0.000103922,0.010520122,0.000623329,0.989781756,0.020697201,0.010698504
5206,0.021188761,0.989802641,0.010906853,0.999172863,0.011220333,0.989895061,0.010696587,0.97930744,0.98978226,0.999472723,0.010906853
5207,0.02118866,0.011204089,0.01039925,0.000229032,0.010392591,0.021000088,0.978694201,0.000711007,0.989796386,0.999567059,0.01039925
5208,0.021188559,0.01120641,0.989897281,0.999068941,0.011101883,0.010301281,0.978998601,0.000715749,0.989798505,0.999572911,0.989897281
5209,0.021188459,0.011216701,0.030277385,0.999087405,0.999278903,0.02070497,0.97939189,0.000720895,0.989804659,0.999585019,0.030277385
5210,0.021188358,0.011217206,0.98897732,0.999581387,0.030385847,0.999771775,0.020500355,0.000816947,0.011212766,0.999668863,0.98897732
5211,0.021188257,1.45E-05,0.020698008,0.999277995,0.020790125,0.021001904,0.99948705,0.979511147,0.989892741,0.999668963,0.020698008
5212,0.021188156,0.000104729,0.999474337,0.988998003,0.021004527,0.030470901,0.999574425,0.000908459,0.989897583,0.999686519,0.999474337
5213,0.021118538,0.978788134,0.998968348,0.989077307,0.999869745,0.020498639,0.99979367,0.000911788,0.030376262,0.021292481,0.998968348
5214,0.021118437,0.000205927,0.989692161,0.998866646,0.010392389,0.010904128,0.021305093,0.000917741,6.46E-06,0.010620714,0.989692161
5215,0.021118337,0.000207642,0.999577351,0.989390082,0.020296648,0.000509823,0.030273147,0.000928335,1.73E-05,0.989479273,0.999577351
5216,0.021118236,0.000304501,0.030278595,0.010311975,0.999164589,0.010204119,0.000117038,0.000931866,1.90E-05,0.978791867,0.030278595
5217,0.021118135,0.978990731,0.010300574,0.998965523,0.001013793,0.010905036,0.000126623,0.001011775,0.978695411,0.000310656,0.010300574
5218,0.021118034,0.000629585,0.000213494,0.030485531,0.999370617,0.030273349,0.000228225,0.001013289,0.000103317,0.979095964,0.000213494
5219,0.021117933,0.000711411,1.68E-05,0.021308725,0.999182448,0.99946909,0.020694073,0.001026405,0.000108159,0.000826532,1.68E-05
5220,0.021117731,0.00071242,0.030280815,0.998962194,0.998967339,0.010704659,0.021005536,0.001033569,0.000115222,0.030385948,0.030280815
5221,0.021117529,0.00071585,0.01071939,0.999979518,0.030279403,0.999286672,0.999685611,0.001116504,0.000125917,0.020601149,0.01071939
5222,0.021117428,0.000716859,0.96940974,0.989584809,0.000406203,0.999792963,0.021087564,0.001118825,0.978801351,0.999791854,0.96940974
5223,0.021117328,0.000818965,0.020705676,0.989599741,0.021194008,0.01010847,0.021189064,0.001120036,0.000204312,0.030476551,0.020705676
5224,0.021117227,0.000930757,0.010703852,0.999265989,0.021293692,0.000922483,0.989384734,0.001123365,0.000207238,0.989297157,0.010703852
5225,0.021116823,0.000932068,0.979804853,0.999986783,0.999975987,0.020593582,0.979613758,0.001128713,0.000217429,0.989496021,0.979804853
5226,0.02111652,0.000936709,0.020298262,0.989080031,0.999267199,0.010412366,0.030487145,0.001128813,0.000221565,0.989685906,0.020298262
5227,0.02111642,0.001015508,0.000722509,0.0104049,0.000315801,0.020188286,0.020614366,0.001134665,0.97890497,0.011111972,0.000722509
5228,0.021116319,0.001029735,0.020693468,0.020900807,0.999074894,0.030590462,0.999795688,0.979813631,0.000314389,0.98978216,0.020693468
5229,0.021115713,0.00103488,0.999573113,0.030586426,0.030583399,0.020180618,0.978786217,0.969221974,0.978989722,0.979404401,0.999573113
5230,0.021115411,0.979697803,0.010410146,0.999087203,0.998968651,0.020590958,0.000231958,0.030282228,0.979093644,0.969417004,0.010410146
5231,0.02111531,0.001112368,0.010412669,0.020993126,0.999774903,0.999889722,0.000515473,0.030293931,0.979109384,0.030594699,0.010412669
5232,0.021115007,0.001127098,0.989077509,0.999174981,0.999484023,0.999472117,0.99906551,0.030380298,0.979206949,0.020499749,0.989077509
5233,0.021114704,0.00112952,0.010710612,0.000509116,0.010710612,0.030280714,0.020789721,0.030389378,0.979499645,0.020584501,0.010710612
5234,0.021114603,0.030269515,4.34E-06,0.998977631,0.999281627,0.020407834,0.010412366,0.969422251,0.979597514,0.999270025,4.34E-06
5235,0.021114402,0.969212087,0.999066721,0.020504088,4.84E-06,0.020792647,0.96881345,0.969422453,0.979614565,0.020693266,0.999066721
5236,0.0211142,0.030272441,0.020181425,2.06E-05,0.999581588,0.999583707,0.969304506,0.030483614,0.001023075,0.999372837,0.020181425
5237,0.021114099,0.030286465,0.000625751,2.62E-06,0.021189266,0.030472616,0.030386452,0.030489769,0.001032963,0.999680365,0.000625751
5238,0.021113695,0.030293931,0.978693999,0.00020744,0.999277693,0.999795788,0.99968995,0.030497235,0.001125181,0.02110179,0.978693999
5239,0.021113594,0.030374547,0.02058662,0.010103425,0.999791349,0.999993038,0.999998285,0.96951235,0.001133656,0.999772381,0.02058662
5240,0.021113494,0.03038736,0.020792547,0.989906361,0.999064703,0.020297051,0.988772806,0.969514671,0.968808708,0.030579363,0.020792547
5241,0.021113393,0.030482302,0.020899697,0.999481702,0.030377775,0.999886998,0.978795903,0.969525164,0.969003436,0.010811204,0.020899697
5242,0.021113292,0.030586224,0.999784892,0.021192797,1.71E-05,0.001019645,0.000207844,0.02018304,0.969014231,0.011107331,0.999784892
5243,0.021112989,0.969726954,0.989400776,0.021202584,0.999369204,0.999785901,0.968794785,0.020184553,0.969110586,0.989785186,0.989400776
5244,0.021112888,0.020182939,0.020288172,0.989701746,0.010108268,0.010712125,0.998876635,0.020186874,0.030268909,0.011205905,0.020288172
5245,0.021112787,0.998872599,0.020405009,0.020606193,0.999264778,0.030285053,0.020399661,0.020190102,0.03028697,0.989905857,0.020405009
5246,0.021112586,0.998874617,0.020996657,0.010916538,0.999381312,0.000214906,0.020405614,0.020190304,0.030379188,6.86E-06,0.020996657
5247,0.021112384,0.998876837,0.021002307,0.998971779,0.020896367,0.999481803,0.020406018,0.020191111,0.030384132,0.000712722,0.021002307
5248,0.021112182,0.02028,0.030588141,0.999369003,0.030389681,0.020999886,0.021100781,0.020193028,0.969512754,0.03037041,0.030588141
5249,0.021112081,0.020283531,0.000418916,1.67E-05,0.999281728,0.020705575,0.011016424,0.020199687,0.030587233,0.998872195,0.000418916
5250,0.021111879,0.020297959,0.96962172,0.989598833,0.000108059,0.000814324,0.989701847,0.020204934,0.030596717,0.998875626,0.96962172
5251,0.021111778,0.020298766,0.999569985,0.020492485,0.020906961,0.020284137,0.98978216,0.020206346,0.020190102,0.999080342,0.999569985
5252,0.021111476,0.020299473,0.978798122,0.999790845,0.021201171,0.010311875,0.000123193,0.998862207,0.020191515,0.999176596,0.978798122
5253,0.021111274,0.998973494,0.999885989,0.999282939,0.021194512,0.96951235,0.97959035,0.998864931,0.998875626,0.020593582,0.999885989
5254,0.021111173,0.02038483,0.978786217,0.999268612,0.999164993,1.60E-05,0.979812723,0.020283531,0.020288979,0.99938454,0.978786217
5255,0.021111072,0.020385738,0.030476249,0.999998184,0.989903738,0.999892042,0.020489054,0.020286255,0.020300986,0.020803544,0.030476249
5256,0.021110971,0.020389269,0.030477762,0.989882651,0.999468384,0.02081101,0.020701741,0.020288273,0.998966129,0.030378885,0.030477762
5257,0.021110769,0.020390278,0.030478973,0.030286667,0.02019323,0.02080647,0.020789318,0.020290291,0.998977126,0.021090893,0.030478973
5258,0.021110568,0.020405715,0.010701329,0.989681567,0.999774399,0.978693393,0.999487655,0.020297757,0.999062685,0.999977097,0.010701329
5259,0.021110467,0.999069143,0.999275675,0.000404993,0.999267906,0.000606682,0.989902023,0.020300179,0.999068941,0.999990213,0.999275675
5260,0.021110265,0.999079737,0.969298856,0.030472919,0.999668257,0.020693871,0.020596205,0.998968348,0.020490467,0.999994047,0.969298856
5261,0.021110164,0.999080645,0.030594296,0.999791753,0.0304933,0.010106553,0.020802434,0.998970165,0.020496621,0.010302794,0.030594296
5262,0.021110063,0.999083369,0.020611339,0.98928848,0.998874213,0.021010379,0.999783177,0.998976117,0.020504895,0.010408128,0.020611339
5263,0.021109962,0.020494604,0.989185265,0.0004284,0.999078728,0.998975815,0.02120783,0.998980658,0.020588032,0.010597105,0.989185265
5264,0.021109861,0.020496621,0.999285159,1.23E-05,0.000115827,2.18E-05,0.010718078,0.020381904,0.020598727,0.010801316,0.999285159
5265,0.02110966,0.02058773,0.020891424,0.021093113,0.999384843,0.010916236,0.010998768,0.020385637,0.020599736,0.011220132,0.020891424
5266,0.021109559,0.020596507,0.020990402,0.021204703,0.030383526,0.020401276,0.011023184,0.02038594,0.020613761,0.000124504,0.020990402
5267,0.021109458,0.020598021,0.020889002,0.999790542,0.999383128,0.020406825,0.011211051,0.020386747,0.999279912,0.978999105,0.020889002
5268,0.021109357,0.020598929,0.03028818,0.999793266,0.020686102,0.020806672,1.90E-05,0.020388866,0.020684286,0.020397643,0.03028818
5269,0.021109256,0.020685194,0.010898579,0.011107533,0.011108542,0.010714849,0.030592278,0.020391287,0.020700026,0.020406623,0.010898579
5270,0.021109155,0.020691551,0.010107764,0.020585005,0.999075297,0.010401671,0.969614557,0.020397543,0.020706988,0.99939009,0.010107764
5271,0.021109054,0.020697201,0.978799131,1.81E-05,0.021311046,0.010596903,0.969715149,0.999062685,0.020707492,0.999473631,0.978799131
5272,0.021108953,0.999372837,0.000425575,0.999169634,0.020988586,0.02068469,0.999170239,0.999068941,0.99937889,0.999567867,0.000425575
5273,0.021108852,0.999376368,0.010908164,0.021114704,0.030591269,0.01030229,0.020600241,0.9990756,0.999386659,0.021206317,0.010908164
5274,0.021108752,0.99937778,0.000712016,0.989802641,0.010103325,0.999885484,0.010301583,0.999082057,0.999387365,0.010401167,0.000712016
5275,0.021108651,0.999384843,0.030487347,0.030576135,0.999075701,0.030577346,0.010306426,0.999085286,0.020784576,0.00030662,0.030487347
5276,0.021108348,0.020791437,0.02089324,0.999677338,0.999573214,0.999182044,0.010607396,0.999085689,0.020803847,0.998872801,0.02089324
5277,0.021108247,0.020809093,0.000813718,0.000920465,0.998874112,0.999568472,0.989491582,0.020483909,0.999482509,0.020610431,0.000813718
5278,0.021108045,0.999471815,0.010712831,0.989385037,0.01122447,0.010608607,1.30E-05,0.020484817,0.999486545,0.020891827,0.010712831
5279,0.021107743,0.99947585,0.989385642,0.021291775,0.999270933,0.999567564,0.979003343,0.020494099,0.020893946,0.0209,0.989385642
5280,0.02110744,0.999478978,0.989897987,0.030579464,0.020995547,0.010708997,0.000411551,0.020498639,0.02090676,0.02099928,0.989897987
5281,0.021107339,0.999481904,0.000607388,0.999485435,0.999170643,0.02048633,0.030474836,0.020498942,0.999572003,0.999774197,0.000607388
5282,0.021107137,0.020891726,0.999586633,0.989082352,0.020685598,0.010512958,0.020805562,0.02050096,0.999575131,0.999885989,0.999586633
5283,0.021106935,0.999584413,0.010594683,0.989390283,0.999078828,0.010509427,0.0210917,0.020504289,0.999578562,0.989288884,0.010594683
5284,0.021106835,0.020995648,0.020900101,0.000228225,0.98969882,0.010703549,0.010099995,0.020504491,0.999584413,0.978792876,0.020900101
5285,0.021106734,0.021010984,0.021007352,0.9999887,0.999687326,0.020282825,0.000105133,0.999173468,0.99958623,0.979295737,0.021007352
5286,0.021106633,0.999678044,0.030479175,0.000124706,0.999792963,0.020899899,0.001135775,0.999177302,0.030375051,0.000727554,0.030479175
5287,0.021106532,0.99967986,0.001009656,0.999063795,0.999066217,0.97909546,0.030497437,0.999179421,0.021012094,0.97950015,0.001009656
5288,0.021106431,0.021088068,0.978986392,0.02050318,0.99886483,0.001038311,0.999086698,0.999180329,0.999676531,0.979502773,0.978986392
5289,0.02110633,0.021109054,0.020995648,0.999687326,0.989588542,0.020593279,0.999388778,0.999180833,0.021090893,0.020188488,0.020995648
5290,0.021106128,0.021114099,0.969611429,0.999792963,6.05E-07,0.999878926,0.999581689,0.0205844,0.021092507,0.998869774,0.969611429
5291,0.021105926,0.999770867,0.99927295,0.989481291,0.998982676,0.020286356,0.020988888,0.02058662,0.021094828,0.999086396,0.99927295
5292,0.021105826,0.999776618,0.020289484,0.021108752,0.011127005,6.15E-06,0.011111669,0.020588839,0.021095534,0.020691248,0.020289484
5293,0.021105725,0.999780352,0.969514267,0.989897987,0.999168322,0.020500859,0.001019645,0.020589041,0.021103909,0.020805966,0.969514267
5294,0.021105624,0.999786304,0.000231453,0.989588542,0.021109458,2.12E-06,0.030571191,0.02059005,0.021110467,0.99967643,0.000231453
5295,0.021105422,0.999786708,0.020610734,0.000826532,0.999790542,0.999484023,0.969713535,0.020590252,0.021111476,0.999887906,0.020610734
5296,0.021105321,0.999787212,0.020804351,0.999682685,0.010706677,0.001037201,0.020281412,0.020590857,0.999770767,0.999983251,0.020804351
5297,0.02110522,0.999790441,0.969601844,0.999996065,0.989494306,0.020404605,0.020804452,0.020590958,0.999776417,0.989188695,0.969601844
5298,0.021104716,0.021193503,0.969204519,0.999474741,0.998872902,0.989085278,0.999467577,0.020591564,0.999778233,0.989281115,0.969204519
5299,0.021104615,0.021217012,0.020280908,0.999981334,0.999366379,0.020501565,0.020892937,0.020596507,0.999783277,0.011020057,0.020280908
5300,0.021104413,0.999870249,0.000103317,0.020496823,0.999266191,0.020183645,0.999668762,0.02059792,0.999788524,0.011105313,0.000103317
5301,0.021104009,0.999885686,0.020503987,0.999167313,0.999179925,0.999894363,0.011104506,0.020604882,0.021190275,0.989794872,0.020503987
5302,0.021103909,0.999886695,0.020483909,0.00091199,0.989884669,0.979511147,0.979497728,0.0206069,0.021193201,0.011207116,0.020483909
5303,0.021103808,0.021290766,0.99999213,0.01060558,0.999172863,0.03028253,0.021207326,0.02060922,0.021194411,0.989902023,0.99999213
5304,0.021103707,0.02129349,0.001117412,0.000407515,0.020896973,0.020594086,0.021315183,0.020611036,0.999879027,0.000424465,0.001117412
5305,0.021103505,0.021306405,0.020597214,0.989597623,0.989598833,0.010506905,0.010294218,0.020612247,0.999885383,0.030293023,0.020597214
5306,0.021103404,0.021312559,0.979591964,0.989795074,0.998873507,0.010712327,0.001131235,0.999265787,0.999887805,0.969515982,0.979591964
5307,0.021103303,0.021320732,0.0210128,0.010695982,0.000920465,0.999668257,0.030596919,0.999266796,0.021304891,0.020494099,0.0210128
5308,0.0211029,0.999982545,0.030291207,0.020688322,0.998865637,0.000213191,0.999165699,0.999266897,0.021305497,0.999479987,0.030291207
5309,0.021102799,0.99998991,0.969203511,0.999996469,0.01062142,0.999387769,0.999280013,0.999270529,0.021309331,0.021111778,0.969203511
5310,0.021102597,0.999994753,0.020793757,0.999795486,0.999677338,0.020497227,0.020788713,0.999270731,0.021309835,0.999997276,0.020793757
5311,0.021102395,0.030480991,0.000818965,0.01081413,0.999895069,0.999471714,0.999794981,0.999271942,0.021312459,0.010599022,0.000818965
5312,0.021102193,0.030580473,0.030287272,0.030583702,0.999183255,0.969312074,0.030278595,0.99927285,0.999971951,0.989293525,0.030287272
5313,0.021102092,0.030583197,0.010414182,0.999974272,0.999972758,0.010698101,0.010594482,0.999274161,0.999972355,0.011009866,0.010414182
5314,0.021101891,0.010201193,0.979095964,0.98990172,0.989902931,0.000506796,0.011007142,0.999274767,0.999975583,0.000318526,0.979095964
5315,0.02110179,0.010203412,0.00052082,0.989896978,0.998860996,0.020290291,0.000412862,0.999275675,0.999992937,0.979698812,0.00052082
5316,0.021101689,0.010309756,0.020998877,0.999483014,0.999373644,0.969416803,0.000927931,0.999275977,0.999995561,0.020295437,0.020998877
5317,0.021101588,0.010311067,0.030479881,0.989692867,0.999772885,0.010107764,0.001129419,0.999277289,0.03057674,0.999273253,0.030479881
5318,0.021100983,0.010315406,0.020794464,0.021002408,0.999273959,0.010811608,0.020280908,0.999277894,0.010098482,0.99927628,0.020794464
5319,0.021100882,0.010317121,0.010711318,4.84E-06,0.999571802,0.00010372,0.020694376,0.999278096,0.010098583,0.999571297,0.010711318
5320,0.021100781,0.010401469,0.010906146,0.011007546,0.999265585,0.99908468,0.999576947,0.999281325,0.988771898,0.021291977,0.010906146
5321,0.02110068,0.010497723,0.96962505,0.021087866,0.99896744,0.979003847,0.010721206,0.999283746,0.988874306,0.988876223,0.96962505
5322,0.021100579,0.010515279,0.999983554,0.020889809,0.010201294,0.001133757,0.011020864,0.999285159,0.010299666,0.010496311,0.999983554
5323,0.021100478,0.010523048,0.030571191,0.0001015,0.030470599,0.000719281,0.000230545,0.020683681,0.98897954,0.989477558,0.030571191
5324,0.021100377,0.010595793,0.999180833,0.999583606,2.02E-07,0.96922147,0.979299369,0.0206858,0.010498833,0.989790837,0.999180833
5325,0.021100276,0.010605378,0.0206858,0.000116736,0.989785792,0.999786103,0.969015947,0.020687515,0.010501255,1.74E-05,0.0206858
5326,0.021100175,0.010607093,0.000416999,0.02099918,0.020587831,0.010918355,0.030389277,0.020690945,0.010512958,0.979388358,0.000416999
5327,0.021100075,0.010618394,0.030472616,0.000406203,0.989799514,0.02058662,0.020404403,0.020692862,0.989184659,0.000828247,0.030472616
5328,0.021099772,0.010701329,0.020803443,0.000204817,0.9898882,0.010093639,0.020504592,0.020693266,0.989189099,0.979611336,0.020803443
5329,0.021099671,0.01071939,0.999769758,0.021202887,0.999089523,0.020407632,0.030481899,0.020694577,0.989284344,0.020196459,0.999769758
5330,0.021099469,0.989385844,0.020394617,0.030591269,0.010311572,0.999985572,0.011026817,0.020698311,0.010701128,0.020495612,0.020394617
5331,0.021099267,0.010798189,0.98970437,0.020885774,0.989699426,0.020288979,0.000212788,0.020698613,0.989388064,0.020690945,0.98970437
5332,0.021099166,0.010916135,0.969304406,0.999669972,0.999082057,0.02070275,0.001116,0.020702952,0.989394521,0.999377881,0.969304406
5333,0.021098864,0.011003712,0.999484729,0.999777728,0.020611137,0.999576443,0.96879993,0.020703557,0.989397447,0.02089667,0.999484729
5334,0.021098763,0.011007848,0.99938,0.99997861,0.998962698,0.02060801,0.0203927,0.02070497,0.010800408,0.999788928,0.99938
5335,0.021098561,0.011011783,0.000623935,0.999078929,0.99907106,0.010594482,0.030270524,0.020707492,0.010802224,0.99987035,0.000623935
5336,0.02109846,0.989686108,0.979691548,0.999280417,0.010600838,0.020807277,0.999373543,0.999367994,0.010814029,0.999891841,0.979691548
5337,0.021098359,0.989785186,0.969621317,0.999267502,0.999382825,0.020583391,0.02090111,0.999368397,0.989481291,0.989384734,0.969621317
5338,0.021098258,0.989796386,0.999269823,0.999485032,0.999086799,0.021006848,0.021010278,0.999372837,0.010904128,0.010916538,0.999269823
5339,0.021098057,0.989885678,0.999372837,0.999570994,0.999886998,0.999884677,0.999680062,0.999373644,0.010907155,0.011123474,0.999372837
5340,0.021097855,1.01E-06,0.999688537,0.999870552,0.99999667,0.000623329,0.999778031,0.99937435,0.989592881,0.001017526,0.999688537
5341,0.021097754,1.81E-05,0.000310151,0.02049309,0.000113709,0.979610327,0.999992433,0.999374754,0.011014507,0.020391691,0.000310151
5342,0.021097552,0.000105133,0.000313178,0.98989718,0.999386659,0.020200898,0.011210244,0.999375662,0.011212564,0.999183154,0.000313178
5343,0.021097249,0.000203404,0.020689936,0.000222272,0.98990616,0.020996354,0.978700759,0.999376469,0.989889815,0.999477465,0.020689936
5344,0.021097149,0.000225399,0.020897982,0.989083058,0.998980759,0.030286465,0.000620706,0.999377478,1.21E-06,0.999573618,0.020897982
5345,0.021096947,0.00032125,0.020595398,0.998974503,0.989902023,0.969012819,0.001028221,0.999378285,5.25E-06,0.99978247,0.020595398
5346,0.021096846,0.978985888,0.999886998,0.020686001,0.00061213,0.030275669,0.001117513,0.999380101,6.26E-06,0.989188392,0.999886998
5347,0.021096745,0.000415082,0.969218645,0.011005427,1.87E-05,0.999683391,0.969199374,0.999380404,1.63E-05,0.010612138,0.969218645
5348,0.021096644,0.000415587,0.020906659,0.989495214,0.999676934,0.000719684,0.969298856,0.999380505,1.64E-05,0.989383624,0.020906659
5349,0.021096543,0.000517692,0.000417504,0.020300683,0.989597723,0.000203505,0.020287264,0.999382825,0.000113709,0.030286667,0.000417504
5350,0.021096442,0.000522636,0.010900698,0.989681668,0.999981334,1.68E-05,0.999568169,0.999383531,0.000126522,0.020592673,0.010900698
5351,0.021096341,0.000607388,0.999671789,0.020407027,2.00E-05,0.000723014,0.011220132,0.999384843,0.000126623,0.020611844,0.999671789
5352,0.021096241,0.97950913,0.001129217,0.010311067,4.34E-06,0.020586519,0.978783291,0.999386256,0.000303997,0.999365673,0.001129217
5353,0.02109614,0.000920163,0.020798701,4.34E-06,0.999087203,0.989277281,0.000716355,0.999387063,0.978986392,0.999367893,0.020798701
5354,0.021095938,0.000921878,0.969306323,0.989082251,0.999070454,0.000522434,0.969408832,0.999387466,0.000423356,0.999486848,0.969306323
5355,0.021095837,0.00112841,0.020498034,1.35E-05,0.989393916,0.999180833,0.020287769,0.999388173,0.979194842,0.020998574,0.020498034
5356,0.021095736,0.001130024,0.010795969,0.989195657,0.010505593,0.978995372,0.999780352,0.020785787,0.000614955,0.021106734,0.010795969
5357,0.021095635,0.979801019,0.999576241,0.010109681,0.989492389,0.999269924,0.000221666,0.020787603,0.97929382,0.999783883,0.999576241
5358,0.021095534,0.030292115,0.020283834,0.999386659,0.010695982,0.020408641,0.969524054,0.020788309,0.000706265,0.999981334,0.020283834
5359,0.021095332,0.030380298,0.020611844,0.010313792,0.011111871,0.999389282,0.999389989,0.020788713,0.000712319,0.99999546,0.020611844
5360,0.02109503,0.030383526,0.021011085,0.030385847,0.02078841,0.999486444,0.020794464,0.020791437,0.000726444,0.010310563,0.021011085
5361,0.021094929,0.030473827,0.989796083,0,0.999083974,0.010712831,0.021290867,0.020791538,0.00091199,0.010517499,0.989796083
5362,0.021094828,0.030481193,0.020801022,0.021203391,0.999568472,0.020798499,0.030277687,0.020791941,0.00093449,0.989193942,0.020801022
5363,0.021094525,0.030491282,0.979396127,0.999487151,0.989900509,0.001117715,0.969417509,0.020794564,0.979591056,0.989195657,0.979396127
5364,0.021094324,0.030494914,0.999888713,4.64E-06,0.000526975,0.020391489,0.999386659,0.020797289,0.001012179,0.020194844,0.999888713
5365,0.021094223,0.030595002,0.999975483,0.999571802,0.989883458,0.999979317,0.989078921,0.020798298,0.979793553,0.020198073,0.999975483
5366,0.021094122,0.969713737,0.020596507,0.999977702,0.999168928,2.08E-05,0.010610423,0.020798802,0.979796479,0.999285361,0.020596507
5367,0.021094021,0.020179609,0.969410951,0.000630796,0.998869169,0.020804351,0.020993731,0.020798903,0.968803966,0.999377276,0.969410951
5368,0.021093819,0.02019323,0.97879338,0.999469292,0.030579363,0.988885102,0.021005435,0.020800215,0.968809011,0.021307515,0.97879338
5369,0.021093718,0.020204732,0.010301482,0.999774903,0.998875121,0.999475447,0.021320227,0.020800517,0.968910511,0.999980931,0.010301482
5370,0.021093617,0.998863619,0.010719692,0.998869169,0.999070252,0.020889809,0.999995561,0.020801022,0.969101001,0.999995157,0.010719692
5371,0.021093415,0.998863922,0.999887704,0.999165296,0.999265989,0.020198779,0.010600737,0.020806672,0.969113613,0.011008454,0.999887704
5372,0.021093113,0.020287567,0.999277793,0.021107339,0.999273859,0.999369204,0.030385241,0.020808286,0.969116035,0.011212161,0.999277793
5373,0.021093012,0.020297455,0.999365471,0.989285151,0.999582295,0.010619403,0.030494006,0.999470503,0.030379793,5.45E-06,0.999365471
5374,0.021092911,0.020297757,0.030387461,0.030275468,0.999269116,0.020597617,0.030595204,0.999472319,0.96940974,0.978893569,0.030387461
5375,0.02109281,0.02038372,0.020787704,0.000122083,0.98958047,0.01070476,0.010714647,0.999472521,0.969413877,0.000305611,0.020787704
5376,0.021092709,0.999066721,0.979090516,0.999887906,0.999469292,0.02050096,0.989700737,0.999473126,0.030485935,0.000825725,0.979090516
5377,0.021092608,0.999069344,0.989077307,0.988995784,0.998981263,0.030379894,0.0111264,0.999475951,0.030487448,0.979500654,0.989077307
5378,0.021092507,0.99907116,0.020805259,0.00072715,0.010093538,0.010295328,0.030283237,0.999486243,0.03049108,0.999078223,0.020805259
5379,0.021092407,0.999078929,0.010607396,0.999880742,0.989287976,0.010508317,0.030386654,0.02088991,0.030590058,0.020492485,0.010607396
5380,0.021092306,0.999082057,0.989399868,0.021297627,0.989904848,0.020204833,0.011008958,0.020891726,0.030591269,0.020593279,0.989399868
5381,0.021092104,0.030274358,0.030370813,0.020899092,0.9894936,0.010515582,0.030283438,0.020894551,0.030591975,0.999285562,0.030370813
5382,0.021092003,0.020485321,0.020612247,0.010395012,0.989794065,0.021004426,0.999085084,0.020894955,0.030592782,0.999380202,0.020612247
5383,0.021091902,0.02048744,0.020401175,0.000422246,0.989792148,0.03048543,0.020507215,0.020899899,0.030594094,0.999477263,0.020401175
5384,0.021091801,0.020497429,0.030287474,0.989400676,0.989888301,0.999379092,0.020998171,0.020900605,0.030596415,0.999790845,0.030287474
5385,0.0210917,0.020499951,0.969714746,0.000212788,0.999081956,0.999771977,0.989796083,0.020901009,0.969707178,0.021289555,0.969714746
5386,0.021091599,0.99916691,0.020297051,0.999873074,0.999286269,0.999978207,0.030369905,0.020907567,0.998866243,0.021296214,0.020297051
5387,0.021091398,0.999167313,0.989804558,0.999387567,0.999174679,0.021011691,0.020198779,0.999567766,0.020297858,0.988998205,0.989804558
5388,0.021091297,0.999185172,0.020205943,0.000108361,0.998978438,0.000304905,0.020201806,0.999569279,0.998972586,0.010594986,0.020205943
5389,0.021091196,0.020586822,0.00060537,0.999079737,0.989395126,0.000227417,0.02068469,0.999569582,0.998979649,0.98929413,0.00060537
5390,0.021091095,0.020591564,0.979405006,1.30E-05,0.010809287,0.020596507,0.020790125,0.999575131,0.020383619,0.989297056,0.979405006
5391,0.021090994,0.999279004,0.99897531,0.00093338,0.999369911,0.020604882,0.999786002,0.999576443,0.020388765,0.989399667,0.99897531
5392,0.021090893,0.020686506,0.021005738,0.020791336,0.999078223,0.97979325,0.021294297,0.999576846,0.020390278,0.989489463,0.021005738
5393,0.021090792,0.020690239,0.02059005,1.32E-05,0.989803247,0.020602057,0.030471809,0.999580277,0.020396332,1.57E-05,0.02059005
5394,0.02109059,0.020691147,0.020806672,0.999674008,0.001115798,1.70E-05,0.030291712,0.999580579,0.020407027,0.979504892,0.020806672
5395,0.02109049,0.020698008,0.999286874,0.010717372,0.999973364,0.020601754,0.999084075,0.99958068,0.999063795,0.001028019,0.999286874
5396,0.021090389,0.020701539,0.010295328,0.01100008,0.999285461,0.999877513,0.020505298,0.999582396,0.999083066,0.020607505,0.010295328
5397,0.021090288,0.020704364,0.999784589,0.000319938,0.999678347,0.01081191,0.999367994,0.999582597,0.999087405,0.999286672,0.999784589
5398,0.021090187,0.999368296,0.999790542,0.999567261,0.020583593,0.030580473,0.999375763,0.99958633,0.03027456,0.999671284,0.999790542
5399,0.021090086,0.999379597,0.969212087,0.999998587,0.989491784,0.010622329,0.999775105,0.030375354,0.03027466,0.021305396,0.969212087
5400,0.021089985,0.999385045,0.989701746,0.989397447,0.989286059,0.010309756,0.02129793,0.030375757,0.020493998,0.030584206,0.989701746
5401,0.021089884,0.999385549,0.020500254,0.998874617,0.999780352,0.999772986,0.021301158,0.020991713,0.020501263,0.010313792,0.020500254
5402,0.021089581,0.999389585,0.020591564,0.989480584,0.999567261,0.010210475,0.010200486,0.020991814,0.999174981,0.988979641,0.020591564
5403,0.021089178,0.020789419,0.020611541,0.989584405,0.998972586,0.969305515,0.989277785,0.020993227,0.999180934,0.989805971,0.020611541
5404,0.021088976,0.020797692,0.020702952,0.020381198,0.99987378,0.020987072,0.010912704,0.021000088,0.020583896,1.46E-05,0.020702952
5405,0.021088673,0.999477566,0.010101508,0.998876635,0.98949138,0.010904229,0.0111039,0.021002509,0.020593279,0.000410037,0.010101508
5406,0.021088573,0.999478877,0.000832485,0.999991222,0.000924804,0.020610532,0.011116815,0.02100483,0.020596608,0.979495004,0.000832485
5407,0.021088169,0.999484326,0.010507006,0.98979568,0.98988366,0.030286162,0.001022773,0.021008563,0.020597617,0.979798597,0.010507006
5408,0.021088068,0.020889507,0.010520122,0.999972657,0.99907903,0.030289896,0.979699518,0.021009269,0.999279105,0.999281527,0.010520122
5409,0.021087967,0.020900706,0.02048744,0.999287479,0.999372937,0.020891121,0.030493603,0.021010984,0.99928304,0.999382119,0.02048744
5410,0.021087866,0.020905549,0.969004747,0.999983251,0.998966734,0.010607396,0.030588343,0.021011691,0.020683681,0.020785787,0.969004747
5411,0.021087765,0.020906961,0.030379995,0.989595806,0.989482199,0.999583606,0.001022672,0.999668459,0.020694376,0.030477661,0.030379995
5412,0.021087664,0.999568573,0.020997666,0.020588839,0.989703764,0.010612037,0.969113613,0.999670073,0.020696696,0.010622329,0.020997666
5413,0.021087564,0.999576241,0.979508827,0.999679457,0.999677439,0.020190102,0.969208353,0.999670275,0.999372433,0.011107835,0.979508827
5414,0.021087463,0.020992722,0.99938454,0.001115596,0.01059882,0.020191111,0.030386957,0.999671688,0.99939009,0.01120863,0.99938454
5415,0.021087362,0.021004123,0.010317323,0.989691556,0.999686317,0.02029352,0.020197871,0.999674916,0.020785787,1.51E-06,0.010317323
5416,0.02108716,0.021007453,0.020184049,0.999880944,0.998972182,0.021001399,0.999178513,0.999676934,0.020788107,0.978891652,0.020184049
5417,0.0210128,0.021010076,0.010719995,0.999869644,0.989484923,0.999993543,0.999786304,0.999678044,0.020789621,0.979105852,0.010719995
5418,0.021012599,0.999668156,0.020583492,0.98918698,0.998971073,0.010906853,0.010820385,0.999678246,0.020809699,0.979109484,0.020583492
5419,0.021012397,0.999681071,0.020395928,0.02079073,0.989786094,0.999580781,0.0111151,0.999680264,0.999474337,0.000919658,0.020395928
5420,0.021012094,0.999682887,0.978683001,0.999569885,0.999368094,0.999268612,0.978689862,0.99968208,0.999481803,0.001130125,0.978683001
5421,0.021011993,0.999689546,0.020588739,0.000123294,0.989399667,0.020801829,0.000617578,0.999683089,0.999483014,0.979803239,0.020588739
5422,0.021011791,0.021112384,0.010805352,0.989806072,0.998860794,0.020192019,0.000726444,0.999686822,0.999488563,0.998869471,0.010805352
5423,0.021011691,0.999771775,0.021008664,0.020800517,0.999386256,2.19E-05,0.00082633,0.999688537,0.020898486,0.999272446,0.021008664
5424,0.021011388,0.999774298,0.020406825,0.999570692,0.989188897,0.97981131,0.979490161,0.999690252,0.020902421,0.020995144,0.020406825
5425,0.021011085,0.999775811,0.999387971,0.010316919,0.998969458,0.020582584,0.020889608,0.999770161,0.999571398,0.999869946,0.999387971
5426,0.021010984,0.999793266,0.02058329,0.000114919,0.998977227,0.999886796,0.010407725,0.999772482,0.999582396,0.999875697,0.02058329
5427,0.021010782,0.02119653,0.000213292,0.999581084,0.021296517,0.030276073,0.010707888,0.999772885,0.020989796,0.03027577,0.000213292
5428,0.021010682,0.02119875,0.02059227,0.998869471,0.98937979,0.999880843,0.010911897,0.99977339,0.020994135,0.000212788,0.02059227
5429,0.02101048,0.021202079,0.010608809,0.030291914,0.999487655,0.020505097,0.01100805,0.999773592,0.020998978,0.000509116,0.010608809
5430,0.021010379,0.021205207,0.010911796,0.999381312,0.999176898,0.999792459,0.030278999,0.999774601,0.020999079,0.000825321,0.010911796
5431,0.021010278,0.021207629,0.020497933,0.010306729,0.989480887,0.020687515,0.96950781,0.999775509,0.021106734,0.00101682,0.020497933
5432,0.021010076,0.999881347,0.010409036,0.999888309,0.99897864,0.020598828,0.030589352,0.999776013,0.021112787,0.96942326,0.010409036
5433,0.021009773,0.999884576,0.030497235,0.020298766,0.999380605,0.999884273,0.020182939,0.999776215,0.999780856,0.030584408,0.030497235
5434,0.021009471,0.021293894,0.010402781,0.020692055,0.999086295,4.34E-06,0.998975007,0.999777627,0.999783076,0.998874617,0.010402781
5435,0.02100937,0.021309936,0.020393305,0.989284344,0.989701948,0.999468081,0.02070053,0.999783479,0.02120783,0.999085689,0.020393305
5436,0.021009269,0.021319824,0.020693266,0.999483115,0.998973797,0.030372327,0.020889103,0.999784892,0.021213481,0.999275069,0.020693266
5437,0.021009067,0.99997064,0.999473126,0.989688226,0.000105435,0.020612651,0.999571398,0.999785295,0.99987933,0.99957049,0.999473126
5438,0.021008865,0.999974171,0.978793683,0.011015819,0.999268612,0.010104636,0.999789029,0.999786607,0.021298838,0.021112787,0.978793683
5439,0.021008765,0.999975785,0.030282228,0.999688133,0.999079737,0.02018304,0.999885282,0.999787212,0.021303983,0.999769051,0.030282228
5440,0.021008664,0.999980628,0.010193424,0.999487655,0.989495012,0.010705971,0.010916236,0.999788726,0.021306304,0.99978812,0.010193424
5441,0.021008563,0.999981839,0.020800719,0.030271735,0.999272749,0.030284649,0.001118724,0.999789432,0.021309633,0.021214994,0.020800719
5442,0.021008462,0.999985168,0.979305927,0.999480895,0.998870783,0.010515279,0.030385746,0.999789533,0.021323759,0.011012288,0.979305927
5443,0.021008361,0.999988902,0.999474034,0.030383223,0.998865436,0.020702851,0.999389282,0.999790138,0.999975987,0.000312875,0.999474034
5444,0.021008159,0.999990213,0.979698812,0.000223886,0.999078929,0.999178513,0.999784892,0.999792963,0.99997861,0.97919575,0.979698812
5445,0.021008058,0.030484724,0.979701637,0.999774601,0.989478768,0.020505702,0.021196934,0.999793972,0.03047191,0.969622628,0.979701637
5446,0.021007957,0.030575529,0.969416803,0.001112973,0.989188695,0.030269313,0.021295508,0.999870955,0.030473222,0.999176192,0.969416803
5447,0.021007756,0.010109681,0.010511546,0.99938676,0.000724224,0.000911788,0.021310441,0.999871561,0.030480385,0.999384137,0.010511546
5448,0.021007655,0.010291595,0.000929949,0.030381407,0.998982474,0.968696109,0.999975987,0.999871762,0.010105242,0.020806773,0.000929949
5449,0.021007554,0.010394911,0.999577149,0.999471512,0.999678649,0.979294223,0.999979014,0.999872166,0.010107764,0.999484426,0.999577149
5450,0.021007453,0.010509427,0.999973465,0.98970447,0.99907671,0.979600742,0.999997175,0.999875496,0.988787335,0.999769858,0.999973465
5451,0.021007352,0.010512958,0.02080647,0.999178412,0.98947897,0.010311673,0.010812314,0.999876908,0.010192718,0.999980527,0.02080647
5452,0.021007251,0.010514875,2.09E-05,0.020590151,0.999070959,0.01049399,0.000422246,0.99987933,0.988891559,0.999992231,2.09E-05
5453,0.021006948,0.010596701,0.020603772,0.989393714,0.000823404,0.020612247,0.000525562,0.999880137,0.988892467,0.010494696,0.020603772
5454,0.021006848,0.010601141,0.020800215,0.999573315,0.020194138,0.979497728,0.021108045,0.999880339,0.010299464,0.989275969,0.020800215
5455,0.021006747,0.010606589,0.999889116,0.000526975,0.999979115,0.020801022,0.011007445,0.999880843,0.010309554,1.85E-05,0.999889116
5456,0.021006545,0.010608809,0.030486136,0.9998873,0.998864729,0.999988296,0.978697934,0.999882861,0.988973082,0.030386452,0.030486136
5457,0.021006444,0.010612844,0.000420833,0.989378378,0.999070353,0.020986366,0.978986392,0.999883063,0.988976008,0.020380794,0.000420833
5458,0.021006343,0.010695881,0.020784374,0.989695592,0.000108159,0.020991915,0.000629484,0.999886493,0.98898751,0.999177504,0.020784374
5459,0.021006242,0.989382918,0.97889821,0.000310151,0.989692767,0.99997074,0.00073159,0.999887401,0.988996995,0.020689331,0.97889821
5460,0.02100604,0.01081524,0.979301891,0.999670275,0.999379899,0.010602049,0.03048543,0.999887502,0.98907539,0.020809699,0.979301891
5461,0.021005939,0.989485932,0.999869845,0.999675017,0.010816652,0.010622631,0.020180517,0.999888007,0.989079527,0.999574828,0.999869845
5462,0.021005839,0.010906247,0.010515582,0.999575837,0.011211858,0.020702044,0.02028908,0.999888915,0.989195556,0.999885181,0.010515582
5463,0.021005738,0.989584204,0.000417907,0.989894456,0.999280417,0.020690037,0.020496521,0.999889116,0.010597105,0.999978711,0.000417907
5464,0.021005637,0.011016223,0.000722307,0.999777325,0.998876837,0.989792249,0.020502171,0.999890428,0.01060558,0.989397447,0.000722307
5465,0.021005536,0.011025404,0.030271936,0.999888713,0.989784783,0.999997175,0.999366177,0.999891134,0.010607598,0.011120245,0.030271936
5466,0.021005435,0.011026817,0.969421141,0.989585919,0.988983273,0.010608809,0.99938,0.999893051,0.010610322,0.000510226,0.969421141
5467,0.021005334,0.989689033,0.9992785,0.030586123,0.99908347,0.020382106,0.020996254,0.999894867,0.01062253,0.020404706,0.9992785
5468,0.021005233,0.011100066,1.74E-05,0.999678347,0.999869644,0.020496621,0.999790441,0.99997074,0.989286261,0.99907338,1.74E-05
5469,0.021005132,0.011104607,0.030286364,0.989582791,0.989892741,0.000419622,0.0212044,0.999970942,0.989293727,0.999790138,0.030286364
5470,0.021005031,0.011106927,0.030269414,0.999084277,0.999169634,0.030371015,0.010497521,0.999972052,0.010721206,0.021198044,0.030269414
5471,0.02100483,0.011118328,0.998974503,0.03057785,0.998979649,0.030278898,0.010503676,0.999972153,0.989379891,0.999888107,0.998974503
5472,0.021004729,0.989792047,0.030581886,0.010709805,0.998981162,0.020382812,0.010703145,0.999972557,0.989381102,0.010719289,0.030581886
5473,0.021004628,0.989801632,0.999784286,0.000108159,0.989890218,0.030274257,0.969198567,0.999973666,0.989399263,0.979306331,0.999784286
5474,0.021004527,0.011206612,0.02070386,0.000622926,0.999063795,0.999980124,0.999770867,0.999979518,0.010801014,0.00083087,0.02070386
5475,0.021004426,0.011210547,0.999388475,0.999973364,0.989284747,0.979817061,0.021188761,0.999980225,0.98948351,0.000908156,0.999388475
5476,0.021004325,0.011212464,0.020889608,0.989388064,0.999998587,0.010612945,0.021310743,0.999981637,0.989484822,0.998972082,0.020889608
5477,0.021004123,0.011216802,0.000231958,0.98979235,0.021316595,0.00111267,0.010704659,0.999983453,0.010916538,0.020587528,0.000231958
5478,0.021003922,0.011218215,0.999271336,0.030494511,0.989790837,0.020385839,0.000509116,0.999984765,0.989679953,0.020689129,0.999271336
5479,0.021003821,0.011221544,0.969311973,0.999979115,0.989391595,0.001018031,0.020988787,0.999985976,0.989687924,0.999387164,0.969311973
5480,0.021003417,0.011224268,0.999064703,0.999571398,0.989703663,0.030383728,0.021007957,0.999988498,0.0111039,0.9997858,0.999064703
5481,0.021003316,0.989906361,0.989482501,0.989277987,0.00041256,0.001011775,0.000927326,0.999992332,0.011107129,0.021196227,0.989482501
5482,0.021003215,1.37E-05,0.998875424,0.989479374,0.989893144,0.99978126,0.979703352,0.999997074,0.989784884,0.999881953,0.998875424
5483,0.021003114,0.000113709,0.010796171,0.000108059,1.95E-05,0.020281211,0.001125585,0.999997982,0.989797395,0.999886392,0.010796171
5484,0.021003014,0.000119762,0.999166607,0.999972355,0.99896623,0.0001127,0.96869732,0.999998285,0.989800018,0.999983554,0.999166607
5485,0.021002913,0.000212384,0.010897873,0.989496728,0.989581479,0.020505298,0.000616368,0.999998386,0.011211858,0.988789554,0.010897873
5486,0.02100261,0.000231453,0.000827541,0.999772885,0.010301785,0.989906462,0.979590047,0.999998487,1.80E-05,0.989591569,0.000827541
5487,0.021002509,0.000506594,0.000828146,0.99926841,0.989192933,0.020297253,0.030291611,0.030476249,1.81E-05,0.000527176,0.000828146
5488,0.021002408,0.000509823,0.999988801,0.999875294,0.021090187,0.000825927,0.020405009,0.030573612,1.84E-05,0.979201299,0.999988801
5489,0.021002307,0.000515271,0.999989103,0.020399157,0.999071867,0.030377472,0.999083369,0.030579565,1.89E-05,0.001123365,0.999989103
5490,0.021002206,0.000522434,1.38E-05,0.999676934,0.999173165,0.020297959,0.020489357,0.03058007,0.000207844,0.030492089,1.38E-05
5491,0.021002105,0.000625448,0.00030662,0.999777022,0.999581387,0.020403899,0.999380404,0.030581987,0.000312371,0.020383821,0.00030662
5492,0.021002005,0.00062565,0.020298766,0.999377478,0.989384532,0.010619705,0.999573214,0.010093235,0.000317819,0.020503987,0.020298766
5493,0.021001904,0.00072715,0.010819377,0.000820983,0.999176293,0.999075499,0.010306527,0.010098683,0.978985384,0.020891928,0.010819377
5494,0.021001803,0.000810994,0.999775307,0.030289795,0.989594596,0.000928335,0.010597307,0.010099491,0.000408322,0.020901009,0.999775307
5495,0.021001702,0.000820478,0.020798802,0.010392591,0.989691859,0.030483614,0.010913209,0.010110791,0.00051295,0.99967088,0.020798802
5496,0.0210015,0.000928335,0.010916942,0.000119258,0.989184659,0.999972153,0.000513253,0.010190901,0.000515069,0.021313669,0.010916942
5497,0.021001399,0.001121448,0.001012885,0.020999684,0.989393007,0.000816039,0.030371015,0.010200991,0.000528085,0.010311067,0.001012885
5498,0.021001197,0.969203107,0.999487151,0.999668257,0.99897531,0.021006242,0.999485032,0.010202504,0.000927931,0.010405202,0.999487151
5499,0.021000996,0.030283237,0.010316919,0.010816652,0.989698114,0.020406926,0.010300171,0.010205531,0.00102691,0.989074785,0.010316919
5500,0.021000794,0.030285961,0.02059903,0.021106532,0.989889714,0.010616779,0.010311774,0.988872389,0.001031551,0.011217609,0.02059903
5501,0.021000693,0.030291308,0.010900395,0.011027826,0.021291472,0.00083087,0.989081444,0.98887249,0.00103488,0.969516487,0.010900395
5502,0.021000592,0.030388672,0.020495512,0.999576039,0.010596399,0.020587124,0.010595692,0.010301987,0.001118018,0.020202512,0.020495512
5503,0.02100039,0.030488558,0.999270529,0.011022478,0.989479273,0.969510837,0.010599728,0.01030229,0.001129419,0.998962597,0.999270529
5504,0.021000289,0.03049219,0.979312283,0.011101479,0.000310151,0.999679759,0.000920465,0.010307536,0.001135775,0.020395121,0.979312283
5505,0.021000188,0.030497437,0.020601653,0.999998688,0.98948916,0.020202008,0.968794179,0.01030905,0.968794179,0.020404,0.020601653
5506,0.021000088,0.030573007,0.030477157,0.999682786,0.998968248,0.020283531,0.969315201,0.010309756,0.968900321,0.9990643,0.030477157
5507,0.020999987,0.030590765,0.98908437,0.999992029,0.989396135,0.021009471,0.999581286,0.010316617,0.968912731,0.999172863,0.98908437
5508,0.020999886,0.030593791,0.010809085,0.998868563,0.998872801,0.030282934,0.989590762,0.988982365,0.030277687,0.999276381,0.010809085
5509,0.020999785,0.030597424,0.020991512,0.99927406,0.989082251,0.989287976,0.000424869,0.98899195,0.969304406,0.020689936,0.020991512
5510,0.020999684,0.020183645,0.979710415,0.999384238,0.989279803,0.030471708,0.030275468,0.988992152,0.030380096,0.020696595,0.979710415
5511,0.020999482,0.020188589,0.020893341,0.999278702,0.999167213,0.030391699,0.969309349,0.010396929,0.96940187,0.999374955,0.020893341
5512,0.02099928,0.020197972,0.969317118,0.999064501,0.989285958,0.999975684,0.020281715,0.010405404,0.969404493,0.020791437,0.969317118
5513,0.02099918,0.020290896,0.010503676,0.999870653,0.989795377,0.021008563,0.020292309,0.989079527,0.030493401,0.999586028,0.010503676
5514,0.020999079,0.020293621,0.000225399,0.01100805,0.999795486,0.979100404,0.020493191,0.010494293,0.969510938,0.999678145,0.000225399
5515,0.020998978,0.998970165,0.999377478,7.26E-06,0.989681567,0.99937546,0.02131831,0.010499842,0.030584812,0.010502768,0.999377478
5516,0.020998877,0.020394617,0.999788726,0.001034376,0.999568876,0.021005233,0.000203505,0.010501154,0.030587031,0.01050418,0.999788726
5517,0.020998776,0.02040854,0.9693038,0.999570893,0.989485528,0.010621017,0.001130125,0.010503272,0.969605274,0.0110249,0.9693038
5518,0.020998675,0.020482496,0.989905151,0.001019847,0.999170441,0.99998648,0.020382005,0.010504382,0.969622729,1.01E-06,0.989905151
5519,0.020998574,0.030276779,0.998871287,0.021192595,0.999471512,0.010811204,0.020389774,0.010507006,0.969714645,0.000118148,0.998871287
5520,0.020998372,0.02049531,0.999173165,0.999074793,0.98909234,0.02059792,0.03047413,0.01050973,0.020182535,0.000404488,0.999173165
5521,0.020998171,0.020506307,0.999279004,0.020898486,1.43E-05,0.989781958,0.030476652,0.010510739,0.020201907,0.999373442,0.999279004
5522,0.020997868,0.030280512,0.020609624,0.020280403,0.999275473,0.000126522,0.010193727,0.010514774,0.020284137,0.999387567,0.020609624
5523,0.020997767,0.020607303,0.020683681,0.999581588,0.998864931,0.010905844,0.010805554,0.010515279,0.020286558,0.020987173,0.020683681
5524,0.020997666,0.999267099,0.999070959,1.95E-05,0.999164387,0.030288382,0.010900698,0.010519416,0.020289686,0.021098864,0.999070959
5525,0.020997565,0.999271538,0.020492989,0.999778233,0.98988477,0.020486532,0.011220838,0.010522846,0.020294529,0.999894565,0.020492989
5526,0.020997263,0.999280417,0.999786304,0.999793468,0.989805971,0.999580277,0.978798021,0.98917911,0.020384224,0.988886817,0.999786304
5527,0.020997061,0.999284957,0.969207445,0.000424768,0.999277995,0.000807665,0.000309647,0.989187081,0.020384628,0.988981961,0.969207445
5528,0.020996859,0.999287278,0.020690542,0.02111652,0.998866243,0.021007957,0.9990643,0.989190209,0.020404706,0.988985593,0.020690542
5529,0.020996758,0.020695082,0.969000812,0.00031792,0.989789828,0.000507805,0.020791538,0.010594078,0.999066519,0.010506905,0.969000812
5530,0.020996657,0.020701136,0.030278394,0.999478474,0.989288178,0.020786291,0.021006444,0.010594482,0.020492687,0.989279702,0.030278394
5531,0.020996556,0.020702952,0.999685006,0.999572306,0.0110249,0.020183544,0.999687326,0.010597004,0.020492586,0.000113507,0.999685006
5532,0.020996455,0.999368397,0.969013122,0.000513253,0.998871287,0.020691853,0.999792963,0.010598114,0.999178916,0.000206835,0.969013122
5533,0.020996354,0.999372433,0.010710713,0.999978408,0.989887191,0.999894666,0.02130701,0.010606791,0.020585005,0.000314187,0.010710713
5534,0.020996254,0.999375662,0.010797281,0.010301281,0.99937213,0.999987186,0.0213171,0.010607396,0.02058773,0.979001628,0.010797281
5535,0.020996052,0.999383128,1.57E-05,0.999572911,0.98968752,0.020788713,0.999985673,0.010611835,0.020589041,0.000820277,1.57E-05
5536,0.020995749,0.999388072,0.989693473,0.010408028,0.998866646,0.02080536,0.030478267,0.010614257,0.02059449,0.979592368,0.989693473
5537,0.020995648,0.020791538,0.968803966,0.000206431,0.030391093,0.9999887,0.001031248,0.010616376,0.999269823,0.030386957,0.968803966
5538,0.020995547,0.020800416,0.020709005,1.42E-05,0.989493196,0.021010278,0.979696088,0.010617788,0.999284856,0.020194138,0.020709005
5539,0.020995144,0.020808589,0.999995662,0.020610128,0.999480895,0.988996793,0.968999904,0.010621017,0.999287177,0.020488045,0.999995662
5540,0.020995043,0.020809194,0.030482,0.999272042,0.98988255,0.989387156,0.030282328,0.010622228,0.020692055,0.999369608,0.030482
5541,0.020994942,0.999486243,0.030292115,0.020904439,0.999083369,0.999668459,0.030385645,0.010701329,0.020699219,0.999385348,0.030292115
5542,0.020994639,0.02088991,0.00111146,0.999066519,0.98949471,0.01071939,0.030391598,0.010702237,0.020700631,0.999387668,0.00111146
5543,0.020994538,0.02089445,0.979807476,2.19E-05,0.989277684,0.020491879,0.020692156,0.010703549,0.999386256,0.020800215,0.979807476
5544,0.020994337,0.020905852,0.969012819,0.989687318,0.989580975,0.99958633,0.999467173,0.010706677,0.999389989,0.030375354,0.969012819
5545,0.020994236,0.999567564,0.020498337,0.989483006,0.989799413,0.969215214,0.999469191,0.010709502,0.020797289,0.010104636,0.020498337
5546,0.020994135,0.999576947,0.999585221,0.999669771,0.989479071,0.030487549,0.99947585,0.01071939,0.020798701,0.010208558,0.999585221
5547,0.020994034,0.030374748,0.968813551,0.02068812,0.000916631,0.021000996,0.010418622,0.010719692,0.999468283,0.010798189,0.968813551
5548,0.020993832,0.021010278,0.020400166,0.020705777,0.989902729,0.99926609,0.010594078,0.989387156,0.99947918,0.000229435,0.020400166
5549,0.020993731,0.999684299,0.021005334,0.989075693,0.010811305,0.0206858,0.010612844,0.989391696,0.020892533,0.00062,0.021005334
5550,0.020993529,0.999684602,0.020999886,0.011101176,0.989594798,0.010906146,0.999669266,0.989398759,0.020899092,0.979705976,0.020999886
5551,0.020993429,0.99968662,0.979389367,0.0304933,0.989783572,0.010908063,0.988876122,0.989398859,0.020905448,0.999265989,0.979389367
5552,0.020993227,0.999687629,0.020897376,0.020381298,0.999783177,0.999790138,0.010511546,0.98939896,0.999574627,0.02079517,0.020897376
5553,0.020993126,0.021091398,0.999579772,0.989702957,0.030578556,0.999382825,0.000115827,0.010796272,0.999575434,0.999674614,0.999579772
5554,0.020993025,0.021094324,0.020584097,0.999774096,0.010615165,0.000607388,0.998967037,0.010798189,0.020994639,0.999676531,0.020584097
5555,0.020992924,0.021096341,0.979396934,0.999985774,0.989790736,0.000818965,0.020487137,0.010802527,0.021000794,0.010101508,0.979396934
5556,0.020992823,0.021106431,0.989286563,0.020790125,0.989184357,0.010816753,0.020890213,0.010804949,0.999683291,0.000404085,0.989286563
5557,0.020992722,0.021109861,0.999888814,0.999878018,0.989293727,0.999380404,0.020896267,0.010811406,0.999684602,0.000406203,0.999888814
5558,0.02099242,0.999771977,0.999979317,0.989787103,0.010917951,0.030284245,0.021198145,0.01081524,0.999689243,0.969722817,0.999979317
5559,0.020992319,0.999784387,0.020690643,0.989396135,0.999677136,0.988891862,0.010404799,0.989482501,0.021117227,0.99897309,0.020690643
5560,0.020992016,0.999788625,0.978889029,0.989492086,0.998863619,0.010300776,0.01081746,0.010898781,0.999781663,0.020386747,0.978889029
5561,0.020991915,0.021191485,0.020811817,0.99917256,0.989684291,0.999179118,0.968810121,0.010898983,0.999782269,0.02048179,0.020811817
5562,0.020991814,0.021197035,0.030476551,0.000110682,0.989386248,0.999680062,0.030285961,0.01090211,0.999784387,0.999483417,0.030476551
5563,0.020991713,0.021197741,0.968807598,0.989480887,0.020299573,0.020799206,0.020487743,0.01090433,0.021191788,0.999679961,0.968807598
5564,0.020991512,0.021200667,0.969417509,0.011120044,0.989179413,0.999567766,0.999482106,0.01090655,0.021193402,0.999686721,0.969417509
5565,0.020991209,0.021205611,0.999070353,0.000121881,0.998872195,0.988983676,0.000105435,0.010908063,0.021212169,0.021196026,0.999070353
5566,0.020991108,0.021209243,0.020589445,0.998979951,0.989086186,0.000515271,0.000629787,0.010908164,0.999884677,0.021209041,0.020589445
5567,0.020990805,0.021209848,0.020695082,0.989079527,0.98958037,0.020798298,0.99956827,0.010909274,0.999894968,0.999870552,0.020695082
5568,0.020990603,0.999874789,0.020610431,0.989179211,0.998863821,0.03057563,0.99979488,0.010909678,0.021289555,0.999974776,0.020610431
5569,0.020990503,0.999875596,0.020599736,0.989180523,0.999875697,0.020185159,0.021200062,0.989578352,0.02129228,0.989689639,0.020599736
5570,0.020990402,0.999879027,0.999793468,0.989496627,0.989390586,0.020709005,0.989796991,0.989583497,0.021296719,0.989902931,0.999793468
5571,0.020990301,0.999891235,0.968701255,0.00111146,0.989084975,0.999575131,0.030281017,0.989586827,0.021302773,1.90E-05,0.968701255
5572,0.0209902,0.021289656,0.000928335,1.43E-05,0.998980658,0.010612138,0.030482504,0.989595806,0.021307414,0.978793481,0.000928335
5573,0.020989796,0.021295407,0.020600947,0.001118724,0.98969993,0.010805352,0.020587528,0.98968298,0.021315183,0.978890643,0.020600947
5574,0.020989695,0.021295508,0.999972456,0.020686102,0.989283133,0.979290086,0.020612146,0.989687217,0.02132275,0.979203014,0.999972456
5575,0.020989594,0.021307515,0.010811204,0.999795688,0.989595605,0.030471809,0.020703154,0.989692968,0.999973162,0.00090856,0.010811204
5576,0.020989494,0.021313165,0.989588946,0.99987943,0.989692867,0.01071949,0.020705575,0.989781958,0.999985572,0.969721304,0.989588946
5577,0.020989292,0.021315889,0.000606682,0.021211967,0.021091297,0.999181741,0.020705777,0.989891933,0.999994249,0.020294932,0.000606682
5578,0.020989191,0.999971548,0.979692859,0.021306909,0.988992353,0.020992722,0.999973364,0.989897987,0.030471507,0.998972182,0.979692859
5579,0.02098909,0.999985572,0.989184659,0.021197438,0.999062685,0.979796983,0.01091896,1.31E-06,0.030474634,0.999568674,0.989184659
5580,0.020988989,0.999986379,0.020583391,0.98909113,0.989083058,0.999582496,0.011222553,4.34E-06,0.030479881,0.021303479,0.020583391
5581,0.020988888,0.999992029,0.999972859,0.010193928,0.989701746,0.010305821,3.13E-06,4.64E-06,0.030572402,0.010301583,0.999972859
5582,0.020988787,0.999994451,0.010206237,0.000813718,0.998963707,0.010808076,0.979798497,8.58E-06,0.010097069,0.010517801,0.010206237
5583,0.020988686,0.030571494,0.989699829,0.989192933,0.989184457,0.999569279,0.03048432,9.79E-06,0.030272239,0.011109349,0.989699829
5584,0.020988586,0.030583097,0.969511543,0.989290296,0.030375051,0.010706273,0.020391792,1.09E-05,0.010311168,0.011116311,0.969511543
5585,0.020988485,0.010099188,0.020896973,0.999569178,0.999982848,0.020181425,0.020484817,1.14E-05,0.010398745,0.011119741,0.020896973
5586,0.020988384,0.010107159,0.010517801,0.999881247,0.989599741,0.020289181,0.999269823,1.57E-05,0.010405808,1.72E-06,0.010517801
5587,0.020988283,0.988974798,0.030589251,0.020588739,0.989276373,0.010622228,0.02079517,1.61E-05,0.010407725,1.89E-05,0.030589251
5588,0.020988081,0.010395012,0.989383422,0.999184566,0.998875626,0.01081413,0.999466669,1.63E-05,0.010417411,0.00021531,0.989383422
5589,0.02098798,0.010398745,0.030371015,0.999892042,0.999670578,0.010306325,0.020895056,1.75E-05,0.01049621,0.000515271,0.030371015
5590,0.020987879,0.010399048,0.968906778,0.999383935,0.989585011,0.030277586,0.021104413,1.77E-05,0.01049853,0.97971092,0.968906778
5591,0.020987577,0.010412366,0.010705971,0.010805554,0.989196666,0.968997483,0.021109962,2.11E-05,0.010517196,0.020504491,0.010705971
5592,0.020987476,0.010594683,0.999883063,0.999997881,0.998966129,0.020507115,0.021217214,0.000111085,0.010521837,0.999384843,0.999883063
5593,0.020987173,0.010704457,0.999387466,0.021196227,0.989089818,0.020684992,0.010513463,0.000112498,0.010596499,0.999389686,0.999387466
5594,0.020987072,0.010706273,0.030284245,0.999674614,0.989289994,0.01080848,0.001012179,0.000119661,0.010598316,0.999578763,0.030284245
5595,0.020986971,0.01072171,0.030374042,0.99997296,0.989579159,0.000623935,0.979706278,0.000121881,0.989277281,0.999979518,0.030374042
5596,0.020986467,0.9893922,0.999062685,0.020990503,0.989684493,0.999473631,0.999171854,0.00021198,0.989287875,0.989094964,0.999062685
5597,0.020986366,0.010801316,0.010516893,3.13E-06,0.989179211,0.999979014,0.020788208,0.000214906,0.989288985,0.010808883,0.010516893
5598,0.020986265,0.010802527,0.021005536,0.999987993,0.999068941,0.010397837,0.010098482,0.00021531,0.989299276,0.01091896,0.021005536
5599,0.020908576,0.01080404,0.999980931,0.989582186,0.011212262,0.030382315,0.01060336,0.00021642,0.010704457,0.001115193,0.999980931
5600,0.020908475,0.010804141,0.999384843,0.030281622,0.999085185,0.010898983,0.010621017,0.000218135,0.010707787,0.979796378,0.999384843
5601,0.020908273,0.010813222,0.020892029,0.989698114,0.99947353,0.020201907,0.001127401,0.000310151,0.010719793,0.020191818,0.020892029
5602,0.020908071,0.010814029,0.999583606,0.000612735,0.999069143,0.020988686,0.030491282,0.000316205,0.989385642,0.999269016,0.999583606
5603,0.02090787,0.010815946,0.030391295,0.030379087,0.989394521,0.010804141,0.030495217,0.000321956,0.989396236,0.020902018,0.030391295
5604,0.020907567,0.010819377,0.00102691,0.011015113,0.989085177,0.020484817,0.020182434,0.000322864,0.989477961,0.020908475,0.00102691
5605,0.020907466,0.989485528,0.998869471,0.999276381,0.989585616,0.999998789,0.020798197,0.000413367,0.989485326,0.999671889,0.998869471
5606,0.020907062,0.011000988,0.999884273,0.020906961,0.999995561,0.969721506,0.999475447,0.000416999,0.010898579,0.999776417,0.999884273
5607,0.020906961,0.011012288,0.010703145,0.021005435,0.98989718,0.020295437,0.999792661,0.000419622,0.01090433,0.988776034,0.010703145
5608,0.02090676,0.98968752,0.020706685,0.999773491,0.989584204,0.999165901,0.000304098,0.000423356,0.010914722,0.010295328,0.020706685
5609,0.020906659,0.989699325,0.96922036,0.030384132,0.989482501,0.020685194,0.000618688,0.000424768,0.011004519,0.010511546,0.96922036
5610,0.020906255,0.011099562,0.03048543,0.030473121,0.021202685,0.030473424,0.000731287,0.000509823,0.011117723,0.010512958,0.03048543
5611,0.020906053,0.011105414,0.020691147,0.99987146,0.989083159,0.020492485,0.979711222,0.0005186,0.989780545,7.57E-06,0.020691147
5612,0.020905953,0.011108643,0.97919807,0.9990643,0.989290296,0.020698311,0.001126997,0.00052082,0.989785691,1.37E-05,0.97919807
5613,0.020905852,0.011114797,0.020797289,1.50E-05,0.989904949,0.999682584,0.020407531,0.979191411,0.011199852,0.000217832,0.020797289
5614,0.020905751,0.011199448,0.988882882,0.999488563,4.64E-06,0.010717674,0.999071261,0.000606682,0.011202071,0.000412963,0.988882882
5615,0.02090565,0.011205804,0.000816947,0.011199852,0.989780243,0.001112065,0.999370011,0.000609406,0.030371318,0.979188586,0.000816947
5616,0.020905549,0.011205905,0.020203925,0.989188897,0.989391494,0.020186874,0.020812927,0.000618386,0.000209155,0.000610516,0.020203925
5617,0.020905448,0.011207217,0.020598929,0.000415587,0.989694381,0.999579066,0.999780251,0.000623733,0.000305409,0.979610428,0.020598929
5618,0.020905347,0.011222755,0.999571398,0.010294218,0.989191318,0.020694073,0.030475341,0.00062565,0.000307225,0.001119128,0.999571398
5619,0.020905246,0.989883155,9.08E-07,0.99958633,0.989584405,0.999971548,0.010409945,0.000630796,0.000320644,0.021092104,9.08E-07
5620,0.020905044,0.98988699,0.96880669,0.989885375,0.989688428,0.999379294,0.98958945,0.00071696,0.978989419,0.999978207,0.96880669
5621,0.020904944,0.989897684,0.020789721,0.989897281,0.010408028,0.000208146,0.030573007,0.000726343,0.979200694,0.999986076,0.020789721
5622,0.020904641,0.989899803,0.021004123,0.020798701,0.000621312,0.030386553,0.020384527,0.000727251,0.979305927,0.999991121,0.021004123
5623,0.020904439,1.12E-05,0.968802655,0.999983554,0.000423456,0.020696293,0.010407523,0.000728967,0.000727251,0.999995662,0.968802655
5624,0.020904338,1.70E-05,0.999374148,0.010911998,0.989400776,0.030374748,0.010604672,0.000731287,0.979402685,0.999999697,0.999374148
5625,0.020904036,1.90E-05,0.021010278,0.999783076,0.989188796,0.030581987,0.989287673,0.000807766,0.000823001,0.989182339,0.021010278
5626,0.020903733,0.000214099,0.979296947,0.011215188,0.030378683,0.999777426,0.979191209,0.000810187,0.00093338,0.989286261,0.979296947
5627,0.020903632,0.000411652,0.979109384,0.000211779,0.999269016,0.999469393,0.998963304,0.000816644,0.979604879,0.010914722,0.979109384
5628,0.020903531,0.00041599,0.020407531,0.00061213,0.989284344,0.010622732,0.02069266,0.000820377,0.979710415,0.97879893,0.020407531
5629,0.020903329,0.000521022,0.99988498,0.010093538,0.989785691,0.020203421,0.999374148,0.000820478,0.00111489,0.000230545,0.99988498
5630,0.020903228,0.979195245,0.030473525,0.999484527,0.989585919,0.020297455,7.26E-06,0.000827743,0.979796075,0.000610415,0.030473525
5631,0.020903127,0.000609406,0.999879733,0.999567766,0.989894456,0.010506602,0.979193934,0.000830971,0.968805278,0.9694052,0.999879733
5632,0.020903027,0.979304212,2.19E-05,0.999775609,0.999485032,0.999276885,0.000629585,0.979497728,0.968898303,0.020382509,2.19E-05
5633,0.020902926,0.979311678,0.001120036,0.999780251,0.989592881,0.020296446,0.02019656,0.97950015,0.969300067,0.999179623,0.001120036
5634,0.020902724,0.000712319,0.020183544,0.999088514,0.989483409,0.020485321,0.999275977,0.000915925,0.030371621,0.999581084,0.020183544
5635,0.020902522,0.000727554,0.999583505,0.030488457,0.989699325,0.010914016,0.020902421,0.979600742,0.030384737,0.999582295,0.999583505
5636,0.020902421,0.000823001,0.999881448,0.020391388,0.989285151,0.02069821,0.010610322,0.001010766,0.030386452,0.021195219,0.999881448
5637,0.02090232,0.00091199,0.030573814,0.010506602,0.989179715,0.020287567,0.001024286,0.001020856,0.030471002,0.021197136,0.030573814
5638,0.020902018,0.000916228,0.01039703,0.999981839,0.989697912,0.999375964,0.969208757,0.001021158,0.030484119,0.989704975,0.01039703
5639,0.020901917,0.000916631,0.02039159,0.999670578,0.989076903,0.020280706,0.998964514,0.001029735,0.030487044,0.011215591,0.02039159
5640,0.020901816,0.001013995,1.66E-05,0.999264879,0.98908215,0.999580579,0.02040743,0.001031752,0.030487145,0.978693393,1.66E-05
5641,0.020901715,0.001018636,0.969199374,0.000105435,0.999374148,0.020184049,0.99908125,0.001112368,0.030488154,0.979207252,0.969199374
5642,0.020901614,0.001023479,0.001030945,0.999177605,0.010899689,0.020300179,0.020583896,0.00111489,0.03048997,0.97969064,0.001030945
5643,0.020901412,0.979700527,2.02E-06,0.99979367,0.998875021,0.999185273,0.0206069,0.001115092,0.969525265,0.020380996,2.02E-06
5644,0.02090111,0.001117513,0.021008159,0.999976996,0.988984887,0.999271538,0.020812625,0.001121549,0.969724331,0.999082158,0.021008159
5645,0.020901009,0.001130125,9.18E-06,0.999269621,0.989288884,0.020900706,0.021000289,0.001125787,0.020206246,0.020588133,9.18E-06
5646,0.020900908,0.979800313,0.000305611,0.999777829,0.988999012,0.010205329,0.021215196,0.001130226,0.020290493,0.020612953,0.000305611
5647,0.020900807,0.030282026,0.999795183,0.999996166,0.98919041,0.001118825,0.021312761,0.001133656,0.020297556,0.999374552,0.999795183
5648,0.020900706,0.030284245,0.020197972,3.43E-06,0.989082352,0.0205844,0.010392591,0.001134867,0.998965523,0.020905751,0.020197972
5649,0.020900605,0.030286566,0.000719281,0.999376065,0.989477558,0.020404706,0.010406918,0.979792645,0.998973696,0.999571902,0.000719281
5650,0.020900403,0.03029151,0.020611036,0.020896973,0.989090928,0.999685006,0.000816039,0.969211885,0.020386747,0.99957271,0.020611036
5651,0.020900302,0.030386553,0.030481798,0.030578455,0.989077509,0.999991727,0.969318026,0.969221066,0.999069143,0.999873478,0.030481798
5652,0.020900101,0.030391699,0.020280706,0.000820277,0.998971981,0.978791463,0.020885975,0.030285053,0.99908468,0.999991727,0.020280706
5653,0.0209,0.030474433,0.020791437,0.021109458,0.999182145,0.010510739,0.999790138,0.030286364,0.020496722,0.030577547,0.020791437
5654,0.020899899,0.03048432,0.968895175,0.010193424,0.989699829,0.010612844,0.021300755,0.030371015,0.020505298,0.989276373,0.968895175
5655,0.020899697,0.030586628,0.020685194,0.01110501,0.989176083,0.010719188,0.979088296,0.030377674,0.020506408,0.000223382,0.020685194
5656,0.020899495,0.030592076,0.020891827,0.000103115,0.989584809,0.020300078,0.979105852,0.969317825,0.999170239,0.000419017,0.020891827
5657,0.020899394,0.030592581,0.02069145,0.999170239,0.989385541,0.02100483,0.97961063,0.030382315,0.020589445,0.979095662,0.02069145
5658,0.020899193,0.020201907,0.979491675,0.999168726,0.98939896,0.999669871,0.979796479,0.030383728,0.020590151,0.979107366,0.979491675
5659,0.020899092,0.998864931,0.030369804,0.000826936,0.989080031,0.010292099,0.968901834,0.030384535,0.020603469,0.000807766,0.030369804
5660,0.020898991,0.020282623,0.030385443,0.989282124,0.989694078,0.999670275,0.969008884,0.030385241,0.020609725,0.0304933,0.030385443
5661,0.020898789,0.020283834,0.999280215,1.70E-05,0.998968348,0.999284755,0.021117428,0.03038625,0.999266594,0.020604276,0.999280215
5662,0.020898486,0.020296446,0.979201299,0.010810901,0.01060558,0.999789533,0.021200667,0.030387663,0.999274262,0.020611743,0.979201299
5663,0.020898385,0.020297253,0.020789217,0.030594599,0.989691556,0.001133858,0.010313691,0.030391699,0.999275473,0.999383128,0.020789217
5664,0.020898285,0.020297656,0.010311975,0.999885282,0.989088809,0.999988498,0.010698403,0.969416903,0.9992785,0.021007554,0.010311975
5665,0.020898184,0.998962597,0.999183759,0.989692464,0.00111489,0.010620412,0.000212384,0.03047756,0.999280013,0.999993139,0.999183759
5666,0.020897982,0.998980658,0.999785901,2.32E-06,0.989698719,0.020800618,0.979508222,0.030487549,0.0206859,0.030478872,0.999785901
5667,0.020897881,0.020383922,0.969206638,0.000208651,0.989397447,0.030269515,0.96950448,0.030488558,0.020698815,0.989191318,0.969206638
5668,0.02089778,0.020388866,0.020288677,0.03037273,0.989090524,0.020614467,0.021301057,0.030490778,0.02070053,0.0105966,0.020288677
5669,0.020897679,0.020391792,0.000508511,0.020582584,0.998978337,0.999281224,0.021311248,0.030494309,0.020702245,0.989290296,0.000508511
5670,0.020897578,0.020404807,0.001126997,0.999894867,0.989181128,0.999889419,0.010206338,0.030577245,0.020704364,0.989487445,0.001126997
5671,0.020897376,0.99908468,0.00032125,0.000411551,0.989075693,0.99998759,0.010704054,0.969523348,0.020705777,1.31E-06,0.00032125
5672,0.020897175,0.020485927,0.020486128,0.999998083,0.989180523,0.989385037,0.011214078,0.96952476,0.999370516,0.978696925,0.020486128
5673,0.020897074,0.020501263,0.020592169,0.99997518,0.030573512,3.53E-06,0.97890497,0.030588948,0.999372029,0.000306418,0.020592169
5674,0.020896973,0.02050096,0.968899917,0.020698008,0.989386348,0.02028232,0.968914749,0.030590462,0.999373644,0.020396332,0.968899917
5675,0.020896771,0.999171854,0.020182434,0.0101005,0.989275969,0.999678448,0.999576241,0.020181425,0.999374047,0.9991771,0.020182434
5676,0.02089667,0.02058894,0.989383624,2.09E-05,0.989477961,0.999365471,0.999783076,0.020182434,0.999374754,0.020688322,0.989383624
5677,0.020896569,0.020592169,0.999975583,0.011117622,0.999387567,0.03037717,0.021290161,0.020182535,0.020796179,0.020806571,0.999975583
5678,0.020896367,0.020598727,0.030272138,0.020587831,0.989390283,0.000716859,0.010713235,0.020188589,0.020799206,0.999470301,0.030272138
5679,0.020896267,0.020609624,0.969404493,0.020296648,1.14E-05,0.030385645,0.011002097,0.020190607,0.020799609,0.999487756,0.969404493
5680,0.020896166,0.999264677,0.020391691,0.011017837,0.989191924,0.020805259,0.011006537,0.020192019,0.020805058,0.999793972,0.020391691
5681,0.020896065,0.999271033,0.989891025,0.999790441,0.999785195,0.020484514,0.020385839,0.020195551,0.020805562,0.021289757,0.989891025
5682,0.020895964,0.999273758,0.978800039,0.999792661,0.989387458,0.999569784,0.020393709,0.020204026,0.999475043,0.010291494,0.978800039
5683,0.020895863,0.999274161,0.010405202,0.999978812,0.998965523,0.021003821,0.999378588,0.020204732,0.999481601,0.01041398,0.010405202
5684,0.02089556,0.999276381,4.64E-06,0.999769051,0.989280005,5.04E-07,0.020796179,0.998872296,0.02088537,0.9890765,4.64E-06
5685,0.020895359,0.999276986,0.999873276,0.010291595,0.010697697,0.979303405,0.999570994,0.020280706,0.020894854,0.989180523,0.999873276
5686,0.020895258,0.999279206,0.978691174,0.020695687,0.989588946,0.010719995,0.9996731,0.02028232,0.020899193,0.010719692,0.978691174
5687,0.020895157,0.999286269,0.001112368,0.999573214,0.998973898,0.001116,0.999686317,0.020282623,0.030375152,0.010998768,0.001112368
5688,0.020895056,0.020707492,0.020691853,0.999578461,0.989792754,0.020999482,0.999879027,0.020283733,0.999668055,0.000107554,0.020691853
5689,0.020894955,0.999366077,0.020811515,0.020988686,0.989083361,0.010196652,2.04E-05,0.020284137,0.999671284,0.000126522,0.020811515
5690,0.020894854,0.999373543,0.989797395,0.999789331,0.989283032,0.010299162,0.000114919,0.020285045,0.021092407,0.000711411,0.989797395
5691,0.020894753,0.999380605,0.010098179,0.999873679,0.999978711,0.010901505,0.978906383,0.020287264,0.021092608,0.000919355,0.010098179
5692,0.020894652,0.999382825,0.968703273,0.989702049,0.989093955,0.000111085,0.978990227,0.020287365,0.021114603,0.020194945,0.968703273
5693,0.020894551,0.020794564,0.02099928,0.999689849,0.000820277,0.999184768,0.969624243,0.020287567,0.999781058,0.998978438,0.02099928
5694,0.02089445,0.020808791,0.969008884,0.999794679,0.989496728,0.020599131,0.020196358,0.020288979,0.999794073,0.020500657,0.969008884
5695,0.02089435,0.020812625,0.999583909,0.021193302,0.989297359,0.989695693,0.99937546,0.020296042,0.999794981,0.020596709,0.999583909
5696,0.020894047,0.999467476,0.999667854,0.989395328,0.989396236,0.00060537,0.99987146,0.020300078,0.999795183,0.010098179,0.999667854
5697,0.020893946,0.999468384,0.979288775,0.999179118,0.989882651,0.030282127,0.98918698,0.020300683,0.02118866,0.010393398,0.979288775
5698,0.020893845,0.999478675,0.020588335,0.999893959,0.989582791,0.999688537,0.0107995,0.998978337,0.021197236,0.010600838,0.020588335
5699,0.020893442,0.02088537,2.08E-05,0.00041256,0.989083764,0.999977097,0.978800645,0.020381399,0.021197943,0.989882348,2.08E-05
5700,0.020893341,0.020894753,0.020191111,0.000509823,0.989596311,0.010395214,0.979807073,0.02038372,0.021207124,0.000316205,0.020191111
5701,0.02089324,0.020899899,0.030283539,0.011017736,0.989381102,0.030282026,0.968912832,0.020388159,0.999875596,0.000323167,0.030283539
5702,0.020893139,0.020900807,0.020484514,1.83E-05,0.98990172,0.020585914,0.020402789,0.020391489,0.999878321,0.000417201,0.020484514
5703,0.020893038,0.999570187,0.010607295,0.99968551,0.989688226,0.020693569,0.020612449,0.02039159,0.999884879,0.000522434,0.010607295
5704,0.020892937,0.999575131,0.0207986,0.989900711,0.020904641,0.020891928,0.999776417,0.020404706,0.999888208,0.000821185,0.0207986
5705,0.020892735,0.020993731,0.010812818,0.020499547,0.989485326,0.000608094,0.021200263,0.020407834,0.999888713,0.00083198,0.010812818
5706,0.020892634,0.020999785,0.0305835,0.999885081,0.999992029,0.999385953,0.030472415,0.020408641,0.999889924,0.001114184,0.0305835
5707,0.020892533,0.021002307,0.998974402,0.001036293,0.989794166,0.010801316,0.98948351,0.999063795,0.999894565,0.998865436,0.998974402
5708,0.020892231,0.99967088,0.020391489,0.999784488,0.989495214,2.09E-05,2.42E-06,0.999079938,0.021290262,0.998968853,0.020391489
5709,0.020892029,0.999682786,0.999676531,0.010311774,0.989687318,0.020704162,3.03E-06,0.020485321,0.021290363,0.998968954,0.999676531
5710,0.020891928,0.999685712,0.000812104,0.989288783,0.988979741,0.020403596,0.978694402,0.020485927,0.02129571,0.999271942,0.000812104
5711,0.020891827,0.999686721,0.969310056,0.01090433,0.000415587,0.020407531,0.979700023,0.020492485,0.02130701,0.999276482,0.969310056
5712,0.020891726,0.999687225,0.020585308,0.999473631,0.989191016,0.000819671,0.02018647,0.020493897,0.021318815,0.999978509,0.020585308
5713,0.020891424,0.999688033,0.000105032,0.999579369,0.98949592,0.020504289,0.020603772,0.020499648,0.999990919,0.989585515,0.000105032
5714,0.020891323,0.999690151,0.969004848,0.999583102,0.999793468,0.020492586,0.020704768,0.020499245,0.999992029,0.989883155,0.969004848
5715,0.020891222,0.021087463,0.969100194,0.999985875,0.98980476,0.999271033,0.020905448,0.020504996,0.030583601,0.000220052,0.969100194
5716,0.020891121,0.021100175,0.030385342,0.989384129,0.999580378,0.020593682,0.021097754,0.020505298,0.010192919,0.979500251,0.030385342
5717,0.020890415,0.0211142,0.02038715,0.989400171,0.999064501,0.99968884,0.021291876,0.02050661,0.010194332,0.000920163,0.02038715
5718,0.020890314,0.999779847,0.999066015,0.989794166,0.989493701,0.030470296,0.999984967,0.999172459,0.010301684,0.968804874,0.999066015
5719,0.020890213,0.999783277,0.001029735,0.030372932,0.989885375,0.030490778,0.030579565,0.999174679,0.010307032,0.99917256,0.001029735
5720,0.020890011,0.99978469,0.969221974,0.999782269,0.9891893,0.030475341,0.010097473,0.999178412,0.010309251,0.999469998,0.969221974
5721,0.02088991,0.999785195,0.969303094,0.989086186,0.989292819,0.999682685,0.01030461,0.999179824,0.989076096,0.021290968,0.969303094
5722,0.020889809,0.021188761,0.989584204,0.989189401,0.989490068,0.030589251,0.010514875,0.999180732,0.98909113,0.988989831,0.989584204
5723,0.020889708,0.021189266,0.020401276,0.999684199,0.989185265,0.020996657,0.010598316,0.999182246,0.010496613,0.989298872,0.020401276
5724,0.020889608,0.021201878,0.020812524,0.999890024,0.988990134,0.010909274,0.010699211,0.999182649,0.010505391,0.010712327,0.020812524
5725,0.020889507,0.021204904,0.979708801,0.000428804,0.988998003,0.979085875,1.14E-05,0.999182851,0.010520425,0.000729168,0.979708801
5726,0.020889406,0.021289959,0.989186879,0.021211059,0.989400171,0.020683681,0.000220254,0.999183457,0.989178807,0.001117917,0.989186879
5727,0.020889305,0.021294398,0.030579565,0.00103488,0.989094863,0.999984765,0.979298864,0.020583391,0.010595692,0.969715149,0.030579565
5728,0.020889204,0.021294499,0.020296244,0.999185172,0.989480584,0.969208858,0.030596717,0.020583896,0.01061123,0.998877139,0.020296244
5729,0.020889103,0.021297829,0.010300171,0.999878119,0.989801128,0.020894753,0.02079628,0.020584097,0.989277785,0.998975714,0.010300171
5730,0.020889002,0.021298434,0.030280714,0.030378481,0.000606177,0.999982949,0.999574021,0.020584299,0.010805554,0.020385839,0.030280714
5731,0.020888699,0.021300553,0.999388072,0.999280013,0.98978337,7.57E-06,0.021002105,0.020586115,0.01080848,0.020494604,0.999388072
5732,0.020888498,0.021313972,0.010911998,0.010505593,0.989685805,0.020196862,0.02131488,0.020588638,0.010809892,0.020701943,0.010911998
5733,0.020888397,0.021315485,0.020791538,0.99998648,0.98929746,0.020199687,0.979610428,0.020590151,0.989485427,0.020810001,0.020791538
5734,0.020888296,0.021318613,3.13E-06,0.999066721,0.01030915,0.999576947,0.001034376,0.020590353,0.989496627,0.999483115,3.13E-06
5735,0.020888195,0.021318714,0.999264274,0.999676329,0.999488563,0.021007655,0.968805581,0.020591967,0.01090998,0.999681979,0.999264274
5736,0.020888094,0.999973263,0.02080193,0.021193402,0.000211779,0.999887603,0.968903953,0.020598626,0.010914218,0.999790239,0.02080193
5737,0.020887993,0.999979821,0.999473732,0.020194138,0.000911788,1.58E-05,0.030580877,0.020598929,0.989578654,0.999875899,0.999473732
5738,0.020887489,0.030470901,0.020800114,0.999173468,0.000110682,0.020185562,0.030586527,0.020599635,0.989691859,0.010396425,0.020800114
5739,0.020887388,0.030571595,0.020501767,0.99956938,0.999671284,0.999370415,0.969607595,0.020599736,0.011104506,0.010916034,0.020501767
5740,0.020887287,0.010095152,0.030481596,0.989287572,0.999994249,0.999873074,0.998964817,0.020601653,0.011107634,0.011007647,0.030481596
5741,0.020887186,0.010096464,0.999085286,0.020696494,0.989595806,0.010808581,0.020683681,0.020601754,0.011108037,0.989688226,0.999085286
5742,0.020887085,0.010100096,0.020994236,0.999368397,0.98970447,0.99987822,0.020698311,0.02060801,0.011121658,1.27E-05,0.020994236
5743,0.020886984,0.010191305,0.030376262,0.999778334,0.999475043,0.999279206,0.02070386,0.020612146,0.011215995,0.000921373,0.030376262
5744,0.020886782,0.010200083,0.968912832,0.999673706,0.989496627,0.999387063,0.999467073,0.02061255,0.011219022,0.020183141,0.968912832
5745,0.020886682,0.010207347,0.020203824,0.989896877,0.030269918,0.968899211,0.021214288,0.999264274,0.989897684,0.020289282,0.020203824
5746,0.020886581,0.988874306,0.020900605,0.000305308,0.989190209,0.010915933,0.010818872,0.999265081,1.37E-05,0.02048411,0.020900605
5747,0.020886379,0.988992656,0.030492695,0.999668055,0.99947696,0.979800313,0.989484822,0.999265182,1.67E-05,0.999271538,0.030492695
5748,0.020886278,0.010405202,0.978802965,0.999978005,0.988995784,0.020183141,0.989581782,0.99926609,1.74E-05,0.999381614,0.978802965
5749,0.020886177,0.98907539,0.999486243,0.00102025,0.989802641,0.020704364,0.978896192,0.999268108,2.03E-05,0.999484628,0.999486243
5750,0.020886076,0.010496916,0.030471809,0.999987691,0.989384129,0.96909979,0.020204732,0.999269722,0.0001015,0.999668762,0.030471809
5751,0.020885975,0.010506905,0.010106452,0.999283847,0.001112065,0.020613357,0.020706685,0.999271437,0.000110682,0.999887199,0.010106452
5752,0.020885874,0.010597105,0.968998895,1.05E-05,0.989379891,0.020700026,0.021114099,0.999271538,0.00011502,0.010502364,0.968998895
5753,0.020885774,0.01060215,0.969407924,0.000822395,0.989079527,0.020997263,0.010521837,0.999273152,0.978798021,0.989190209,0.969407924
5754,0.020885673,0.010618293,0.020614467,0.000916228,0.989277987,0.989687924,2.00E-05,0.999273354,0.000205826,0.010598316,0.020614467
5755,0.020885572,0.010701128,0.999272244,0.021298737,0.020503785,0.979813631,0.979101514,0.999281527,0.000211072,0.989390586,0.999272244
5756,0.020885471,0.010703953,0.030377472,0.999472218,0.98918698,0.02049531,0.000830669,0.99928304,0.978888524,0.000317315,0.030377472
5757,0.02088537,0.010709805,0.999673706,0.001023479,0.999287479,0.999996771,0.99917821,0.999283645,0.000318526,0.00071353,0.999673706
5758,0.020812927,0.989382716,0.030470296,0.999280619,0.010093033,0.020996556,0.02109503,0.99928415,0.978999509,0.020406421,0.030470296
5759,0.020812826,0.01089757,0.010299162,0.02110633,0.02130136,1.74E-05,0.021190577,0.999284553,0.000404993,0.999086698,0.010299162
5760,0.020812625,0.010909274,0.010295933,0.999775811,0.989395328,0.000513253,0.999973465,0.999284654,0.000415082,0.999089322,0.010295933
5761,0.020812524,0.010916538,0.989185366,0.999486646,0.998979951,0.020500355,0.010805352,0.999285764,0.979208765,0.020608211,0.989185366
5762,0.020812322,0.011006335,0.978984879,0.000413064,0.011027826,0.020591967,0.011103194,0.999286874,0.979291196,0.9992785,0.978984879
5763,0.02081212,0.011023992,0.020488651,0.001115798,0.989077307,0.020610835,1.18E-05,0.999287278,0.979303102,0.999371222,0.020488651
5764,0.020811817,0.989696197,0.000216016,2.02E-07,0.999775609,0.988881268,0.978888524,0.020684992,0.000714438,0.999479785,0.000216016
5765,0.020811515,0.989805164,0.969101607,0.999684299,0.020789116,0.989083562,0.000915622,0.020686809,0.97939189,0.999487151,0.969101607
5766,0.020811313,0.011217105,0.020590756,0.000110278,0.999689748,5.04E-06,0.030384939,0.020687817,0.000814626,0.999690353,0.020590756
5767,0.02081101,0.011218416,0.020698613,0.998862308,0.98928848,0.000106041,0.030590865,0.020688625,0.001009556,0.999888612,0.020698613
5768,0.020810909,0.011224773,0.000411551,0.999479483,0.998974503,0.998963909,0.020280303,0.020691248,0.001117513,0.010306426,0.000411551
5769,0.020810607,0.989898592,0.999794679,0.011026413,0.011120851,0.999474337,0.020395121,0.020692055,0.001128713,0.010405909,0.999794679
5770,0.020810203,0.989905857,0.978687743,0.010392389,0.999978207,0.000823404,0.02049077,0.02069599,0.979798497,0.011010875,0.978687743
5771,0.020810001,4.04E-07,0.999788625,0.020995547,0.989695592,2.11E-05,0.999786103,0.020696293,0.96879761,0.989805063,0.999788625
5772,0.020809699,9.79E-06,0.010302088,0.999983151,0.000121881,0.969519615,0.021198447,0.020696494,0.968804874,0.030279604,0.010302088
5773,0.020809497,1.24E-05,0.001018233,0.010192919,0.999467375,0.02069932,0.98898751,0.020696797,0.968813551,0.97930744,0.001018233
5774,0.020809396,0.000110682,0.030374244,0.00040812,0.010616376,0.999887502,0.010711419,0.02069942,0.030269918,0.001031652,0.030374244
5775,0.020809194,0.00021198,0.020198174,0.9997858,0.989187283,0.030389983,0.011106019,0.020700026,0.969299563,0.020192625,0.020198174
5776,0.020809093,0.000218135,0.020692156,0.010310866,0.010192919,0.999794679,0.011222755,0.02070164,0.03038393,0.999076811,0.020692156
5777,0.020808992,0.000314389,0.020902724,0.000121982,0.988993564,0.010507712,0.989896877,0.020701943,0.030384939,0.020498942,0.020902724
5778,0.020808892,0.000317214,0.968806287,0.99947696,0.999893959,0.999276381,0.96930834,0.020702044,0.030586325,0.999375056,0.968806287
5779,0.020808791,0.000414174,0.020192019,0.998967037,0.000304098,0.999568573,0.999276381,0.02070275,0.969602651,0.999388475,0.020192019
5780,0.020808589,0.000420833,0.020389269,0.999783177,0.98928283,0.030572906,0.021311046,0.020702851,0.969607595,0.999473732,0.020389269
5781,0.020808488,0.000515069,0.999268612,0.020284137,0.989689437,0.020800416,0.010410348,0.02070386,0.969614557,0.999476859,0.999268612
5782,0.020808387,0.979207252,0.968698127,0.020589848,0.03038504,0.010909778,0.98929181,0.020704162,0.969621317,0.020892937,0.968698127
5783,0.020808286,0.000618688,0.020299473,0.999791349,0.030581079,8.48E-06,0.011102488,0.020705373,0.969726954,0.020996657,0.020299473
5784,0.020807983,0.000621312,0.989083159,0.021313871,0.030582895,0.030494309,0.030371318,0.020706483,0.02018082,0.999672091,0.989083159
5785,0.020807883,0.000627466,0.030272037,0.989694482,0.021007554,0.02039159,0.968607423,0.020706988,0.020197064,0.999778031,0.030272037
5786,0.020807479,0.000706568,0.96900394,0.998876837,0.999382018,0.020396332,0.968908796,0.020709005,0.998871287,0.999789029,0.96900394
5787,0.020807277,0.000726444,0.030277586,0.020794161,0.030369704,0.03029151,0.030598231,0.999365774,0.998872599,0.999871662,0.030277586
5788,0.020806874,0.000807665,0.020693569,0.011117723,0.03059359,0.998877139,0.969618492,0.999367186,0.020285347,0.021290463,0.020693569
5789,0.020806773,0.000827541,0.030475038,0.000936709,0.03058461,0.020903733,0.020194945,0.999368498,0.020294428,0.999995056,0.030475038
5790,0.020806672,0.000828247,0.999082057,0.989477759,0.001118119,0.999584313,0.020391993,0.999368599,0.998964817,0.010097069,0.999082057
5791,0.020806571,0.000923593,0.999680566,1.61E-05,0.010817056,0.021007251,0.999582396,0.999372029,0.020405009,0.010610322,0.999680566
5792,0.02080647,0.979590047,0.989485932,0.989689437,0.010611533,0.010701632,0.021315485,0.999372534,0.999070959,0.010906247,0.989485932
5793,0.020806268,0.001019544,0.000322864,0.999999294,0.001019847,0.020205035,0.01049621,0.999373442,0.020486633,0.010913512,0.000322864
5794,0.020806066,0.001030945,0.969406915,0.989886586,0.999873074,0.998870581,0.989398254,0.999374249,0.020492485,2.05E-05,0.969406915
5795,0.020805966,0.001032963,0.020905549,0.00071585,0.999280619,0.020384628,0.000817451,0.999376267,0.020493191,0.000117644,0.020905549
5796,0.020805865,0.001119531,0.97950015,0.999469393,0.989492086,0.999685712,0.999185273,0.999377982,0.020495713,0.979208362,0.97950015
5797,0.020805764,0.001125181,0.999582496,0.989892841,0.999772482,0.010102719,0.020612247,0.999378184,0.020498236,0.000714539,0.999582496
5798,0.020805663,0.020988787,0.00041932,0.000515069,0.00041932,0.010313892,0.020903228,0.999381514,0.999165296,0.000727251,0.00041932
5799,0.020805562,0.030280815,0.999980124,0.999273152,0.999888713,0.97980566,0.999678347,0.999382623,0.999173771,0.000825624,0.999980124
5800,0.02080536,0.030375253,0.020593582,0.999676732,0.999986379,0.000310958,0.999685712,0.99938333,0.999177605,0.020502171,0.020593582
5801,0.020805259,0.030383022,0.030475744,0.999286067,0.02028343,0.999486848,0.999894666,0.999385953,0.999185273,0.999176495,0.030475744
5802,0.020805158,0.030385342,0.999680163,0.989187283,0.999887906,0.999773188,0.988879654,0.999388475,0.020585813,0.99937768,0.999680163
5803,0.020805058,0.030387461,0.999999092,0.98928283,0.999679457,0.999985976,0.989481492,0.020784374,0.020602057,0.020989695,0.999999092
5804,0.020804755,0.030389277,0.98887249,0.000203505,0.999785094,0.01071717,0.011214885,0.020784979,0.020604176,0.020995043,0.98887249
5805,0.020804553,0.030470296,0.030473323,0.020905347,0.000121982,0.999789634,0.978893468,0.020792748,0.020604276,0.999888814,0.030473323
5806,0.020804452,0.030476753,0.020683479,0.999585321,0.021312963,0.010900597,0.000428804,0.020793757,0.02060801,0.988986098,0.020683479
5807,0.020804351,0.030482504,0.001021158,0.98988588,0.010192415,0.020485019,0.969000308,0.020797188,0.020609624,0.989695693,0.001021158
5808,0.020804149,0.030487347,0.010718078,0.020292713,0.999472319,0.999384944,0.030386856,0.02079749,0.999278197,1.61E-06,0.010718078
5809,0.020803948,0.03049108,0.989884164,0.99908125,0.020400569,0.02060922,0.020591967,0.020800114,0.999282435,0.00040358,0.989884164
5810,0.020803847,0.030494107,0.001134665,0.999171854,0.010715757,0.999680768,0.020905953,0.020802031,0.02068812,0.000406708,0.001134665
5811,0.020803544,0.0305835,0.969412969,0.021291472,0.000710099,0.99968208,0.021300048,0.020803847,0.020693468,0.979394109,0.969412969
5812,0.020803443,0.030585114,0.999973364,0.010512555,0.020799609,0.0206069,0.010112506,0.020804351,0.999367086,0.001122659,0.999973364
5813,0.020803342,0.030597525,0.999999697,0.020787603,0.020492787,0.0005186,0.010809489,0.020804452,0.999367287,0.979806064,0.999999697
5814,0.020803241,0.020194138,0.010818872,0.999883466,8.37E-06,0.979090415,0.0108108,0.020805058,0.999374653,0.979808384,0.010818872
5815,0.02080314,0.02028232,0.020610027,0.99927961,0.999470806,0.02090565,0.011007647,0.020808892,0.999376368,0.020484211,0.020610027
5816,0.020802737,0.020287264,0.000827036,0.999165195,0.000720895,0.02100604,0.000311362,0.020812826,0.999383935,0.999184667,0.000827036
5817,0.020802434,0.020297152,0.020190102,0.989694784,0.00071242,0.030479881,0.999085488,0.999467981,0.999387164,0.020597617,0.020190102
5818,0.020802232,0.998973898,0.010107663,0.020905549,0.999985774,0.010317121,0.020485019,0.999468081,0.999389081,0.99938333,0.010107663
5819,0.020802031,0.999071665,0.010703549,0.030369603,0.000122789,0.999178412,0.999367388,0.999468384,0.020789318,0.999681273,0.010703549
5820,0.02080193,0.999085689,0.969712829,0.030377775,0.011116109,0.999890529,0.02089556,0.999469393,0.02079517,0.021294197,0.969712829
5821,0.020801829,0.999089322,0.010523048,4.14E-06,0.999480088,0.010695982,0.9995716,0.999470604,0.999480895,0.999987085,0.010523048
5822,0.020801728,0.020486128,0.979794057,0.020599433,0.999579369,0.01081746,0.999587339,0.999470806,0.020888296,0.030278797,0.979794057
5823,0.020801627,0.020492989,0.020899394,0.001118119,0.999583102,0.97909768,0.030376766,0.999471915,0.020890314,0.010408229,0.020899394
5824,0.020801526,0.020494402,0.00042729,0.99947585,0.030492089,0.020292713,0.021109054,0.999475447,0.020893038,0.98939664,0.00042729
5825,0.020801223,0.020593582,0.968696009,0.999786103,0.000202295,0.021004325,0.021111274,0.999477767,0.02090111,0.999183558,0.968696009
5826,0.020801022,0.020597617,7.26E-06,0.99997407,0.999070151,0.030480688,0.021197741,0.999477868,0.020905347,0.020584097,7.26E-06
5827,0.020800719,0.020604276,0.000716355,0.011127005,0.999983151,0.999373038,0.999885081,0.999477969,0.999567564,0.021098359,0.000716355
5828,0.020800618,0.020610835,0.999374552,0.999470806,0.999579772,0.030282328,0.03057563,0.999478877,0.999568976,0.999779746,0.999374552
5829,0.020800517,0.020611339,0.999996872,0.999472319,0.020194441,0.999270731,0.010505997,0.999480391,0.999576544,0.030472011,0.999996872
5830,0.020800416,0.999276885,0.989287976,0.020903329,0.000932068,0.020795775,0.011103295,0.999482005,0.020987072,0.010091217,0.989287976
5831,0.020800215,0.020698613,0.969100598,0.999982747,0.021096745,0.020800215,0.011119741,0.999483014,0.020996354,0.989088002,0.969100598
5832,0.020800114,0.020702044,0.999486949,0.999073784,0.030573411,0.999688033,0.978791968,0.999484628,0.020997666,0.989780444,0.999486949
5833,0.020800013,0.020706483,0.99979367,0.999274262,0.020898385,0.999990213,0.020786493,0.999486444,0.021010782,0.978904466,0.99979367
5834,0.020799912,0.999371222,0.030282732,0.999989103,0.999585321,0.999576846,0.999668055,0.020885673,0.999670578,0.00032125,0.030282732
5835,0.020799609,0.999374047,0.999568876,0.000221666,0.03049552,1.14E-05,0.999670477,0.020886379,0.999678347,0.000726646,0.999568876
5836,0.020799508,0.999381211,0.999682685,0.021311954,0.030485733,0.010311774,0.999675925,0.020886984,0.999686822,0.020484615,0.999682685
5837,0.020799206,0.999381614,0.989578352,2.04E-05,0.010405001,8.78E-06,0.010598416,0.020891424,0.021089581,0.999268108,0.989578352
5838,0.020799004,0.020785988,0.000120872,0.001036394,0.999870552,0.999285159,0.010612744,0.020892533,0.021089985,0.999386659,0.000120872
5839,0.020798903,0.020791739,0.030471002,0.030593489,0.020593884,0.020802434,1.45E-05,0.020893038,0.021099671,0.021106532,0.030471002
5840,0.020798802,0.020793757,0.999371222,0.989195556,0.010999474,0.020805562,0.999482509,0.02089324,0.999784186,0.021203492,0.999371222
5841,0.020798701,0.020801022,0.999675925,0.030596213,0.020996859,0.020886076,0.021293894,0.020894753,0.999787011,0.999885484,0.999675925
5842,0.0207986,0.020802434,0.020902018,0.020794262,0.999770867,0.999890932,0.021299746,0.020896267,0.999787112,0.989702049,0.020902018
5843,0.020798499,0.020804149,0.020891222,0.00052304,0.999689142,0.989383422,0.988874306,0.020896367,0.999790138,0.989891933,0.020891222
5844,0.020798398,0.020806571,0.010299464,0.000617578,0.021300351,0.030596717,0.989074684,0.020896569,0.999790643,1.78E-05,0.010299464
5845,0.020798298,0.020806672,0.989088002,0.999782571,0.021108247,0.020288273,0.979101615,0.020897376,0.999790845,1.79E-05,0.989088002
5846,0.020798197,0.999474236,0.030271028,0.999788423,0.020499245,0.99997296,0.979703655,0.020897982,0.999791753,0.000611525,0.030271028
5847,0.020797995,0.999477061,0.030583097,0.989903133,2.22E-06,0.010701128,0.968900321,0.020899092,0.999793972,0.001022773,0.030583097
5848,0.020797894,0.999481702,0.02061255,0.030279403,0.999998184,0.00071585,0.030278293,0.020903733,0.021188156,0.979799203,0.02061255
5849,0.020797793,0.999572104,0.968999904,0.021304891,0.989483006,0.020588335,0.999672898,0.020905852,0.021193604,0.030374345,0.968999904
5850,0.020797692,0.999573517,0.030585922,0.001031248,0.020803948,0.999374451,0.999677136,0.020905953,0.021193907,0.020295235,0.030585922
5851,0.020797591,0.999575434,0.021008058,0.999266594,0.000512345,0.020182939,0.999892042,0.999569985,0.021199254,0.020299473,0.021008058
5852,0.02079749,0.999583606,0.979205738,0.999982848,0.010201193,0.02050318,0.021312257,0.999576947,0.021204097,0.999474337,0.979205738
5853,0.020797389,0.020987879,0.989693876,0.998972082,0.01090766,0.020485725,0.968609945,0.999579268,0.999869745,0.999679557,0.989693876
5854,0.020797289,0.021007352,0.020290392,0.999269823,0.030477157,0.020497933,0.969610117,0.999580781,0.99987146,0.999894666,0.020290392
5855,0.020797188,0.999674614,0.020688423,0.010110387,0.020504996,0.020806571,0.020888195,0.999584313,0.021293995,0.99997407,0.020688423
5856,0.020797087,0.999685914,0.999469393,0.020199385,0.999178715,0.021011085,0.021303479,0.999586835,0.021312761,0.010501456,0.999469393
5857,0.020796885,0.999689243,0.0009356,0.989704773,0.030571695,0.030385342,0.988774117,0.020988888,0.021316595,0.989786094,0.0009356
5858,0.020796784,0.999689748,0.999474741,0.02081212,0.020805966,0.979606695,0.010521635,0.020990503,0.999974776,0.00011835,0.999474741
5859,0.020796683,0.021087866,0.020592472,0.999477465,0.000305813,0.001123163,0.011216298,0.020992722,0.999976996,0.000122587,0.020592472
5860,0.02079628,0.02109281,1.49E-05,0.999784085,0.010100096,0.030490071,0.978900127,0.020994034,0.999979014,0.000509217,1.49E-05
5861,0.020796179,0.021100276,0.010396525,0.01122447,0.999176697,0.999467073,0.969308946,0.03037717,0.999984059,0.030491887,0.010396525
5862,0.020796078,0.021105725,0.000810691,0.010916942,0.999184163,0.989082453,0.030477762,0.021000996,0.030477056,0.969514671,0.000810691
5863,0.020795977,0.021111072,0.0205844,0.999473732,0.020687313,0.010818872,0.969708187,0.021004426,0.030480789,0.999179925,0.0205844
5864,0.020795876,0.021113494,0.021010984,0.99956827,0.020788107,0.010819881,0.999177907,0.021005738,0.030571998,0.999690858,0.021010984
5865,0.020795775,0.999773491,0.999881347,0.99967754,0.010817661,0.989890016,0.020806672,0.021005939,0.030576841,0.988996793,0.999881347
5866,0.020795674,0.999780049,0.010205027,0.989890319,0.03037495,0.000916631,0.030374849,0.021008058,0.030579565,0.011023184,0.010205027
5867,0.020795472,0.99978802,0.030391699,0.020988586,0.011010875,0.001116504,0.020995144,0.021009067,0.010113111,5.04E-06,0.030391699
5868,0.020795372,0.021190678,0.021005233,0.999993341,0.999675017,0.030471002,0.021306506,0.999668055,0.010301987,0.000226812,0.021005233
5869,0.020795271,0.021200263,0.030472516,0.98989829,0.999682685,0.020697302,0.010598114,0.999668257,0.010310866,0.001009656,0.030472516
5870,0.02079517,0.021203795,0.020196257,1.91E-05,0.000527378,0.03047413,0.010913512,0.999671789,0.01031248,0.969408025,0.020196257
5871,0.020795069,0.021208638,0.978792674,0.020792547,0.999570692,0.000209862,0.989597925,0.999674109,0.010401469,0.998860794,0.978792674
5872,0.020794968,0.021209647,0.979207958,0.020388361,0.999267603,0.999270428,0.000316104,0.999680768,0.989090222,0.998872599,0.979207958
5873,0.020794867,0.02121681,0.969011205,0.999974776,0.999285361,9.28E-06,0.968897799,0.999682483,0.010524057,0.030273853,0.969011205
5874,0.020794766,0.999872368,0.99927406,1.01E-06,0.030387764,0.020190304,0.968906778,0.999682685,0.010599022,0.020489761,0.99927406
5875,0.020794665,0.99987933,0.030484724,0.020685598,0.000516583,0.020203925,0.030282732,0.999683492,0.010601241,0.020885774,0.030484724
5876,0.020794564,0.999881549,0.030471305,0.999680062,0.000424768,0.999997074,0.969714746,0.999684804,0.010606589,0.020891222,0.030471305
5877,0.020794464,0.999882558,0.020198678,0.999468586,0.00112841,0.020803847,0.020390783,0.999685308,0.010607295,0.999775307,0.020198678
5878,0.020794262,0.999887098,0.999575837,6.05E-07,0.021206721,0.999180127,0.999180934,0.999685712,0.010712226,0.03047191,0.999575837
5879,0.020794161,0.999891134,0.010617788,0.999794376,0.021205409,0.999779544,0.020601653,0.999686519,0.989397144,0.010298355,0.010617788
5880,0.02079406,0.021297526,0.999264374,0.020195349,0.010316617,0.010494293,0.020903531,0.999687225,0.989398859,0.010302088,0.999264374
5881,0.020793757,0.021307212,0.020504491,0.999482711,0.999477465,0.020793757,0.020992016,0.99968773,0.989496425,0.988978329,0.020504491
5882,0.020793555,0.999974877,0.010618999,0.989584002,0.999273657,0.988989226,0.021001803,0.999770363,0.010900597,0.988989327,0.010618999
5883,0.020793455,0.999984866,0.969107862,0.999785094,0.020198981,0.968708721,0.99978812,0.999770666,0.010901101,0.010807168,0.969107862
5884,0.020793354,0.999998688,0.020287264,0.988993564,0.999982242,0.999183356,0.988876929,0.99977117,0.011005427,1.02E-05,0.020287264
5885,0.020793253,0.030573108,0.020706988,0.989190209,0.9999887,0.999380605,0.01049399,0.999771372,0.011024193,1.16E-05,0.020706988
5886,0.02079295,0.030584307,0.02079406,0.999889217,0.020186773,0.999978913,0.01050075,0.999772986,0.011024597,1.95E-05,0.02079406
5887,0.020792748,0.01010393,0.988989226,0.988979741,0.010104636,0.999987792,0.01111066,0.999773188,0.011116311,0.000416797,0.988989226
5888,0.020792647,0.988786326,0.999466669,0.989093955,0.999176495,0.010396929,0.030490172,0.999773491,0.011223259,0.979191411,0.999466669
5889,0.020792547,0.030275669,1.06E-05,0.011216903,0.999389484,0.010595692,0.969716864,0.999777022,0.989898592,0.000610718,1.06E-05
5890,0.020792446,0.010404093,0.000304098,0.030579767,0.999084277,0.999181035,0.020597012,0.999780957,1.61E-06,0.000711613,0.000304098
5891,0.020792345,0.989075592,0.020612953,0.989275667,0.999572911,0.999883567,0.020607505,0.99978126,9.18E-06,0.969211885,0.020612953
5892,0.020792244,0.989077509,0.989390384,0.001114991,0.0201898,0.999892244,0.020999785,0.999781865,2.00E-05,0.969215214,0.989390384
5893,0.020792143,0.989092239,1.76E-05,0.999580378,0.999580479,0.020899394,0.999787616,0.999784186,0.978689862,0.030282631,1.76E-05
5894,0.020791941,0.010503676,0.03049108,0.021315082,0.999991222,0.010508519,0.999884273,0.999785497,0.000213797,0.030290501,0.03049108
5895,0.020791739,0.010511142,0.020492586,0.999995561,0.998971779,0.978691779,0.021290463,0.999786809,0.978891652,0.030378784,0.020492586
5896,0.020791538,0.010520122,0.999477767,0.010396929,0.020492081,0.999875899,0.999972657,0.999788827,0.000313582,0.020198578,0.999477767
5897,0.020791437,0.989180523,0.020997868,0.999176293,0.999272244,0.010702742,0.999974978,0.999789634,0.979000215,0.998978942,0.020997868
5898,0.020791336,0.01059549,0.020702851,0.99988498,2.42E-06,0.030287474,0.000317214,0.99979034,0.979101615,0.999178412,0.020702851
5899,0.020791134,0.01060336,0.999571902,0.999770867,0.999073784,0.999995157,0.000612735,0.99979145,0.000519004,0.99918043,0.999571902
5900,0.020791033,0.010607295,0.96950781,0.999775105,1.32E-05,0.010522442,0.979493087,0.999792156,0.979193934,0.999281426,0.96950781
5901,0.02079073,0.010612744,0.96879993,0.999572508,0.999574122,0.021005738,0.030381407,0.999795284,0.979291398,0.999286874,0.96879993
5902,0.020790428,0.010614257,0.030491383,0.011220333,0.999578461,1.87E-05,0.020380996,0.999795788,0.000718877,0.020687414,0.030491383
5903,0.020790125,0.989286866,0.001019544,0.999287177,0.999682887,0.999271841,0.020485725,0.999870753,0.000722509,0.999373745,0.001019544
5904,0.020789721,0.010719995,0.968700751,0.999568573,0.999484426,0.02090787,0.020792547,0.99987267,0.000726747,0.999378487,0.968700751
5905,0.020789621,0.010800711,0.020787199,0.000104527,0.999369003,0.01090433,0.999688537,0.999873074,0.00072715,0.999485738,0.020787199
5906,0.02078952,0.010802224,0.020701539,0.0305948,0.99999324,0.999367994,0.999793972,0.999878926,0.000730884,0.020901715,0.020701539
5907,0.020789419,0.010808076,0.03057563,0.010103325,0.998969559,0.999381715,0.999984765,0.999879733,0.979405006,0.999588046,0.03057563
5908,0.020789318,0.010812617,0.020990503,0.99928637,0.010607295,0.021005637,0.999994451,0.999881549,0.000827743,0.021003922,0.020990503
5909,0.020789217,0.010816148,0.030389983,0.999484023,0.999082158,0.989400676,0.010503272,0.99988276,0.000828247,0.999671183,0.030389983
5910,0.020789116,0.010818872,0.999468384,0.03038625,0.998981667,0.000515069,0.011122062,0.999884273,0.979494096,0.999679457,0.999468384
5911,0.020788713,0.011021066,0.030281017,0.999482509,0.999568775,0.030290299,0.969211481,0.999887603,0.000918649,0.999773793,0.030281017
5912,0.02078841,0.011099865,0.020406119,0.000202194,0.020988485,0.999972557,0.030390084,0.99988841,0.000925813,0.999774802,0.020406119
5913,0.020788309,0.011111468,0.02060468,0.02080314,0.021100075,0.010914722,0.030592581,0.999888511,0.979591964,0.021201272,0.02060468
5914,0.020788208,0.011111972,0.02060922,0.999978711,0.999891437,0.00101904,0.020206246,0.999890529,0.001021058,0.021302066,0.02060922
5915,0.020788107,0.011120245,0.020997263,0.999580479,0.99998426,0.030577245,0.02069256,0.999891639,0.97970305,0.999984361,0.020997263
5916,0.020788006,0.011123474,0.969608503,0.999671284,0.999569178,0.999366985,0.020796078,0.999971548,0.968804773,0.999992029,0.969608503
5917,0.020787704,0.011125189,0.030293931,0.999891437,0.010099188,0.999372332,0.020797591,0.999973767,0.968911722,0.988979338,0.030293931
5918,0.020787603,0.989801128,6.26E-06,0.000911788,0.020584299,0.020901009,0.02081212,0.999973969,0.030282328,0.010616779,6.26E-06
5919,0.020787199,0.989805063,0.97930744,0.999086597,0.999271235,0.999578158,0.020908071,0.999975886,0.9693038,0.989286967,0.97930744
5920,0.020786997,0.01120197,0.999478877,0.999793367,0.999384439,0.030476551,0.021005939,0.999976391,0.030381609,0.010699513,0.999478877
5921,0.020786695,0.011209739,0.02061144,0.011121759,0.998967037,0.989889108,0.999681777,0.999979014,0.030385948,0.989484116,0.02061144
5922,0.020786493,0.989885274,0.000119964,0.989889108,0.999365673,0.999377478,0.989091331,0.99998194,0.03038625,0.011015113,0.000119964
5923,0.020786291,0.030375656,0.000424264,0.999582194,0.021188358,0.020994337,0.01100462,0.999982747,0.969406309,0.989792148,0.000424264
5924,0.020785988,4.34E-06,0.999366077,0.021113292,0.999074793,0.988879149,1.68E-05,0.999982949,0.969417509,0.011224268,0.999366077
5925,0.020785787,5.04E-06,0.010704457,0.989798505,0.999376065,0.989482905,0.979710415,0.99998759,0.969524054,0.989895364,0.010704457
5926,0.020785686,6.46E-06,0.000413064,2.83E-06,0.999876303,0.999582698,0.968806287,0.999988296,0.030592883,0.000121881,0.000413064
5927,0.020785181,1.10E-05,0.968907787,0.989287875,0.999072876,0.030380298,0.968809011,0.999990011,0.030594599,0.000126623,0.968907787
5928,0.02078508,1.80E-05,0.969315201,0.989293424,0.999576342,0.999367186,0.968898908,0.999990718,0.030598231,0.979294223,0.969315201
5929,0.020784979,2.03E-05,0.030590462,0.000527378,0.999272042,0.010607598,0.030282228,0.999990919,0.969722313,0.000714438,0.030590462
5930,0.020784677,0.000103317,0.999572407,0.999485234,0.999684199,0.000413064,0.020504289,0.999991727,0.020179609,0.000918145,0.999572407
5931,0.020784576,0.00011613,0.999572104,0.989384734,0.999474337,0.030291712,0.999381614,0.99999213,0.020183141,0.97959822,0.999572104
5932,0.020784374,0.000120872,0.999470099,0.001112065,0.011109651,0.030293023,0.999668459,0.999992231,0.020201604,0.999477566,0.999470099
5933,0.020709106,0.000322864,0.010905642,0.999384439,0.020989695,0.0303918,0.010299767,0.999995056,0.998866344,0.02088537,0.010905642
5934,0.020709005,0.000323167,0.000126522,0.020895157,0.999690656,0.030590966,0.978792876,0.999995157,0.998869471,0.999568775,0.000126522
5935,0.020708905,0.97909546,0.020283733,0.999270125,0.999786002,0.020202714,0.000821992,0.99999546,0.020288576,0.999675824,0.020283733
5936,0.0207084,0.000525663,0.969205125,0.998966633,0.999086496,0.03027466,0.969406309,0.999995964,0.02029019,0.999786506,0.969205125
5937,0.020708299,0.00061324,0.999686519,0.998976521,0.999283847,0.020886682,0.020591059,0.999996469,0.020387655,0.99987933,0.999686519
5938,0.020707896,0.000623733,0.010810901,0.98929746,0.999278601,0.020994538,0.011020158,0.999997175,0.99908347,0.010113111,0.010810901
5939,0.020707694,0.000710099,0.999687326,3.03E-06,0.010912805,0.99988841,0.968802856,0.999999798,0.999086597,0.988774925,0.999687326
5940,0.020707492,0.000714438,0.989187081,0.030383526,0.021203492,0.030371318,0.030580978,0.030473525,0.999086698,0.979499545,0.989187081
5941,0.02070729,0.000811902,0.989890016,0.021296517,0.999774096,0.020885975,0.999367086,0.030476551,0.999087505,0.001130226,0.989890016
5942,0.020706988,0.000824514,0.020488045,0.999991828,0.999785699,0.000913907,0.999374955,0.030478569,0.99916691,0.020201907,0.020488045
5943,0.020706887,0.000829357,0.999893152,0.020995749,0.999271538,0.020612146,0.020797894,0.030480991,0.020597718,0.998875525,0.999893152
5944,0.020706685,0.000829962,0.999371626,0.010410146,0.999874789,0.000630796,0.99956938,0.010093639,0.020600846,0.999178815,0.999371626
5945,0.020706483,0.001021058,0.999779847,0.021293692,0.010911191,0.030388874,0.999571701,0.010096363,0.020610027,0.999266191,0.999779847
5946,0.020706382,0.001031248,0.020403092,0.999871359,0.999567766,0.030496024,0.030577547,0.010102719,0.999268612,0.020797995,0.020403092
5947,0.02070618,0.001031752,0.999478474,0.010706677,0.98988588,0.010494999,0.010108268,0.010110589,0.99928415,0.021005132,0.999478474
5948,0.020705979,0.969210472,0.010511142,0.030370813,0.989897382,0.010523956,0.010515279,0.988771898,0.020688019,0.021093415,0.010511142
5949,0.020705878,0.030275468,0.020190304,0.998971577,0.989799614,0.979694978,0.010800711,0.010196652,0.020690037,0.99979367,0.020190304
5950,0.020705777,0.030281017,0.020693669,0.010809287,0.989890319,0.969510433,0.968696009,0.010199074,0.020698411,0.021210756,0.020693669
5951,0.020705676,0.030280916,0.02079073,0.000213191,0.99917256,0.020204732,0.969299563,0.030271936,0.020702649,0.999878522,0.02079073
5952,0.020705575,0.030288887,0.989191016,0.011207923,0.999067427,0.010916135,0.030484219,0.010201193,0.999371929,0.999889621,0.989191016
5953,0.020705373,0.030473323,0.989490068,0.000512345,0.989903536,0.979101917,0.030592883,0.010210475,0.999377377,0.999975987,0.989490068
5954,0.020705071,0.030477762,0.00042053,0.999774399,0.999476052,0.030374244,0.020497227,0.010211181,0.999388072,0.999989002,0.00042053
5955,0.02070497,0.030490576,0.000606177,0.998875323,0.999577149,0.030482302,0.020799004,0.988887221,0.020787704,0.030474634,0.000606177
5956,0.020704768,0.030491484,0.010909879,0.020806066,0.999166607,0.010897873,0.021109861,0.988891862,0.020798802,0.988787738,0.010909879
5957,0.020704465,0.030491686,0.979603366,0.020492787,0.989890723,0.999271134,0.999791753,0.010292099,0.020799004,0.01020422,0.979603366
5958,0.020704364,0.030495217,0.979189999,0.999467375,0.998977631,0.020791739,0.021316797,0.010300574,0.020801627,0.989584204,0.979189999
5959,0.020704263,0.030574722,0.001123365,0.999475043,0.011105212,0.01031248,0.010618394,0.010311774,0.020804553,0.989780848,0.001123365
5960,0.020704162,0.969524659,0.999372029,0.999689748,0.010901303,0.010898075,0.000507199,0.010317121,0.020812524,1.01E-07,0.999372029
5961,0.020703961,0.030586527,0.999781159,0.010817056,0.000728159,0.969412969,0.979602659,0.030277586,0.999474135,0.000212081,0.999781159
5962,0.02070386,0.030589655,0.999185071,0.030380499,0.999380404,0.99979145,0.969707178,0.988976513,0.999479079,0.979399759,0.999185071
5963,0.020703759,0.030592379,0.020889305,0.01030915,0.989900711,0.988773512,0.999772885,0.988985392,0.999480592,0.000908459,0.020889305
5964,0.020703557,0.030592984,0.020988686,0.988983273,0.020887287,0.02049309,0.979394109,0.988989226,0.999483216,0.001018838,0.020988686
5965,0.020703456,0.030596616,0.010899487,0.030487751,0.00042729,0.030491383,0.979604879,0.010392389,0.02089435,0.001120338,0.010899487
5966,0.020703154,0.020180114,0.989590459,0.989287976,0.99979488,0.020498034,0.969420334,0.010396525,0.020897881,0.020280706,0.989590459
5967,0.020703053,0.020184049,0.020392094,0.000924804,0.999670477,0.999283343,0.969510938,0.010397837,0.020900807,0.020606193,0.020392094
5968,0.020702952,0.020194441,0.021011691,0.02080536,0.989889108,0.999872469,0.999374552,0.010408229,0.020903027,0.999481702,0.021011691
5969,0.020702851,0.020202008,0.010200083,0.999067528,0.021100882,0.989190108,0.020886682,0.010412063,0.999572508,0.020903027,0.010200083
5970,0.02070275,0.020289686,0.030476753,0.999367994,0.989489867,0.030282228,0.999772986,0.010415494,0.021004426,0.999787011,0.030476753
5971,0.020702649,0.02029352,0.999992332,0.999380404,0.999993139,0.020395121,0.021323759,0.989076197,0.99967088,0.999891437,0.999992332
5972,0.020702447,0.998961689,0.999471108,0.020999785,0.998973393,0.020683983,0.010510537,0.989077509,0.999673403,0.030573512,0.999471108
5973,0.020702346,0.998963909,0.969310964,0.999786002,0.020702145,0.999686116,7.57E-06,0.989082453,0.99967643,0.01020765,0.969310964
5974,0.020702245,0.998968348,0.02060801,0.99939009,0.99987146,0.999778737,1.12E-05,0.010494999,0.999679053,0.988975201,0.02060801
5975,0.020702145,0.998975714,0.999991121,0.999475951,2.83E-06,0.999973364,0.979309458,0.010496311,0.999687326,0.01049399,0.999991121
5976,0.020702044,0.998980759,0.98990172,0.98948119,0.999581084,0.999979821,0.96900394,0.010506804,0.999688033,0.010522644,0.98990172
5977,0.020701943,0.020382106,0.96911664,0.030586931,0.999385247,0.010107663,0.020904944,0.010508216,0.021087362,0.010593977,0.96911664
5978,0.020701842,0.020388058,0.030376464,0.000423456,0.999280013,1.24E-05,0.999676531,0.010512555,0.021088169,0.010914521,0.030376464
5979,0.020701741,0.020392094,0.99937546,0.02119653,0.999683593,0.998979346,0.999679457,0.010517196,0.021091902,0.989795175,0.99937546
5980,0.02070164,0.030268607,0.999568169,0.998961689,0.010507712,0.020495512,0.021112182,0.010517801,0.021097855,0.000322864,0.999568169
5981,0.020701539,0.999068941,0.01052446,0.999685712,0.999264576,0.000212384,0.02130923,0.989180523,0.021106633,0.00051063,0.01052446
5982,0.020701136,0.999070353,0.999892648,0.030486944,0.99939009,0.000618688,0.999985572,0.989190713,0.999772482,0.000715043,0.999892648
5983,0.020701035,0.030270524,0.989895364,0.999265787,0.999278702,0.03049108,0.010904229,0.010595692,0.999781159,0.979510946,0.989895364
5984,0.020700833,0.99907671,0.030496024,0.999882155,0.020988283,0.0302791,0.989589248,0.010596903,0.999787616,0.998981263,0.030496024
5985,0.020700732,0.999087405,0.999472622,0.999877614,0.999269722,0.020888195,0.011121355,0.010602049,0.99978802,0.020384628,0.999472622
5986,0.020700631,0.020484514,0.010595692,0.010311572,0.02039391,0.020801223,0.011221544,0.010605378,0.999790744,0.02060246,0.010595692
5987,0.02070053,0.020484615,0.999380706,0.020197064,0.99956938,0.999973767,0.000220859,0.010607598,0.999792963,0.999265686,0.999380706
5988,0.020700429,0.020488045,0.999682282,0.999381917,0.999871762,0.020180114,0.000423456,0.010611331,0.021189669,0.999269823,0.999682282
5989,0.020700228,0.020491879,0.000527378,0.999795183,0.999573315,0.020403092,0.03028253,0.010613551,0.021210555,0.020702952,0.000527378
5990,0.020700127,0.02059903,0.999370213,0.989398254,0.021310239,0.030383123,0.020299674,0.01061799,0.999869644,0.020812927,0.999370213
5991,0.020700026,0.020609826,0.02088991,0.03038504,0.020691752,0.02038715,0.999165296,0.010620109,0.99987267,0.020902724,0.02088991
5992,0.020699925,0.020610128,0.020200898,0.999675925,0.989899904,0.020590252,0.02061255,0.01062142,0.999878119,0.999788221,0.020200898
5993,0.020699824,0.020610431,0.999770968,0.011101883,0.99978691,0.010291595,0.999278197,0.010622026,0.999879733,0.999889722,0.999770968
5994,0.020699723,0.999267805,0.010620714,0.021189266,0.999576039,0.01090211,0.988985593,0.989277281,0.999895271,0.999975583,0.010620714
5995,0.020699622,0.999270933,0.999286269,0.021303782,0.999478877,0.989588542,0.979109484,0.989282729,0.021289454,0.988978733,0.999286269
5996,0.020699521,0.999275977,0.999367186,0.999068335,0.000720592,0.000718473,0.979701839,0.010695982,0.021290161,0.000116534,0.999367186
5997,0.02069942,0.999286168,0.030477056,0.989892438,0.999084983,0.001013793,0.969300269,0.010698101,0.021296013,0.000205422,0.030477056
5998,0.02069932,0.999287177,0.969415087,0.01049399,0.01102601,0.030583097,0.999178916,0.010700825,0.021298031,0.000308941,0.969415087
5999,0.020699219,0.020684286,0.968900725,0.999977198,0.999876,0.989293929,0.020903733,0.010706273,0.021301158,0.979492078,0.968900725
6000,0.020699017,0.0206858,0.020206346,0.999689243,0.999266594,0.000912999,0.999569885,0.010708997,0.021308725,0.001025699,0.020206346
6001,0.020698916,0.020688625,0.020600846,0.999478877,0.98969085,0.968997886,0.999774197,0.010710511,0.999972758,0.979697501,0.020600846
6002,0.020698815,0.02069145,0.999680768,0.999979014,0.999388475,0.030376464,0.999782168,0.010710713,0.999974675,0.03038393,0.999680768
6003,0.020698714,0.020696293,0.969017359,0.999985269,0.030574722,0.999890024,0.021191385,0.010711621,0.999975684,0.020289181,0.969017359
6004,0.020698613,0.020697907,0.020999987,0.9997745,0.000808472,0.03038393,0.010207347,0.010712529,0.999984765,0.999264374,0.020999987
6005,0.020698512,0.02070164,0.020602057,0.989283637,0.998973494,0.030386654,0.011099562,0.010713235,0.999984967,0.99926609,0.020602057
6006,0.020698411,0.020706685,0.999179118,0.998966431,0.999793871,0.969521229,0.98978226,0.01071717,0.999993038,0.999283847,0.999179118
6007,0.020698311,0.999367086,0.999776114,0.999482409,0.989701242,0.999778838,0.989888099,0.010717674,0.999999697,0.999782672,0.999776114
6008,0.02069821,0.999378083,0.000829962,0.000304098,0.030575429,0.020192524,0.000223886,0.989385037,0.030475038,0.999884879,0.000829962
6009,0.020698008,0.999381514,0.979693667,0.999769152,0.00021642,0.999378184,0.000916631,0.989397447,0.030480587,0.010412366,0.979693667
6010,0.020697907,0.999387164,0.02090787,0.999872166,0.999271033,0.00041599,0.979813025,0.989400776,0.010101508,0.989196666,0.02090787
6011,0.020697806,0.020792446,0.010898983,0.999981133,0.999986682,0.968998694,0.969421141,0.010807067,0.010104636,0.010620412,0.010898983
6012,0.020697604,0.020792647,0.969311065,0.999997175,0.989393714,0.030482807,0.030493401,0.010807975,0.988785922,0.989388064,0.969311065
6013,0.020697302,0.02079517,0.999782067,0.010098683,0.998862308,0.030585014,0.02090787,0.01080848,0.988786326,0.989803549,0.999782067
6014,0.020697201,0.0207986,0.010796473,0.989794267,0.998971577,0.999573113,0.020986366,0.010808581,0.030273147,0.000109875,0.010796473
6015,0.020696898,0.020802232,0.000609406,0.000317214,0.999275776,0.999999697,0.989073877,0.01081978,0.010294218,0.000121175,0.000609406
6016,0.020696797,0.020810001,0.00093449,0.001024791,0.98989829,0.010912704,0.010804848,0.989479273,0.01029785,0.00042497,0.00093449
6017,0.020696696,0.999466064,0.010512555,0.020607505,0.989780444,0.989590257,0.978793582,0.010900395,0.010313993,0.000523645,0.010512555
6018,0.020696595,0.999468081,0.030494309,0.02100604,0.999983857,0.999087505,0.978999105,0.010911494,0.988981658,0.979309559,0.030494309
6019,0.020696494,0.999468283,0.999368902,0.999681777,0.989697811,0.020687817,0.979593074,0.010914521,0.010410247,0.000711915,0.999368902
6020,0.020696293,0.999468687,0.010508519,0.999688537,0.99946677,0.020698512,0.030383123,0.010916841,0.010415696,0.000713731,0.010508519
6021,0.020696091,0.999470604,0.030282328,0.999787616,0.999783076,0.030473222,0.020586922,0.989584204,0.989074785,0.000920465,0.030282328
6022,0.02069599,0.999474135,0.020598727,0.999991928,0.999486444,0.010594683,0.020694981,0.020501565,0.989185164,0.001032055,0.020598727
6023,0.020695889,0.99947696,0.030576034,0.999994451,0.030289795,0.030497235,0.999472218,0.989703966,0.010593977,0.979793553,0.030576034
6024,0.020695788,0.999479281,0.000711007,0.010796171,0.999269823,0.020289888,0.02119875,0.989792047,0.010611533,0.020298867,0.000711007
6025,0.020695687,0.999483014,0.010597407,0.999466669,0.000206431,0.030275569,0.99987711,0.989881743,0.010698101,0.99928304,0.010597407
6026,0.020695586,0.020887388,0.020892533,0.010108268,0.999668055,0.020499648,0.010402075,0.989897281,0.989397245,0.020691853,0.020892533
6027,0.020695284,0.020896973,0.978995372,0.030381508,0.998869774,0.020886379,0.021002307,0.989897583,0.01081978,0.020696797,0.978995372
6028,0.020695082,0.020900908,0.020505298,0.999482005,0.999784892,0.978802057,0.021314275,0.989906462,0.989482602,0.021113292,0.020505298
6029,0.020694981,0.020902018,0.020704465,0.999776417,0.030480083,0.999887098,0.030571998,0.030375656,0.989588946,0.021190476,0.020704465
6030,0.02069488,0.020906659,0.010605378,0.999280215,0.999985673,0.030479982,0.030584307,7.06E-07,0.011007546,0.999883466,0.010605378
6031,0.020694678,0.999577048,0.030591067,0.000608094,0.999684299,0.000731287,0.010903523,2.02E-06,0.989689639,0.999889924,0.030591067
6032,0.020694577,0.99958623,0.020899092,0.999786708,0.998875323,0.969523348,0.030288584,4.14E-06,0.989697811,0.021301057,0.020899092
6033,0.020694376,0.999586835,0.020486633,0.010916034,0.99978812,0.020601653,0.998869068,4.74E-06,0.989699829,0.989089919,0.020486633
6034,0.020694275,0.030374647,0.030490677,0.011108542,0.011025606,0.020697201,0.020784374,5.04E-06,0.011121557,0.000216117,0.030490677
6035,0.020694174,0.020997263,0.999271538,0.02078841,0.02119653,0.010191305,0.021289959,5.65E-06,0.989801128,0.000823909,0.999271538
6036,0.020694073,0.021001399,0.010613551,0.030579363,0.999071766,0.020498942,0.030481798,5.95E-06,0.989806072,0.969310157,0.010613551
6037,0.020693972,0.02100483,0.000807665,0.989484317,0.011019451,1.40E-05,0.011004418,6.36E-06,0.011213271,0.030487448,0.000807665
6038,0.020693871,0.999669871,0.020996758,0.000202295,0.999466669,0.000616368,0.030590058,6.66E-06,0.011216197,0.999387063,0.020996758
6039,0.02069377,0.999670981,0.99967986,0.999076811,0.020490467,0.999384238,0.020498942,6.96E-06,0.989888099,0.020796885,0.99967986
6040,0.020693669,0.021088673,0.968595921,0.020486835,0.999575131,0.020809699,0.999480895,7.16E-06,0.989896877,0.020889305,0.968595921
6041,0.020693569,0.021093718,0.968706703,2.42E-06,0.989887696,0.020990503,0.999690353,8.78E-06,8.48E-06,0.999870047,0.968706703
6042,0.020693468,0.021094525,0.998875929,0.999085084,0.999267401,0.030388975,0.000824413,9.28E-06,1.50E-05,0.02131377,0.998875929
6043,0.020693367,0.021101891,0.968799022,0.999983857,0.989700334,0.020406018,0.96880669,9.99E-06,2.15E-05,0.999992736,0.968799022
6044,0.020693266,0.021104413,0.020802434,0.020186773,0.999387466,0.030377069,0.020587831,1.01E-05,0.000116534,0.010610625,0.020802434
6045,0.020692862,0.02110522,0.999878321,0.999869745,0.99998648,0.999782773,0.020598929,1.25E-05,0.000206229,0.01072171,0.999878321
6046,0.020692761,0.021118337,0.978686936,0.030389681,0.99927961,0.020694376,0.020686506,1.36E-05,0.000230747,0.010803839,0.978686936
6047,0.02069266,0.999769858,0.030282934,0.999568976,0.999877614,0.999472723,0.021097149,1.58E-05,0.000304501,0.98958047,0.030282934
6048,0.02069256,0.99978358,0.010497421,0.010710612,0.989487546,0.999992332,0.021303983,1.62E-05,0.000309243,0.978894477,0.010497421
6049,0.020692459,0.999785901,0.999880137,0.011212262,0.999370213,0.988872389,0.988883689,2.08E-05,0.000411551,0.979294526,0.999880137
6050,0.020692358,0.021188459,0.020684992,0.000621312,0.999264374,0.030285355,0.010596399,2.09E-05,0.979097579,0.979313091,0.020684992
6051,0.020692156,0.021202786,0.010608203,0.998875424,0.999581689,0.030495116,1.65E-05,0.978691779,0.00051517,0.97939643,0.010608203
6052,0.020692055,0.021203189,0.030372125,0.999978207,0.999080645,0.999377982,0.000915824,0.000106041,0.00052082,0.979708599,0.030372125
6053,0.020691954,0.021206418,0.969525164,0.030573512,0.999374754,0.030472516,0.979817364,0.000109471,0.000522636,0.001116908,0.969525164
6054,0.020691853,0.02120773,0.969510433,0.999265383,0.999777325,0.030494208,0.030374042,0.000126018,0.979288674,0.979792745,0.969510433
6055,0.020691752,0.02120894,0.999279307,0.999069344,0.999885282,0.999272547,0.020592371,0.000205826,0.000817451,0.999272244,0.999279307
6056,0.020691551,0.021209344,1.07E-05,0.999474034,0.999685712,0.020687616,0.020989191,0.000209862,0.000829962,0.999674916,1.07E-05
6057,0.02069145,0.021215902,1.70E-05,0.989293929,0.998972082,0.989899904,0.021008361,0.000217631,0.001026708,0.021110265,1.70E-05
6058,0.020691349,0.021217113,0.999286168,0.989399162,0.999487252,0.030384434,0.02120107,0.000227014,0.979694272,0.999879027,0.999286168
6059,0.020691248,0.999872166,0.000108059,0.999073986,0.999265686,0.010712529,0.02121338,0.000230747,0.979703655,0.999991323,0.000108059
6060,0.020691147,0.999876807,0.001121448,0.999789634,0.999265383,0.020497429,0.030478569,0.000309647,0.97971092,0.010097775,0.001121448
6061,0.020691046,0.999882155,0.968709831,0.000720895,0.989800321,0.020990301,0.020295033,0.000316407,0.001115092,0.989491582,0.968709831
6062,0.020690945,0.999883567,0.020493897,0.020611137,0.021202382,0.021005939,0.020296748,0.00031792,0.979795772,0.989795377,0.020493897
6063,0.020690743,0.999884677,0.999773592,0.010417613,0.999669771,0.010313993,0.020598021,0.000319938,0.979796983,0.000217631,0.999773592
6064,0.020690643,0.999885383,0.96931621,0.999972758,0.999487151,0.979404401,0.030581987,0.000320947,0.979798799,0.979499746,0.96931621
6065,0.020690542,0.999890024,0.000218135,0.020885572,0.999280215,0.030385241,0.010193424,0.000411652,0.979801019,0.979612446,0.000218135
6066,0.020690441,0.021293087,0.020491879,0.00041599,0.989884064,0.03047978,0.989794267,0.000413064,0.968807296,0.001017829,0.020491879
6067,0.020690239,0.021297728,0.020987173,0.989290599,0.999680062,0.030593186,0.98979568,0.00041599,0.030281622,0.979792645,0.020987173
6068,0.020690037,0.02131034,0.010612945,0.989389274,0.989896978,0.999471209,0.011213271,0.00042053,0.030378683,0.999372231,0.010612945
6069,0.020689936,0.021311651,0.030291712,0.999670477,0.989884467,0.020892029,0.968804773,0.000506796,0.030379087,0.999376065,0.030291712
6070,0.020689835,0.999978207,0.999567362,0.021194008,0.998966633,0.999581689,0.030475139,0.000508309,0.030387158,0.999480693,0.999567362
6071,0.020689734,0.999982949,0.021002509,0.999871762,0.030390992,0.030576841,0.020297656,0.000513253,0.969410951,0.999574122,0.021002509
6072,0.020689634,0.999991121,0.030482807,0.999975987,0.999175587,0.010622026,0.999475548,0.00060537,0.030489365,0.99989406,0.030482807
6073,0.020689432,0.999993139,0.969000611,0.01121549,0.999475951,0.001115798,0.999483014,0.000608094,0.030497235,0.98898973,0.969000611
6074,0.020689331,0.999994249,0.999795788,0.001013793,0.999087001,0.999271437,0.021295306,0.000614552,0.969510837,0.989176588,0.999795788
6075,0.02068923,0.030574117,0.000828247,0.98978902,0.999273455,0.999474438,0.021295407,0.000618688,0.96951689,0.989195556,0.000828247
6076,0.020689129,0.030577043,0.030388672,0.999370011,0.021188559,0.01072171,0.01070476,0.000629484,0.030580978,0.000424869,0.030388672
6077,0.020688927,0.030579061,0.020613761,0.999677237,0.999689849,0.001121953,0.010814534,0.979290086,0.969525567,0.97909546,0.020613761
6078,0.020688625,0.010092226,0.020994034,0.99999667,0.999066015,0.999997377,0.011006436,0.000710906,0.030590865,0.000813214,0.020994034
6079,0.020688423,0.010101508,0.01069578,0.020795271,0.011201567,1.36E-05,0.000208651,0.000718473,0.020197871,0.020604983,0.01069578
6080,0.020688322,0.010102719,0.999375763,0.999467073,0.989390082,0.030291207,0.979301387,0.000728765,0.998872498,0.999273556,0.999375763
6081,0.02068812,0.010106452,0.02090565,0.989803045,0.999787212,0.999473126,0.979303102,0.000808472,0.998875021,0.999280417,0.02090565
6082,0.020688019,0.010106553,0.020405412,0.989882247,0.020404706,0.020382408,0.979491776,0.000814626,0.998876635,0.0206859,0.020405412
6083,0.020687918,0.010193424,0.020686506,0.020593884,0.998876635,0.999481702,0.020190102,0.000818763,0.020288677,0.020786493,0.020686506
6084,0.020687817,0.01019978,0.021005939,0.01031591,0.999486142,0.989781554,0.020286255,0.000819671,0.02028908,0.999467476,0.021005939
6085,0.020687616,0.010292099,0.979309458,0.989178807,0.989389274,8.98E-06,0.020404605,0.000823404,0.998962597,0.999480895,0.979309458
6086,0.020687515,0.01030229,0.020604276,0.010598416,0.030280613,0.020197871,0.020485321,0.000829357,0.998971981,0.021302974,0.020604276
6087,0.020687414,0.03027688,0.999581689,0.010999474,0.999485435,0.999782067,0.999280215,0.000914109,0.020385839,0.99997861,0.999581689
6088,0.020687313,0.988993665,0.999578259,0.030387764,0.989892841,0.979101211,0.999483115,0.000915824,0.020389975,0.999984159,0.999578259
6089,0.020687212,0.989083764,0.998976521,0.020485019,0.999282435,0.998982776,0.021313165,0.000916631,0.020400973,0.988993968,0.998976521
6090,0.020686809,0.010521837,0.999472016,0.021194512,0.998861803,0.02079295,0.010105443,0.000930757,0.020402789,0.010702237,0.999472016
6091,0.020686708,0.010522442,0.999788524,0.989397245,0.999178412,0.02080314,0.989804659,0.001009253,0.999088413,0.989482905,0.999788524
6092,0.020686506,0.989293929,0.979088902,0.989482602,0.989694784,0.020803241,0.97971092,0.001018233,0.020484615,0.010910283,0.979088902
6093,0.020686304,0.010702742,0.020384224,0.010899689,0.999482509,0.010816652,0.999567766,0.00101904,0.020491778,0.011121456,0.020384224
6094,0.020686203,0.010713639,0.999278399,0.021311046,0.999276381,0.000319938,0.999670981,0.001019544,0.02049763,0.000610617,0.999278399
6095,0.020686102,0.010805352,0.030571595,0.99928082,0.999067226,0.999274262,0.021100175,0.001023479,0.020498538,0.001033468,0.030571595
6096,0.020686001,0.010811204,1.01E-05,0.020703456,0.999084479,0.999371121,0.010202504,0.001030945,0.020504996,0.979800111,1.01E-05
6097,0.0206859,0.010815139,0.030384232,0.001018233,0.999085084,0.999483014,0.989485427,0.001036293,0.020587528,0.999182044,0.030384232
6098,0.0206858,0.010898983,1.01E-06,0.999374955,0.021117328,0.969422453,0.979706783,0.00111267,0.02059903,0.020607101,1.01E-06
6099,0.020685598,0.010904734,0.999999899,5.04E-06,0.989593082,0.030280512,0.03038393,0.001116,0.020607303,0.999379294,0.999999899
6100,0.020685396,0.010916236,0.989277281,0.000915824,0.999479483,0.999792358,0.030577245,0.001118018,0.020611541,0.999486545,0.989277281
6101,0.020685194,0.989583497,0.96869954,0.999279912,0.989896877,0.030268708,0.020801829,0.001120338,0.020611944,0.999486747,0.96869954
6102,0.020685093,0.989589248,0.999267805,0.999677439,0.999474034,0.999378083,0.020805158,0.001121953,0.020687515,0.999582093,0.999267805
6103,0.020684992,0.010999878,0.030473625,0.011105212,0.989277785,0.999876101,0.030578254,0.001126796,0.020691853,0.999686216,0.030473625
6104,0.02068469,0.011007142,0.020197871,0.999477263,0.999568169,0.999893959,0.989076096,0.001131033,0.020700732,0.021307111,0.020197871
6105,0.020684387,0.011007445,0.020485927,1.90E-05,0.020400065,0.969221974,0.010505593,0.001133858,0.020709005,0.999998487,0.020485927
6106,0.020684286,0.011024799,0.969204116,0.01102601,0.999973465,0.999388072,0.010719188,0.979793452,0.020784979,0.010313691,0.969204116
6107,0.020684084,0.989692968,0.998976117,0.03047867,0.998875525,0.02070386,0.989682677,0.969207647,0.02080536,0.010515683,0.998976117
6108,0.020683983,0.989695592,0.999265282,0.99978691,0.030276981,0.010104535,0.989898592,0.969215214,0.02081212,0.989904949,0.999265282
6109,0.020683883,0.011102992,0.999981637,0.989177496,0.999185172,0.03058572,0.03028697,0.030276477,0.99946899,0.000720491,0.999981637
6110,0.020683681,0.011104809,0.010916135,0.999776114,0.99928193,0.999265182,0.999474034,0.969219452,0.999474741,0.979693667,0.010916135
6111,0.020683479,0.01110501,0.969201593,0.989189099,0.989905151,0.999472319,0.999674714,0.030281017,0.999478978,0.979710718,0.969201593
6112,0.02061487,0.011116815,0.010916034,0.989589248,0.989894557,0.979798093,0.021100983,0.030282328,0.999481904,0.979805862,0.010916034
6113,0.020614467,0.011119237,0.999792156,0.999581689,0.999672091,0.020804553,0.999794376,0.030285658,0.999482711,0.999178916,0.999792156
6114,0.020614366,0.011119741,0.02079517,0.99967764,0.989906361,0.030385443,0.021202987,0.030286263,0.020886782,0.999282435,0.02079517
6115,0.020614265,0.011124685,0.020905852,0.999993139,0.999775811,0.999271336,0.02132164,0.030286566,0.020889204,0.999372635,0.020905852
6116,0.020614164,0.989785994,0.030276073,0.999994249,0.999366177,0.030288887,0.999985269,0.03028818,0.020893442,0.999882457,0.030276073
6117,0.020613861,0.011205098,0.030479982,0.989277785,0.000304905,0.020611944,0.010608607,0.030288382,0.020894955,0.989185971,0.030479982
6118,0.020613761,0.01120863,0.968803664,0.999178008,0.999177605,0.999772885,3.43E-06,0.030291712,0.020988384,0.010606791,0.968803664
6119,0.020613357,0.011208831,0.020690945,0.999175587,0.999677237,0.020405412,0.979002132,0.030292115,0.020993429,0.000116836,0.020690945
6120,0.020613054,0.011209235,0.999386256,0.021191586,0.999576947,0.999995258,0.979307945,0.030372327,0.020995043,0.000423356,0.999386256
6121,0.020612953,0.011210748,0.030478569,0.010611533,0.020386646,0.020805764,0.968704484,0.030374042,0.020996052,0.000716657,0.030478569
6122,0.020612852,0.011214481,0.989477558,0.999579772,0.030470397,0.010612744,0.030490071,0.969313688,0.021000188,0.001129419,0.989477558
6123,0.020612651,0.011224874,0.030375656,0.021004527,0.001116504,0.020584198,0.999377377,0.030374345,0.999673201,0.998971981,0.030375656
6124,0.02061255,0.989895061,0.968704181,0.010513463,0.989293424,0.010910687,0.021006848,0.030377472,0.999674412,0.999066217,0.968704181
6125,0.020612449,0.989897583,0.030492493,0.999887704,0.98970437,0.010916034,0.010293512,0.030379995,0.999690757,0.999078929,0.030492493
6126,0.020612348,8.48E-06,0.020791134,0.999980628,0.989283637,0.020388866,0.979287867,0.030383123,0.021090187,0.020592371,0.020791134
6127,0.020612247,0.000116534,0.999682786,4.04E-07,0.99908125,0.030478569,0.030481293,0.03038393,0.021090288,0.999280316,0.999682786
6128,0.020612146,0.000214705,0.999987186,0.998877139,0.998868261,0.999679053,0.999384238,0.030384232,0.021109357,0.999669771,0.999987186
6129,0.020611944,0.000227014,0.001034376,0.020499245,0.999067831,0.030374042,0.020800618,0.03038504,0.999769253,0.02110068,0.001034376
6130,0.020611844,0.000305308,0.020585914,0.020788309,0.010796171,0.020591866,0.02121681,0.030385342,0.999770161,0.999877614,0.020585914
6131,0.020611743,0.00031792,0.020799206,0.989897684,0.999085588,0.020805158,0.010514169,0.030385645,0.999774298,0.999974675,0.020799206
6132,0.020611541,0.000320644,0.020806874,0.000823404,0.999575736,0.000318526,0.010525066,0.030385746,0.021191183,0.988890651,0.020806874
6133,0.02061144,0.000423356,0.999672898,0.989692161,0.989596513,0.999668863,0.978989722,0.030385948,0.021202382,0.010612744,0.999672898
6134,0.020611339,0.00042608,0.99958179,0.00041932,0.02109059,0.030571595,0.001116908,0.030386654,0.021206317,0.989288581,0.99958179
6135,0.020611137,0.000720592,0.02070275,0.999084075,0.999670275,0.030278394,0.030475643,0.030391295,0.021214893,0.989381505,0.02070275
6136,0.020611036,0.000830971,0.999374653,0.999282132,0.998862005,0.969213096,0.999068335,0.969412868,0.99987378,0.011023487,0.999374653
6137,0.020610935,0.000911788,0.010399048,0.999372231,0.999474741,0.999283746,0.020602057,0.969412969,0.999879632,0.011222957,0.010399048
6138,0.020610835,0.000914109,0.989292819,0.999677741,0.999689243,0.020493595,0.020785686,0.030482706,0.999889419,1.86E-05,0.989292819
6139,0.020610734,0.001115596,0.968914951,0.020896367,0.999165699,0.020288172,0.999675118,0.030482807,0.999894666,0.998969458,0.968914951
6140,0.020610633,0.001116504,0.020684286,0.989685906,0.989385037,0.020599635,0.011222957,0.03048432,0.021301259,0.020402789,0.020684286
6141,0.020610532,0.001121953,0.020696696,0.000916631,0.999179118,0.999773491,0.000815434,0.030490071,0.021315082,0.020405816,0.020696696
6142,0.020610431,0.001128813,0.999575938,0.020701943,0.999270125,0.030275064,0.030595406,0.030491383,0.021322952,0.999270125,0.999575938
6143,0.020610128,0.030270423,0.020588638,0.999888814,0.999271336,0.030388672,0.020807983,0.030491585,0.999975382,0.999379597,0.020588638
6144,0.020610027,0.030290905,0.020698411,0.999982949,0.989885577,0.030389075,0.021193302,0.030492392,0.999989204,0.020795674,0.020698411
6145,0.020609826,0.030374042,0.020806571,7.97E-06,0.998971375,0.02100039,0.010598215,0.030492594,0.999997074,0.999677237,0.020806571
6146,0.020609725,0.030389075,0.020706483,0.998975007,0.989481291,0.00021642,0.020188488,0.030492695,0.030475845,0.999678851,0.020706483
6147,0.020609624,0.030471002,0.999486646,0.999484426,0.998976521,0.999991928,0.020482799,0.030493603,0.030571897,0.999683089,0.999486646
6148,0.020609523,0.030478368,0.02058894,0.999785699,0.999569784,0.030497336,0.999176192,0.030495318,0.030573814,0.999980023,0.02058894
6149,0.020609321,0.030491383,0.999476355,0.999986682,0.999484729,0.999081956,0.000202295,0.030497336,0.030577749,0.030478771,0.999476355
6150,0.02060922,0.969510837,0.000205523,0.989282729,0.999066721,0.030576034,0.999789836,0.030572906,0.030581785,0.989094156,0.000205523
6151,0.020609018,0.030594296,0.020285347,0.030391093,0.999485234,0.020504592,0.020700833,0.96951457,0.030582289,0.011005023,0.020285347
6152,0.020608817,0.030596011,0.999180632,0.999980931,0.989891025,0.020585207,0.020706382,0.030581886,0.010099188,1.35E-05,0.999180632
6153,0.020608615,0.030597928,0.020382408,0.01059882,0.999174981,0.02050661,0.021209848,0.0305835,0.010109782,0.979202005,0.020382408
6154,0.020608514,0.020185562,0.999793367,0.999580579,0.99926841,0.988981658,0.021214994,0.030589251,0.010201294,0.000627163,0.999793367
6155,0.020608312,0.020195551,0.989275667,0.020404706,0.999384238,0.020906053,0.989381606,0.030591874,0.010206338,0.000831678,0.989275667
6156,0.020608211,0.020287163,0.989277382,0.999568775,0.999173771,0.030474634,0.020900908,0.020181224,0.988884698,0.030491585,0.989277382
6157,0.02060811,0.020289888,0.989381505,0.011010875,0.999080342,0.030475744,0.010808076,0.020182939,0.010316112,0.999376771,0.989381505
6158,0.02060801,0.998971981,0.01081191,0.000217631,0.020691046,0.989396135,0.98980476,0.020183645,0.988974394,0.999478877,0.01081191
6159,0.020607909,0.020380996,0.021000088,0.999778737,0.999167313,0.020897376,0.979101917,0.020184049,0.010402377,0.999688537,0.021000088
6160,0.020607808,0.020385839,0.999466064,0.021308423,0.989806072,0.989286866,0.999769253,0.020184654,0.989184054,0.999893455,0.999466064
6161,0.020607505,0.020389673,0.020886379,0.010596399,0.999084781,0.999573618,0.000814324,0.020185562,0.010599224,0.999971548,0.020886379
6162,0.020607303,0.020389975,0.021001399,0.030269918,0.011124685,0.010394911,0.020897679,0.020186571,0.010601141,0.999972557,0.021001399
6163,0.020607202,0.020390984,0.030379793,0.99887381,0.030587839,0.999792055,0.988891559,0.020192524,0.010622732,0.999981032,0.030379793
6164,0.020607101,0.020394919,0.030276779,0.999278601,0.999877816,0.030277486,0.989191823,0.020194643,0.989283435,0.999984664,0.030276779
6165,0.0206069,0.020395424,0.010507712,0.020805966,0.998872498,0.020391287,0.999369709,0.020199183,0.989291911,0.999995863,0.010507712
6166,0.020606294,0.020402789,0.020596205,0.999887401,0.989780545,0.010598215,0.999488563,0.020199486,0.010696285,0.999998083,0.020596205
6167,0.020606193,0.020405009,0.030372932,0.010917951,0.010404093,0.000820277,0.979088902,0.020200898,0.010701027,0.030472919,0.030372932
6168,0.020606093,0.999062685,0.030374547,0.999989406,0.999066519,0.020996859,0.001018031,0.020203421,0.010719692,0.01009606,0.030374547
6169,0.020605689,0.999063795,0.999063089,0.010093033,0.999282233,0.020998877,0.999891437,0.020205035,0.010816652,0.988773512,0.999063089
6170,0.020605487,0.020485422,0.021010076,0.989286261,0.989897987,0.020584097,0.030384434,0.998869068,0.989480584,0.989496728,0.021010076
6171,0.020605386,0.020493897,0.001118724,0.989381606,0.999472218,0.999484326,0.999576544,0.99887381,0.010910687,0.989686713,0.001118724
6172,0.020605084,0.020497731,0.999376267,0.999880641,0.99938676,0.001023479,0.020699824,0.998876837,0.989681668,0.989700334,0.999376267
6173,0.020604983,0.020503987,0.030278898,0.020583593,0.020895157,0.030473525,0.020994034,0.99887724,0.989693876,0.000213797,0.030278898
6174,0.020604882,0.020506408,0.030490172,0.99967078,0.999370011,0.020504088,0.989597623,0.020281211,0.011108239,0.000528185,0.030490172
6175,0.020604781,0.999180934,0.030275064,0.999876303,0.99886937,0.010618394,0.999577149,0.020281614,0.011122062,0.979396934,0.030275064
6176,0.02060468,0.999182044,0.999181439,0.999273455,0.989388064,0.969207647,0.979001829,0.020282018,0.989793258,0.979700326,0.999181439
6177,0.020604579,0.020583391,0.020996556,0.02069942,0.999087405,0.020502372,0.979196052,0.02028343,0.989796083,0.979800313,0.020996556
6178,0.020604478,0.020589041,0.030387562,0.999675118,0.989693473,0.989905857,0.030485935,0.020285347,0.011200154,0.969004243,0.030387562
6179,0.020604276,0.020589445,0.020898285,0.00042729,0.989584002,0.000321956,0.969304305,0.020288677,0.011202273,0.020180416,0.020898285
6180,0.020604176,0.020593884,0.99958623,0.000710099,0.989692464,0.030497033,0.00101339,0.02028908,0.011221847,0.998875121,0.99958623
6181,0.020603974,0.999264879,0.020994337,0.999879027,0.989704773,0.020996254,0.020606093,0.020289787,0.030370813,0.99957957,0.020994337
6182,0.020603772,0.99926841,0.021006242,0.020988283,0.001128511,0.010201294,0.010818973,0.020291098,6.96E-06,0.999668156,0.021006242
6183,0.02060357,0.999269217,0.010916438,0.99967986,0.989685502,0.030586527,0.02059449,0.020292006,1.05E-05,0.999670578,0.010916438
6184,0.020603469,0.999274262,0.999369507,0.021090187,0.999367287,0.010110589,0.999585221,0.02029352,1.30E-05,0.021096644,0.999369507
6185,0.020603267,0.02070275,0.030382315,0.01062142,0.989399162,0.000217429,0.999576039,0.020295437,0.000103922,0.999770867,0.030382315
6186,0.020603066,0.999380706,0.999569279,0.0003156,0.989484317,0.020686203,0.021094021,0.020297455,0.000208449,0.999787919,0.999569279
6187,0.020602864,0.999388475,0.99987267,0.999977904,0.989787103,0.999584212,1.42E-05,0.020297959,0.000216117,0.021304589,0.99987267
6188,0.020602763,0.999389989,0.979092635,0.030575429,0.989295139,0.010497219,0.999992836,0.998961689,0.000225601,0.010193827,0.979092635
6189,0.020602662,0.020791134,0.001010766,0.030582895,0.989798505,0.00112841,0.999999899,0.998980759,0.978994161,0.988972982,0.001010766
6190,0.020602561,0.020797995,0.998977227,0.999275776,0.99927406,0.020794665,0.010090511,0.998982776,0.979191209,0.989488555,0.998977227
6191,0.02060246,0.020800517,0.020687515,0.999769253,0.989597925,0.020993227,0.021293087,0.020384224,0.000621312,0.010914117,0.020687515
6192,0.020602158,0.020802737,0.030573612,3.63E-06,0.000412862,0.020288879,0.99998083,0.020387554,0.000625852,0.011010472,0.030573612
6193,0.020602057,0.999466669,0.010598215,0.0204942,0.999570994,0.010916438,0.969303094,0.020388058,0.979394715,0.011024799,0.010598215
6194,0.020601754,0.999469292,0.020996354,0.999787919,0.020887388,0.999080745,0.979085471,0.020389269,0.000811801,0.979097276,0.020996354
6195,0.020601653,0.999476254,0.000820478,0.020386646,0.999173468,0.020199385,0.000822395,0.020393809,0.979490161,0.979104137,0.000820478
6196,0.020601451,0.999480693,0.999978913,0.999271235,0.999282939,0.000110682,0.968705089,0.020395121,0.979508222,0.000819772,0.999978913
6197,0.02060135,0.999481803,0.020799004,0.010201294,0.989280711,0.999888814,0.030487347,0.020396332,0.001036394,0.999286269,0.020799004
6198,0.020601149,0.020891222,0.988974192,0.99987933,0.999883466,0.02028908,0.030381206,0.020405412,0.979701234,0.021203996,0.988974192
6199,0.020601048,0.020894854,0.030293629,0.030583399,0.999887401,0.020808286,0.001018838,0.020406018,0.001114991,0.999885787,0.030293629
6200,0.020600947,0.020896771,0.979101312,7.57E-06,0.999482711,0.030491181,0.020808286,0.020407531,0.001117009,0.999891235,0.979101312
6201,0.020600846,0.020901917,0.030291308,8.37E-06,0.999567665,0.020599736,0.999779544,0.030269414,0.001130226,0.010092226,0.030291308
6202,0.020600745,0.020905751,0.969617584,0.000304905,0.030574218,0.999975583,0.02131821,0.999070051,0.968704484,0.010313993,0.969617584
6203,0.020600644,0.999575837,0.999374754,0.999876,0.999778737,0.999999899,0.020497933,0.999070353,0.968802957,0.989182944,0.999374754
6204,0.020600543,0.999577653,0.969703647,0.999487252,0.999793367,0.999582093,0.999573012,0.999078929,0.969098277,0.011213271,0.969703647
6205,0.020600342,0.999580983,3.03E-06,0.999784892,0.999569885,0.030481596,0.020482395,0.99908347,0.969199374,0.000205523,3.03E-06
6206,0.020600241,0.999585725,0.020500455,0.020393809,0.998968147,0.030588141,0.010498833,0.999084781,0.969208757,0.979200694,0.020500455
6207,0.02060014,0.99958744,0.979307945,0.999577149,0.999165195,0.020381399,0.969108467,0.03027466,0.03028364,0.97980566,0.979307945
6208,0.020600039,0.020996254,0.9891893,0.999269722,0.999889217,0.020898991,0.020283834,0.020482496,0.030284044,0.969221066,0.9891893
6209,0.020599938,0.020996455,0.969110485,0.999681979,0.999682786,0.021006948,0.020594691,0.020484514,0.030291712,0.969502765,0.969110485
6210,0.020599736,0.03037717,0.01060558,0.999271336,0.999983251,0.999388173,0.999174981,0.020487238,0.030381105,0.998962698,0.01060558
6211,0.020599635,0.0210128,0.98940007,0.989884366,0.999084075,0.999571196,6.76E-06,0.020489761,0.030381508,0.020388966,0.98940007
6212,0.020599534,0.99967532,0.001013995,0.99969005,0.999067528,0.999282838,0.030291207,0.020490467,0.030389681,0.999267401,0.001013995
6213,0.020599433,0.999680465,0.030383728,0.99978126,0.97981696,0.999368801,0.969421343,0.020491879,0.030585014,0.02078841,0.030383728
6214,0.020599131,0.999686216,0.999179824,0.999572003,0.989297056,0.020206246,0.99906773,0.020492586,0.030590664,0.999484527,0.999179824
6215,0.02059903,0.021091196,0.020809699,0.999576947,0.989400676,0.020701943,0.969216122,0.02049531,0.030591067,0.999670073,0.020809699
6216,0.020598929,0.02109614,0.999580277,0.989699728,0.989784581,0.020589748,0.969105239,0.020496823,0.03059591,0.999783076,0.999580277
6217,0.020598828,0.02109846,0.99979145,0.03058461,1.40E-05,0.020784374,0.030385847,0.020498034,0.969618492,0.02118866,0.99979145
6218,0.020598727,0.021110568,0.999771372,0.030381105,0.999894666,0.999784488,0.000204817,0.020498337,0.969621418,0.021296719,0.999771372
6219,0.020598626,0.021112182,0.989398759,0.999894666,0.021111173,0.020890314,0.969218342,0.020502372,0.9697209,0.02130923,0.989398759
6220,0.020598122,0.999772482,0.030384535,0.011116109,0.999786708,0.020613761,0.99898207,0.02050318,0.020200394,0.999998386,0.030384535
6221,0.020598021,0.999777325,0.999078223,0.030485733,0.999379597,0.020296345,0.999073279,0.020503785,0.998868261,0.989176083,0.999078223
6222,0.02059792,0.999789331,0.030375354,0.021316595,0.989903133,0.030476753,0.030270423,0.020504189,0.998870581,0.010710511,0.030375354
6223,0.020597819,0.999790845,0.030577245,0.999569481,0.989796386,0.020182434,0.010808883,0.020507518,0.020287163,0.989585313,0.030577245
6224,0.020597718,0.99979145,0.000407616,0.999877816,0.000822395,0.030473121,0.979291398,0.030280109,0.020296547,0.000213292,0.000407616
6225,0.020597617,0.021189871,0.020482496,0.999973465,0.000202194,0.989578654,0.999174275,0.030280311,0.020299573,0.000302887,0.020482496
6226,0.020597315,0.021195219,0.999372534,0.999379597,9.08E-07,0.020788309,0.010310462,0.030282934,0.998973898,0.00051517,0.999372534
6227,0.020597214,0.02119764,0.999579066,0.999568169,0.989694482,0.999468485,0.021204904,0.99917145,0.998979346,0.969723624,0.999579066
6228,0.020597012,0.021199456,0.03047413,0.001116504,0.999076811,0.999568169,0.010909274,0.999180127,0.020381399,0.020387655,0.03047413
6229,0.020596709,0.021203996,0.989381102,0.998864023,0.999572003,0.999790037,0.021101891,0.999180228,0.020402385,0.020612449,0.989381102
6230,0.020596608,0.02121005,0.999381715,0.999171652,0.99988054,0.000309647,0.021113494,0.999180531,0.999064501,0.999475649,0.999381715
6231,0.020596507,0.021210151,0.020897679,0.030578254,0.989384734,0.999264274,0.969411556,0.999180632,0.020500455,0.99987822,0.020897679
6232,0.020596205,0.021211664,0.999178109,0.001128511,0.998965725,0.999790441,0.0205844,0.999181136,0.99917145,0.99997972,0.999178109
6233,0.020596003,0.021214691,0.020797188,0.999389182,7.57E-06,0.030583601,0.999978812,0.999181237,0.999182044,0.999988498,0.020797188
6234,0.0205957,0.021215196,0.010098482,0.999567564,0.999170239,0.010611331,0.999999294,0.999182448,0.999184466,0.01019746,0.010098482
6235,0.020595499,0.999871359,0.010514774,0.010100096,0.989275667,0.020688019,0.010809085,0.99918275,0.020586822,0.989089818,0.010514774
6236,0.020595398,0.999884273,0.979089003,0.020990603,0.999088514,0.978990731,0.969302287,0.999182952,0.020603772,0.989178101,0.979089003
6237,0.020595196,0.999888511,0.020297455,0.999389888,0.989681668,0.030387663,0.020396937,0.999184062,0.0206069,0.989283435,0.020297455
6238,0.020594893,0.999894666,0.999981738,1.51E-05,0.021314981,0.99989174,0.020297354,0.999184365,0.020610431,0.989391191,0.999981738
6239,0.020594691,0.021291977,0.010095858,0.989183449,0.998869471,0.020812625,0.021191183,0.999184869,0.999270125,0.000105435,0.010095858
6240,0.02059449,0.021302167,0.030284044,0.989693876,0.999569481,0.010710713,0.00041599,0.999185273,0.999375964,0.979396127,0.030284044
6241,0.020594086,0.021303075,0.969721909,0.999385247,0.999572306,0.999789735,0.999770161,0.020585914,0.999378083,0.99886483,0.969721909
6242,0.020593884,0.021307918,0.020202311,0.011109651,4.14E-06,0.00030773,0.979591964,0.020588335,0.999384439,0.998976925,0.020202311
6243,0.020593682,0.021311752,0.010802224,0.021118236,0.999286067,0.020297757,0.010896965,0.020589748,0.999388173,0.999073178,0.010802224
6244,0.020593582,0.99997296,9.69E-06,0.02019323,0.999483014,0.030286566,0.999985774,0.020590756,0.999389182,0.99908468,9.69E-06
6245,0.020593481,0.999975684,0.030285053,0.989190511,0.989195657,0.020701842,0.020403596,0.020592169,0.020786493,0.999184566,0.030285053
6246,0.020593279,0.999990112,0.030482706,0.021205409,0.989290599,0.020588133,0.999974776,0.020593682,0.020789721,0.999671486,0.030482706
6247,0.020593178,0.999992937,0.999887502,0.010907962,0.021088169,0.000824514,0.999281224,0.020594086,0.020795271,0.999676228,0.999887502
6248,0.020592976,0.999997982,0.020905246,0.000305813,0.999174275,0.030585922,0.999467375,0.020597819,0.02079749,0.999687024,0.020905246
6249,0.020592875,0.0304708,0.988976513,0.999569784,0.999470604,0.999371828,0.021308524,0.020598828,0.020805158,0.999779847,0.988976513
6250,0.020592673,0.030479376,0.030371318,0.000932068,0.989482602,0.999270125,0.021312559,0.02060014,0.020808286,0.02121005,0.030371318
6251,0.020592573,0.030572503,0.999167213,0.989487546,0.999996771,0.030276779,0.979301891,0.020600846,0.999471815,0.021300654,0.999167213
6252,0.020592472,0.030581684,0.0209,0.999577553,0.999776417,0.010193424,0.020785988,0.020602057,0.020891222,0.010201596,0.0209
6253,0.020592371,0.010091217,0.020802232,0.0110249,0.989278189,0.000217631,0.000709998,0.020602158,0.020892937,0.989495214,0.020802232
6254,0.02059227,0.0101005,0.030581987,0.999682887,0.999086597,0.020706685,0.999982242,0.020602561,0.9995716,0.011220434,0.030581987
6255,0.020592169,0.010109782,0.98898075,0.99906551,0.989195556,3.73E-06,0.030289896,0.020604176,0.999581286,0.978700456,0.98898075
6256,0.020591967,0.010113111,0.969001922,0.999174275,0.999267502,0.999181237,0.988790765,0.020607202,0.99958512,0.979193934,0.969001922
6257,0.020591866,0.010204522,0.010201193,0.999176798,0.999481601,0.999275574,2.32E-06,0.020609826,0.020988081,0.02018082,0.010201193
6258,0.020591765,0.988881268,0.979191209,0.999567059,0.999467073,0.999389383,0.020689432,0.020610532,0.020990503,0.999267502,0.979191209
6259,0.020591564,0.010293613,0.969001014,0.010316617,0.98979235,0.010295933,0.99968662,0.02061144,0.020994942,0.999271033,0.969001014
6260,0.020591463,0.010294117,0.021006545,0.99988054,0.999383935,0.020796179,0.999569279,0.020614467,0.020998171,0.020706887,0.021006545
6261,0.020591261,0.010300574,0.99989406,0.989084874,0.010907962,0.010898781,0.021101689,0.99926498,0.020999987,0.999775811,0.99989406
6262,0.020591059,0.010311774,0.989802238,0.989377571,0.999369709,0.99968773,0.979312283,0.999266695,0.021002408,0.989184357,0.989802238
6263,0.020590958,0.010313792,0.999181035,0.989581782,0.989479374,0.000404488,0.02081101,0.999268612,0.021005536,0.01062142,0.999181035
6264,0.020590857,0.988979237,0.020896065,0.989784581,0.999889116,0.00042729,0.999671284,0.999271033,0.999671789,0.01089757,0.020896065
6265,0.020590756,0.988981658,0.030490071,0.011211858,0.989892438,0.020809194,0.01071717,0.999273556,0.999674614,0.011010976,0.030490071
6266,0.020590555,0.010494797,0.030573915,0.999975382,0.999377478,0.999786506,0.978783896,0.999273959,0.999676732,0.000606379,0.030573915
6267,0.020590353,0.010518306,0.999792963,0.989299377,0.989299377,0.969207445,0.010313792,0.999274565,0.999676934,0.979611538,0.999792963
6268,0.020590252,0.010520425,0.001133858,0.999784589,0.989286261,0.999183759,0.021194815,0.99927517,0.999685914,0.001113175,0.001133858
6269,0.020590151,0.010600333,0.999267502,0.020799609,0.989378378,0.020592169,0.010818468,0.999276381,0.999688234,0.979807476,0.999267502
6270,0.02059005,0.010607598,0.020702044,0.03049552,0.999486646,0.030287171,0.011004922,0.999277491,0.021098561,0.030385342,0.020702044
6271,0.020589949,0.010610726,0.020791941,0.010697697,0.998974402,0.01070022,0.020889002,0.999277592,0.021103505,0.998967037,0.020791941
6272,0.020589848,0.010611533,0.030481899,0.011120851,0.989397245,0.000512345,0.021210655,0.999278399,0.999770867,0.99907116,0.030481899
6273,0.020589748,0.010620412,0.02028343,0.020183948,0.020395222,0.030482706,0.030494914,0.999279307,0.999774701,0.999264879,0.02028343
6274,0.020589546,0.989282124,0.999686116,0.00111489,0.989496526,0.030283237,0.999183053,0.99927971,0.999776618,0.999671789,0.999686116
6275,0.020589445,0.010696285,0.968802856,0.010301785,0.999580579,0.030386856,0.999274262,0.999281426,0.999778737,0.021097855,0.968802856
6276,0.020589243,0.010703145,0.999085488,0.999795082,0.999575837,0.021010782,0.969100194,0.999282435,0.99978358,0.021188761,0.999085488
6277,0.020589142,0.010710511,0.020498942,0.010192415,0.998868563,0.010498329,0.02080647,0.999286571,0.999788625,0.010201697,0.020498942
6278,0.020589041,0.010711419,0.999365774,0.030278696,0.99978126,0.999571095,0.020607303,0.020683983,0.99979034,0.989293021,0.999365774
6279,0.02058894,0.01071949,0.989189906,0.999782168,0.030483513,0.978985888,0.020801022,0.020684084,0.999793871,0.010818468,0.989189906
6280,0.020588839,0.989396135,0.01081746,0.010615165,0.9991771,0.02069256,0.010408028,0.020684286,0.99979488,0.0110024,0.01081746
6281,0.020588739,0.989397447,0.998875021,0.999770968,0.989081444,0.010098482,0.030384535,0.020686203,0.021188559,0.989893144,0.998875021
6282,0.020588638,0.010907861,0.999384238,0.999986379,0.999184566,0.999277894,0.020791336,0.020686506,0.021194008,0.989895061,0.999384238
6283,0.020588537,0.010909577,0.999777627,0.030489062,0.999576544,0.999382623,0.021089581,0.020688019,0.021197337,0.999270832,0.999777627
6284,0.020588335,0.010911494,0.01019746,0.010616376,0.989485427,0.99987711,0.999471512,0.02068812,0.021201373,0.999279105,0.01019746
6285,0.020588133,0.989597824,0.010697697,0.030390589,0.989797395,0.030287272,0.988984685,0.020689835,0.021207326,0.999672495,0.010697697
6286,0.020588032,0.011004418,0.01089979,0.999267099,0.999876908,0.998973494,0.999975382,0.02069256,0.999873881,0.999786103,0.01089979
6287,0.020587831,0.011006234,0.969005353,0.010104233,0.989794771,0.030372125,2.09E-05,0.020693569,0.999891538,0.021196833,0.969005353
6288,0.02058773,0.011015113,0.001125181,0.999365673,0.98948119,0.020690643,0.030576034,0.020694376,0.021296214,0.99998991,0.001125181
6289,0.020587629,0.011019048,0.020804452,0.989482905,0.989178807,0.989079728,0.021188459,0.02069488,0.021297022,0.988992353,0.020804452
6290,0.020587528,0.011027624,0.001021058,0.999175082,0.0305722,0.020394919,0.020592169,0.020697201,0.021316192,0.98969085,0.001021058
6291,0.020587326,0.989687318,0.010604773,0.989799614,0.989884366,0.020988384,0.969300067,0.020698815,0.999980124,0.98988366,0.010604773
6292,0.020587124,0.989694078,0.010719793,0.999673806,0.021200768,0.020686506,0.001133757,0.02069932,0.999991121,0.030370511,0.010719793
6293,0.020587023,0.011107331,0.99928193,0.999893858,0.030291005,0.999996872,0.01089979,0.020702145,0.010106553,0.978989419,0.99928193
6294,0.020586922,0.011108542,0.999375964,0.001110955,0.989702049,0.010813222,0.969009388,0.020706887,0.010109681,0.001113074,0.999375964
6295,0.020586822,0.011108844,0.000618688,0.020996859,0.989293929,0.999772482,0.968811029,0.999365169,0.988773512,0.97980455,0.000618688
6296,0.02058662,0.011109147,0.020610128,0.989884164,0.989897281,0.99988165,0.020282018,0.999365269,0.988778759,0.969711517,0.020610128
6297,0.020586519,0.011109349,0.999274565,0.020887287,0.989189401,1.19E-05,0.010524057,0.99936537,0.988975605,0.020585813,0.999274565
6298,0.020586216,0.011117521,0.99987711,0.99999324,0.999469393,0.000914109,0.97981575,0.999365875,0.989083764,0.999373038,0.99987711
6299,0.020586115,0.011120346,0.001038311,0.030485329,0.989701847,0.999876504,0.99998648,0.999366783,0.989094863,0.020793354,0.001038311
6300,0.020585914,0.011126198,0.968914749,0.999470604,0.99967986,0.000412862,0.020887085,0.999367691,0.010503878,0.999773491,0.968914749
6301,0.020585813,0.011211051,0.030578052,0.02039391,0.999473732,0.999270327,0.020811817,0.999368801,0.010600333,0.988888936,0.030578052
6302,0.02058551,0.989885375,0.020904641,0.999690656,0.021215801,0.020289787,0.021110971,0.99936981,0.010610423,0.989679953,0.020904641
6303,0.020585308,0.989894658,4.94E-06,0.989597925,0.98909113,0.999791753,0.999481803,0.999370112,0.010613248,0.989884669,4.94E-06
6304,0.020585207,9.08E-07,0.020697907,0.030470599,0.989177496,3.83E-06,0.969602449,0.999370415,0.010695881,0.000206936,0.020697907
6305,0.020585106,1.01E-05,0.999587339,0.99946677,0.99906551,0.010305518,0.020204026,0.999371121,0.010712327,0.000230041,0.999587339
6306,0.020585005,1.28E-05,0.01009152,0.010600838,0.989189099,0.000610718,0.989699728,0.999371424,0.010713235,0.000303896,0.01009152
6307,0.020584703,1.74E-05,0.020192524,0.020789116,0.99969005,0.999482106,0.989382716,0.999371626,0.010715757,0.000520517,0.020192524
6308,0.020584501,2.09E-05,0.020786695,0.021314981,0.999787919,0.999671082,0.02090676,0.999371727,0.010817762,0.020300179,0.020786695
6309,0.0205844,0.000106041,0.020799912,0.999278197,0.989682274,0.020389774,0.999569784,0.999372231,0.989482501,0.02050318,0.020799912
6310,0.020584299,0.00011502,0.989897583,0.010106553,0.999789331,0.020598929,0.999578461,0.999373745,0.989484317,0.020788208,0.989897583
6311,0.020584198,0.000121175,0.000513253,0.999781865,0.999786103,0.999178916,0.020784677,0.999375964,0.989493701,0.999583001,0.000513253
6312,0.020584097,0.000124504,0.999277592,0.998973595,0.989795074,0.020609826,0.010297648,0.999377175,0.01089757,0.021206821,0.999277592
6313,0.020583997,0.000126522,0.02081101,0.999073178,0.99937102,0.000915824,0.030593691,0.999378688,0.010898075,0.999979821,0.02081101
6314,0.020583896,0.000204312,0.010293613,0.020691752,0.999269621,0.999088413,0.021209344,0.999378789,0.010906146,0.030470901,0.010293613
6315,0.020583593,0.000229032,0.968704887,0.020584299,0.999171854,0.020898486,0.979796075,0.99937889,0.010910586,0.010806361,0.968704887
6316,0.020583492,0.000305813,0.030277486,0.999576342,0.021308423,0.020900807,0.011006739,0.999381715,0.989584002,0.010807774,0.030277486
6317,0.020583391,0.000310151,0.020288879,0.999389686,0.98938201,0.021002307,0.999282031,0.999383733,0.989598732,0.000515674,0.020288879
6318,0.02058329,0.979003847,0.010522644,0.010104636,0.989692161,0.020299069,0.021289757,0.999386457,0.011019451,0.979194337,0.010522644
6319,0.020582988,0.000412963,0.000304905,0.999064602,0.989287875,0.010099188,0.999785699,0.999387971,0.011022478,0.979288876,0.000304905
6320,0.020582786,0.000417907,0.999180732,0.999985673,0.989381606,0.010192415,0.9992673,0.999389383,0.011025707,0.000810187,0.999180732
6321,0.020582584,0.000722307,0.999687629,0.999681878,0.989597623,0.999371222,0.000726747,0.020785686,0.98968187,0.999080645,0.999687629
6322,0.020507922,0.000722509,0.010709502,0.999467981,0.989282124,0.999873377,0.030579061,0.020785988,0.989688226,0.020591866,0.010709502
6323,0.020507821,0.000727251,0.999285764,0.999874789,0.030390589,0.978993758,0.999471815,0.020788107,0.989785186,0.999572609,0.999285764
6324,0.020507518,0.000730884,0.999775509,0.999984765,0.999389686,0.979701637,0.021303782,0.020789217,0.989799413,0.020996052,0.999775509
6325,0.020507417,0.000918649,0.030268909,0.020687313,0.010106553,0.030493603,0.999880742,0.020795372,0.011215591,0.021202685,0.030268909
6326,0.020507215,0.001018132,0.999382119,0.020194441,0.98979568,1.89E-05,0.969502765,0.020795775,0.989903133,0.02132164,0.999382119
6327,0.020507115,0.001118018,0.99998648,0.9994815,0.999567059,0.030480486,0.021209647,0.020796179,1.07E-05,0.999973263,0.99998648
6328,0.020507014,0.00111943,0.999274161,0.999067326,0.99887381,0.030477459,0.979592973,0.020798499,1.57E-05,0.010297951,0.999274161
6329,0.02050661,0.001133656,0.010902514,0.999683593,0.999774601,0.010202504,0.021103404,0.0207986,1.76E-05,0.010305115,0.010902514
6330,0.020506408,0.030371923,0.020387554,0.000808472,0.999264879,0.010510537,0.999286773,0.020799206,1.95E-05,0.010596903,0.020387554
6331,0.020506307,0.030377472,0.998966431,0.021191788,0.989288783,1.49E-05,0.011010472,0.020800618,2.19E-05,0.989386348,0.998966431
6332,0.020505702,0.030383728,0.999685712,0.0201898,0.989884164,1.50E-05,0.030482706,0.02080193,0.000108967,0.989391595,0.999685712
6333,0.0205055,0.030389983,0.000915824,0.021215801,0.999789634,0.999787818,0.020493595,0.020802232,0.000122587,0.01111066,0.000915824
6334,0.020505298,0.03047524,0.020990301,0.999996771,0.99956827,0.030490172,0.99957392,0.020802434,0.978800645,2.23E-05,0.020990301
6335,0.020505198,0.030481596,0.030480688,0.021310239,0.99947131,0.999267099,0.01029785,0.02080314,0.978802965,0.978698236,0.030480688
6336,0.020505097,0.030484421,0.999994047,0.011019451,0.010512555,0.020893946,0.988976715,0.020803241,0.000204817,0.000213998,0.999994047
6337,0.020504996,0.030486944,0.000226408,0.989701242,0.030485329,0.989490876,0.999587238,0.020805158,0.000213595,0.000725133,0.000226408
6338,0.020504895,0.030491585,0.999367086,0.030378683,0.989377571,0.010510032,0.020589546,0.020805259,0.00021642,0.00101339,0.999367086
6339,0.020504592,0.030583702,0.021002408,0.00071242,0.999568573,0.000317214,0.020802232,0.02080536,0.000226812,0.998869976,0.021002408
6340,0.020504491,0.030597323,0.010612744,0.999367287,0.999770968,0.030384535,0.020386646,0.020805562,0.000231554,0.020404101,0.010612744
6341,0.02050439,0.020190102,0.030576841,0.999176192,0.999374955,0.99977117,0.020384628,0.020805764,0.978906383,0.999177706,0.030576841
6342,0.020504289,0.998869068,0.020395424,1.41E-05,0.989685906,0.999786304,0.979207958,0.020809194,0.000317315,0.999275977,0.020395424
6343,0.020504189,0.020286558,0.999381514,0.010817661,0.030597323,0.99898207,0.021094525,0.02081101,0.000417201,0.999279912,0.999381514
6344,0.020504088,0.020287668,0.030370612,0.020294428,0.9998873,0.999480189,0.999270125,0.020812524,0.000423456,0.999673201,0.030370612
6345,0.020503987,0.020289484,0.020991108,0.03059359,0.999165901,0.999482308,0.020997263,0.020812625,0.00042729,0.999689445,0.020991108
6346,0.020503785,0.998980052,0.989806072,0.030269717,0.989190511,0.020799912,0.030486439,0.999466871,0.979098083,0.999689849,0.989806072
6347,0.020503583,0.020386747,0.02080314,0.020494402,0.998961689,0.969416903,0.999789634,0.999468485,0.979207252,0.021115713,0.02080314
6348,0.02050318,0.020389874,0.020792647,0.999686216,0.999473631,0.01090766,0.010110387,0.999469494,0.00061324,0.999783479,0.020792647
6349,0.020502372,0.999084781,0.989899904,0.021312963,0.989084874,0.010699917,0.010604369,0.9994702,0.979288775,0.999988801,0.989899904
6350,0.020502171,0.020501061,0.001124879,0.000122789,0.989804659,0.010523149,0.020893946,0.999470301,0.979298864,0.999999193,0.001124879
6351,0.02050207,0.020504491,0.968700145,0.030492089,0.998966431,0.030594296,0.021314577,0.999471714,0.000720895,0.010109782,0.968700145
6352,0.020501767,0.02050661,0.010618394,0.999789029,0.030576437,0.010604369,0.021323456,0.999474942,0.000723417,0.989790736,0.010618394
6353,0.020501565,0.030280109,0.030480991,0.030390992,0.989397951,0.020611339,0.999791349,0.999475346,0.979391486,0.000320644,0.030480991
6354,0.020501464,0.999179623,0.989492086,0.998862005,0.989183449,0.030389378,0.030594195,0.999475548,0.979497728,0.979296342,0.989492086
6355,0.020501363,0.0205844,0.999684703,0.999685611,0.020607202,0.020905448,0.969205226,0.999478272,0.000928436,0.969524659,0.999684703
6356,0.020501263,0.020585005,0.030590966,0.989894557,0.99928082,0.020906659,0.988885102,0.999480189,0.979599431,0.96971636,0.030590966
6357,0.020501061,0.020588335,0.020788208,0.989697811,0.010911494,0.999569885,0.96931389,0.999480693,0.979614363,0.020195349,0.020788208
6358,0.02050096,0.020591866,0.999371121,0.999264677,0.0003156,0.020684084,0.020505097,0.999481702,0.001013793,0.020487238,0.999371121
6359,0.020500859,0.020596205,0.999271033,0.99978812,0.999069344,0.99969005,0.020404706,0.999482106,0.001022672,0.020610734,0.999271033
6360,0.020500758,0.020602864,0.000608094,0.010901303,0.999677741,0.010599224,0.021211866,0.99948261,0.979697803,0.020784576,0.000608094
6361,0.020500657,0.020603772,0.010915933,0.001133656,0.999681979,0.030475038,0.978995776,0.999482812,0.979701435,0.9994815,0.010915933
6362,0.020500455,0.020607202,0.999668863,0.989884064,0.989702957,0.000829357,0.969316816,0.999483216,0.979706783,0.999580277,0.999668863
6363,0.020500355,0.02061255,0.030282026,0.021091297,0.020183948,0.020506408,0.030387562,0.999483619,0.001113477,0.999683896,0.030282026
6364,0.020500254,0.999272143,0.020404706,0.021202685,0.999389182,0.00052304,0.99947131,0.999486646,0.001122659,0.999978913,0.020404706
6365,0.020500052,0.999280316,0.999480794,0.9991771,0.010597407,0.010408431,0.02101048,0.999487352,0.979815548,0.99998648,0.999480794
6366,0.020499951,0.020683681,0.999270428,0.989804659,0.989381505,0.030579565,0.020490971,0.999487958,0.999067226,0.999996065,0.999270428
6367,0.020499749,0.020687817,0.999568472,0.999586532,0.989477759,0.03058007,0.030483009,0.020885774,0.968698228,0.010613248,0.999568472
6368,0.020499648,0.020690037,0.969208858,0.999779544,0.010818166,1.37E-05,0.020582786,0.020885975,0.968805581,0.989285958,0.969208858
6369,0.020499547,0.020693569,0.978788134,0.989805164,0.989699728,0.030492493,0.021289555,0.020886278,0.968998492,0.989400171,0.978788134
6370,0.020499245,0.020694678,0.020996254,0.999481097,0.021105624,0.030588948,0.010306729,0.020888296,0.030283943,0.010812314,0.020996254
6371,0.020499144,0.020698411,0.000507805,0.989489867,0.989287572,0.020785686,0.999787011,0.020890415,0.030288382,0.010901909,0.000507805
6372,0.020499043,0.020702851,0.020885975,0.021105624,0.999784085,0.020692055,0.969214004,0.020893946,0.030290097,0.999488563,0.020885975
6373,0.020498942,0.020704162,0.02049309,0.011025606,0.0204942,0.010796171,0.999370415,0.020895863,0.969314798,0.99968097,0.02049309
6374,0.020498639,0.020706988,0.989805164,0.020602561,0.010713639,0.999277592,0.021316494,0.020896973,0.030377977,0.999795082,0.989805164
6375,0.020498538,0.999368902,0.98979568,0.020904641,0.99967754,0.020604176,0.978901136,0.02089778,0.030377775,0.999970539,0.98979568
6376,0.020498337,0.999374754,0.030287171,0.989188392,0.999782168,0.998980759,0.020700631,0.020898486,0.030389378,0.010405808,0.030287171
6377,0.020498236,0.999378588,0.999998386,0.010811305,0.010509427,0.010496008,0.020386747,0.020899394,0.9694052,0.010505997,0.999998386
6378,0.020498034,0.99938898,0.000930757,0.99947131,0.989487143,0.9993687,0.999265383,0.020899697,0.030470498,0.030375858,0.000930757
6379,0.020497933,0.020784576,0.999474135,2.22E-06,0.99928637,0.010910283,0.020697302,0.020900706,0.030485531,0.978689458,0.999474135
6380,0.020497731,0.020788208,0.030491585,0.010413476,0.999888814,0.02069599,0.999778737,0.020905246,0.030486742,0.000225399,0.030491585
6381,0.02049763,0.020794262,0.999582194,0.999793569,0.999999294,0.010494797,0.99967078,0.02090565,0.030490878,0.978887414,0.999582194
6382,0.020497529,0.020799206,0.999270125,0.020503785,0.999887704,0.000320846,0.010494696,0.020906053,0.030494511,0.001134766,0.999270125
6383,0.020497429,0.020801223,0.968602983,0.999166607,0.021303782,0.99967088,0.968699439,0.99956716,0.969504279,0.998874112,0.968602983
6384,0.020497227,0.999473732,0.020792748,0.989899904,0.030269717,0.030477661,0.969213903,0.999568169,0.030578052,0.020486128,0.020792748
6385,0.020496823,0.99948261,0.03058572,0.989903536,0.021290968,0.010201495,0.020904338,0.999568472,0.030583803,0.020694073,0.03058572
6386,0.020496722,0.999486949,8.78E-06,0.999271033,0.999570893,0.020691147,0.97920029,0.999568573,0.030589352,0.021004628,8.78E-06
6387,0.020496621,0.020891928,0.99926841,0.98969085,0.9994815,0.020803544,0.999474236,0.999568976,0.03059137,0.999878926,0.99926841
6388,0.020496521,0.020892533,0.030582592,0.999369709,0.999781865,0.999689748,0.030376867,0.999570591,0.020184654,0.999995359,0.030582592
6389,0.02049642,0.020902926,0.989694078,0.99937102,0.010907155,0.020889708,4.14E-06,0.999573819,0.998860895,0.010518306,0.989694078
6390,0.020496319,0.020998171,0.020794665,0.000522636,0.999985572,0.999873276,0.020799912,0.999574223,0.998868563,0.000202295,0.020794665
6391,0.020496117,0.020999482,0.020986971,0.000812104,0.999482409,0.000822395,0.979207252,0.999575333,0.020288071,0.978893367,0.020986971
6392,0.020496016,0.021004325,0.010613752,0.020504996,0.989581782,0.020595398,0.020691248,0.999578259,0.998974806,0.978997087,0.010613752
6393,0.020495713,0.021011085,0.030491181,0.989496021,0.999478474,0.000412762,1.50E-05,0.999578864,0.998978337,0.000409634,0.030491181
6394,0.020495612,0.999668459,0.010706273,0.999576241,0.001110955,0.999366077,0.988995481,0.999579066,0.020389673,0.979190806,0.010706273
6395,0.020495512,0.999686317,0.020888195,0.010201193,0.9997858,0.030587536,8.37E-06,0.999580075,0.020391388,0.979799001,0.020888195
6396,0.02049531,0.021091095,0.01059549,0.020299573,0.999979417,0.020698815,0.978893569,0.999582799,0.020394617,0.969726954,0.01059549
6397,0.020495209,0.021104615,0.020905347,0.989596513,0.021106128,0.969519413,0.989799614,0.999583102,0.020406018,0.998872498,0.020905347
6398,0.020494704,0.021108348,0.999379899,0.030587839,0.020294529,0.999277793,0.020886076,0.999583505,0.999066015,0.99908347,0.999379899
6399,0.020494604,0.021109962,0.0302791,0.021202382,0.999784589,0.999774399,0.989192025,0.999583606,0.999077416,0.02069599,0.0302791
6400,0.020494402,0.021110971,0.020503785,0.010523149,0.020993529,0.030387562,1.99E-05,0.999584918,0.999087707,0.021005435,0.020503785
6401,0.0204942,0.021116823,0.999567261,0.021007554,0.989482905,0.030482,0.001121448,0.99958512,0.020482395,0.021005536,0.999567261
6402,0.020494099,0.999771473,0.999779544,0.030369704,0.989792249,0.999285764,0.021202786,0.999585826,0.020489861,0.999781865,0.999779544
6403,0.020493998,0.999773188,0.020993731,1.99E-05,0.020990603,0.999970942,0.011010774,0.999587339,0.020503987,0.021311954,0.020993731
6404,0.020493897,0.99978126,0.969713535,0.999576544,0.001133656,0.00103488,0.030590462,0.020987072,0.020587023,0.999980426,0.969713535
6405,0.020493695,0.999787112,0.999073986,0.021201171,0.010512958,0.989692968,0.020693669,0.020988989,0.020587831,0.010192617,0.999073986
6406,0.020493595,0.021194815,0.99987822,0.02069599,0.000318526,0.999670073,3.63E-06,0.020989695,0.020588839,0.988993564,0.99987822
6407,0.020493191,0.021194916,0.030588948,0.010404093,0.999577653,0.99987257,0.999893959,0.020993025,0.02060014,0.989184659,0.030588948
6408,0.02049309,0.021198044,0.030587536,0.99938,0.999988902,0.999383733,0.989785086,0.020993731,0.020600947,0.011107129,0.030587536
6409,0.020492989,0.021201575,0.020587023,0.999578662,0.999577553,0.999584615,0.011207116,0.020994538,0.020604579,0.011202778,0.020587023
6410,0.020492888,0.999871863,0.030471103,0.001016719,0.021289454,0.99967199,0.969608301,0.020996657,0.999276482,6.36E-06,0.030471103
6411,0.020492787,0.999885484,0.969412868,0.999975684,0.01121771,0.000423456,0.989291204,0.030377069,0.999278096,1.66E-05,0.969412868
6412,0.020492687,0.999891336,0.999672596,0.010201495,0.999468586,0.010516893,0.010905036,0.020997263,0.999284957,0.979206949,0.999672596
6413,0.020492586,0.999895271,0.010798592,0.989280711,4.04E-07,0.010911796,0.96931621,0.020997666,0.999286067,0.020197972,0.010798592
6414,0.020492485,0.021289757,0.999971245,0.999580882,0.001124576,0.030490677,0.02109281,0.020999079,0.020691349,0.998872902,0.999971245
6415,0.020492283,0.021292481,0.010910687,0.021188559,0.020283128,0.030578052,0.030280714,0.02099928,0.020694073,0.999084983,0.010910687
6416,0.020492081,0.021302672,0.0005186,0.99988387,0.999276986,0.999884475,0.000614955,0.020999482,0.020705979,0.999185172,0.0005186
6417,0.02049198,0.021304387,0.999066519,0.02109059,0.000104527,0.030471305,0.020693871,0.021001399,0.999371222,0.999269722,0.999066519
6418,0.020491879,0.0213059,0.999679759,0.999889116,0.010413476,0.000226408,0.010292503,0.021002307,0.999383431,0.999473832,0.999679759
6419,0.020491778,0.021306102,0.030385645,0.021088169,0.020595196,0.969219452,0.001018233,0.021004123,0.020801223,0.020897679,0.030385645
6420,0.020490971,0.021314981,0.030483614,0.020400569,0.999985269,0.030475643,0.030284245,0.021005334,0.020812927,0.999670376,0.030483614
6421,0.02049077,0.02131599,0.020196862,0.021108247,0.01061123,6.36E-06,0.999684199,0.02100604,0.999466669,0.999682685,0.020196862
6422,0.020490568,0.021316898,0.030387865,0.010912805,0.999989406,0.010911998,0.020486633,0.021006242,0.99947131,0.999884273,0.030387865
6423,0.020490467,0.021320631,0.010712327,0.010300675,0.989905857,0.02068923,0.030382315,0.021006545,0.999481299,0.010306325,0.010712327
6424,0.020490063,0.021323053,0.020905448,0.000629484,0.99967764,0.999571701,0.021188156,0.021010076,0.020885874,0.010497723,0.020905448
6425,0.020489962,0.999975382,0.020407834,0.010509427,0.010513463,0.999776215,0.021207124,0.021010278,0.020889002,1.81E-05,0.020407834
6426,0.020489861,0.999980527,0.010708997,0.011209739,0.011016122,0.030268909,0.999182044,0.99967199,0.020896065,0.000123798,0.010708997
6427,0.020489761,0.999988195,0.999473832,0.030477157,3.63E-06,0.999286874,0.020498538,0.999672999,0.020900908,0.00021309,0.999473832
6428,0.020489559,0.999990919,0.999990919,0.02130136,0.99967078,0.020886278,0.979205738,0.999673806,0.02090787,0.000529699,0.999990919
6429,0.020489357,0.99999324,0.030475643,0.021111173,0.999477767,0.999770666,0.979390376,0.99967532,0.999572306,0.020490063,0.030475643
6430,0.020489054,0.999994955,0.020296042,0.021206721,0.030381811,0.999477969,0.030371621,0.999676531,0.999583707,0.02079749,0.020296042
6431,0.020488752,0.999999697,0.030271432,0.010305417,0.021000592,0.020283733,0.011199852,0.999678952,0.020988888,0.999575131,0.030271432
6432,0.020488651,0.030482202,0.030285355,0.010911494,0.999083571,0.010718078,1.95E-05,0.999679759,0.020998675,0.999681374,0.030285355
6433,0.020488247,0.030583601,0.030580473,0.989487143,0.999484527,0.98978781,0.030593388,0.999681374,0.021004527,0.999790542,0.030580473
6434,0.020488045,0.010102921,0.969213096,0.000318526,0.999274262,0.98917911,0.99968097,0.999684501,0.999672898,0.010105746,0.969213096
6435,0.020487743,0.988771898,0.030268607,0.999480189,0.999977904,0.999687225,0.010596499,0.999685006,0.999686721,0.010399048,0.030268607
6436,0.02048744,0.98878572,0.021012599,0.010512958,0.989803045,0.001034376,0.97969407,0.999685208,0.999687125,0.010800106,0.021012599
6437,0.020487238,0.010193928,0.020903228,0.999165901,0.9990643,0.999880137,0.010103425,0.999685611,0.999687629,0.010817762,0.020903228
6438,0.020487137,0.010201495,0.999872267,0.999679255,0.998973595,0.030374547,0.021005233,0.999686317,0.999688436,0.989580975,0.999872267
6439,0.020487036,0.010299464,0.020285045,0.000216117,0.98978902,0.030589352,0.979802532,0.999686418,0.021092911,0.989785086,0.020285045
6440,0.020486835,0.010306325,0.999475447,0.999481601,0.02069599,0.999087707,0.020599635,0.999689748,0.021093113,6.05E-07,0.999475447
6441,0.020486734,0.010316919,0.020989695,0.03037495,0.010300675,0.010395012,0.021118337,0.999690656,0.021098258,1.51E-05,0.020989695
6442,0.020486633,0.010407725,0.989792754,0.999887603,0.000317012,0.030284044,0.989289691,0.99976885,0.021108247,0.000205927,0.989792754
6443,0.020486532,0.010410146,0.020993025,0.989397951,0.000718473,0.999276482,0.030597424,0.999769253,0.02110966,0.020281715,0.020993025
6444,0.020486431,0.010417411,0.000227417,0.011016122,0.999880641,0.999480895,0.978793683,0.999772179,0.021112989,0.998965523,0.000227417
6445,0.02048633,0.989094863,0.030375757,0.989485427,0.999477263,0.010796473,0.020891121,0.999774399,0.021113292,0.020594086,0.030375757
6446,0.020486229,0.010494696,0.010510537,0.020492081,0.020203118,0.020689835,0.999071665,0.999775105,0.021116319,0.999369709,0.010510537
6447,0.020486128,0.010497421,0.99979034,0.020395222,1.99E-05,0.999379697,0.0209902,0.999776719,0.999781966,0.999486343,0.99979034
6448,0.020485927,0.01049853,0.010301281,0.01090766,0.99958633,0.999479684,0.999869644,0.999777224,0.999788726,0.021003316,0.010301281
6449,0.020485725,0.010601241,0.999485133,0.021096745,0.999999899,0.030268607,0.030575126,0.999777526,0.021188358,0.999685914,0.999485133
6450,0.020485523,0.010698605,0.030280512,0.989781756,0.999992836,0.010316617,0.999788726,0.999778435,0.02119542,0.010520425,0.030280512
6451,0.020485422,0.01070143,0.010292099,0.020198981,0.999580882,0.010294117,0.010719692,0.99977904,0.021211362,0.010898075,0.010292099
6452,0.020485321,0.010703751,0.96909979,0.020292006,0.999480189,0.010899487,0.020795775,0.999779544,0.99987822,0.989906462,0.96909979
6453,0.020485019,0.010711318,0.001118018,0.030578556,0.999073178,0.030280109,0.030471507,0.999779948,0.999887906,4.64E-06,0.001118018
6454,0.020484918,0.01071717,0.999682181,0.010713639,0.000522636,0.020696494,0.969601844,0.99978015,0.99989406,0.978686936,0.999682181
6455,0.020484817,0.010719289,0.999779948,0.0005186,0.999168726,2.03E-05,0.020908273,0.999782369,0.021291069,0.001114991,0.999779948
6456,0.020484615,0.010898579,0.999479785,0.999469191,0.010801014,0.999773592,0.999978711,0.999782773,0.021319723,0.999481803,0.999479785
6457,0.020484514,0.01090433,0.030588444,0.999575938,0.030381105,0.030473827,0.011121759,0.999783883,0.999977097,0.999570389,0.030588444
6458,0.020484413,0.989585616,7.37E-06,0.999577653,0.999893858,0.020800517,0.030275165,0.999784488,0.9999775,0.021110769,7.37E-06
6459,0.020484211,0.989590257,0.999177504,0.999685006,0.010695276,0.999997478,0.989687318,0.999785396,0.999979417,0.99976895,0.999177504
6460,0.02048411,0.011009463,0.99917821,0.030291005,0.98958834,0.999371727,0.021117731,0.999789735,0.999985774,0.02120783,0.99917821
6461,0.020483909,0.011009765,0.010909678,0.999783479,0.999685006,0.020795372,0.999279004,0.999790946,0.999986379,0.021210151,0.010909678
6462,0.020483707,0.011025606,0.03047645,0.020294529,0.99997296,0.030471103,0.999286067,0.999791954,0.999996771,0.99987267,0.03047645
6463,0.020483404,0.0111038,0.0303918,0.999872469,0.999389888,0.979311678,0.021197035,0.999792358,0.030471204,0.021312055,0.0303918
6464,0.020483202,0.011123272,0.020800618,0.999477767,0.999469191,0.97960609,0.999572306,0.999792762,0.030475542,0.999978408,0.020800618
6465,0.020483001,0.0111264,0.999890529,0.020898385,0.999389282,0.020290493,0.999267805,0.999793871,0.030479276,0.999988195,0.999890529
6466,0.020482799,0.989784581,0.010622732,0.01121771,0.999795082,0.999583102,0.999971548,0.999794679,0.030573411,0.010407725,0.010622732
6467,0.020482698,0.989792754,0.020795775,0.010099188,0.999673806,0.010097473,0.020693972,0.999870854,0.030577951,0.010706677,0.020795775
6468,0.020482496,0.989800018,0.999281527,0.999771473,0.030571897,0.01010171,0.999467678,0.99987146,0.010099491,0.011118429,0.999281527
6469,0.020482395,0.011207116,0.999873377,0.999979417,0.020200394,0.000727251,0.021213985,0.999872065,0.010208558,0.979205839,0.999873377
6470,0.020482193,0.011209336,0.9992673,0.030470397,0.000618688,0.00012289,0.99937102,0.999872771,0.010301482,0.001010665,0.9992673
6471,0.020481992,0.011210849,0.020499245,0.010607295,0.999878623,0.020583896,0.999573618,0.999873175,0.010305417,0.030384737,0.020499245
6472,0.02048179,0.011212161,0.999978509,0.989792249,0.999367994,0.000320947,0.030392102,0.99987489,0.988976513,0.030485228,0.999978509
6473,0.020481689,0.011212564,0.968910108,0.001127098,0.999982949,0.999385045,0.968700044,0.999876,0.988999618,0.020281614,0.968910108
6474,0.020408641,0.011223057,0.969006967,0.020989695,0.001127098,0.030377674,0.030375152,0.99987711,0.010407523,0.999071463,0.969006967
6475,0.02040854,2.02E-07,0.030473827,0.999178513,0.9989742,0.979498838,0.021103707,0.999877413,0.010494696,0.999183457,0.030473827
6476,0.020408136,1.14E-05,0.020390984,0.999978509,0.021289354,0.99937102,0.9989742,0.99987822,0.010506602,0.999366177,0.020390984
6477,0.020407834,0.000105435,0.020394919,0.989496526,0.000608094,0.020997666,0.989287572,0.99988054,0.010507611,0.999481299,0.020394919
6478,0.020407733,0.000202194,0.02098798,0.989288278,0.999267099,0.020903027,0.020507821,0.999882256,0.010512555,0.999485133,0.02098798
6479,0.020407632,0.000213191,1.12E-05,0.999472622,0.999769152,0.020811817,0.030574722,0.999882659,0.010597407,0.99968662,1.12E-05
6480,0.020407531,0.000216016,0.999576443,0.989682274,0.999481299,0.999475245,0.021092407,0.99988387,0.010615064,0.999892749,0.999576443
6481,0.02040743,0.000311059,0.020284237,0.989196565,0.999675118,0.999990718,0.021099469,0.999883971,0.010617788,0.021313266,0.020284237
6482,0.020407027,0.978993758,0.020583593,0.999275977,0.020184553,0.030481798,1.70E-05,0.999884576,0.989298772,0.999989305,0.020583593
6483,0.020406926,0.000411551,0.99989063,0.999684501,0.999467173,0.001019544,0.96879761,0.999885888,0.010807269,0.99999435,0.99989063
6484,0.020406825,0.000420934,1.58E-05,0.999771675,0.998961891,0.03028818,0.988983676,0.999886796,0.989483006,0.988773108,1.58E-05
6485,0.020406623,0.000610415,0.030286465,0.999276482,0.989388972,0.030486843,0.030286465,0.999889419,0.989495214,8.88E-06,0.030286465
6486,0.020406421,0.00093449,0.030589352,0.999381211,0.99947918,0.02090676,0.02060801,0.999890932,0.011015819,1.43E-05,0.030589352
6487,0.020406219,0.979590955,0.020890314,0.999575434,0.0005186,0.02079406,0.020707694,0.999892849,0.011111669,0.979195851,0.020890314
6488,0.020406119,0.00111489,0.999891336,0.999585221,0.999481097,0.020586922,0.020791134,0.999893253,0.0111151,0.979601852,0.999891336
6489,0.020406018,0.001128713,0.999984664,0.999276986,0.020494402,0.030273853,0.00041932,0.999894363,0.989799614,0.001034477,0.999984664
6490,0.020405816,0.001132547,0.999180329,0.99998426,0.999789029,0.999382926,0.999587945,0.999971043,0.011201264,0.020694577,0.999180329
6491,0.020405715,0.97981575,0.020202008,0.030571695,0.998868664,0.020997868,0.010593977,0.999972758,0.011217609,0.999374653,0.020202008
6492,0.020405614,0.030269717,0.999267099,0.001124576,1.90E-05,0.999485839,0.030282127,0.99997296,0.011218517,0.99938,0.999267099
6493,0.020405412,0.030287575,0.999478675,0.999467173,0.998861501,0.020887388,0.030490273,0.999973868,0.011222957,0.999385247,0.999478675
6494,0.020405311,0.030291611,0.010614257,0.999183457,0.989895364,0.010706677,0.968803664,0.999974474,0.989882147,0.020900101,0.010614257
6495,0.020405211,0.030379793,0.020987072,0.999183558,2.09E-05,0.999889116,0.01081524,0.999975079,0.989905857,0.99957503,0.020987072
6496,0.020405009,0.030384636,0.021004426,0.010498329,0.999486343,0.99918386,0.020588335,0.999976794,0.989906361,0.999576846,0.021004426
6497,0.020404807,0.030385847,0.03058007,0.020803948,0.020199486,0.001128511,0.020899193,0.999978308,9.38E-06,0.999875294,0.03058007
6498,0.020404706,0.030386957,0.989094863,0.98938201,0.999568976,0.03028475,0.999888713,0.999980426,1.21E-05,0.999978308,0.989094863
6499,0.020404605,0.030474836,0.999274767,0.000728159,0.030382416,9.99E-06,0.02131377,0.999980729,1.34E-05,0.01020089,0.999274767
6500,0.020404504,0.030475643,0.99948826,0.000726141,0.010598416,0.999788827,0.010703751,0.999981032,1.36E-05,0.010293411,0.99948826
6501,0.020404403,0.969510433,1.87E-05,0.020988485,0.999774197,0.999180329,0.011200053,0.999983251,0.978695613,0.010316112,1.87E-05
6502,0.020404202,0.030587233,0.999475548,0.999985572,0.99927295,0.999972758,0.000829357,0.999984664,0.000103115,0.98919041,0.999475548
6503,0.020404101,0.030590361,0.030488558,0.010710713,0.999387769,0.999670981,0.968998996,0.999985471,0.978801048,0.010617788,0.030488558
6504,0.020404,0.030592278,0.989891933,0.999381413,0.001025194,0.999669569,0.969523751,0.99998648,0.000206431,0.989587836,0.989891933
6505,0.020403899,0.030596213,0.010918355,0.030574722,0.989888907,0.999683896,0.999486343,0.999994047,0.000207137,0.011212766,0.010918355
6506,0.020403798,0.020182535,0.001016114,0.998861501,0.010104233,0.030377876,0.020486835,0.999994753,0.000304905,0.00011613,0.001016114
6507,0.020403697,0.0201898,0.989297056,0.999083571,0.989794267,0.99928193,0.968706703,0.999995359,0.000617578,0.000320846,0.989297056
6508,0.020403596,0.020196257,0.99968995,0.999992836,0.989796083,0.030481899,0.020293822,0.999997579,0.979300479,0.969621619,0.99968995
6509,0.020403294,0.998877139,0.030480486,0.999999899,0.99987933,0.989180523,0.999389888,0.030470901,0.979304111,0.969725743,0.030480486
6510,0.020403092,0.020288979,0.030586527,0.010806462,0.999175082,0.020395726,0.021210555,0.030471103,0.979306129,0.020181829,0.030586527
6511,0.020402789,0.020300179,0.020805764,0.999878623,0.989903032,0.020501464,0.020611541,0.030471809,0.000711411,0.020188993,0.020805764
6512,0.020402385,0.020390783,0.030386856,0.020490467,0.999073986,0.030477762,0.020890314,0.030475341,0.000729471,0.998979346,0.030386856
6513,0.020402083,0.020404706,0.020586922,0.010414182,0.989697206,0.030484724,0.999673201,0.030477661,0.000810994,0.020999987,0.020586922
6514,0.020401982,0.999073279,0.999880339,0.000111489,0.988877131,0.020486633,0.011204089,0.030479881,0.000823404,0.999882659,0.999880339
6515,0.02040178,0.99908347,0.030374748,0.998872296,0.999574425,0.010600434,0.020687515,0.030481798,0.979499746,0.999972355,0.030374748
6516,0.020401679,0.03027466,0.999979821,0.99928415,0.999984967,0.020789419,0.989788516,0.030481899,0.000916228,0.999983453,0.999979821
6517,0.020401276,0.020492485,0.030481193,0.999483317,0.9995716,0.99948261,0.03026901,0.030482,0.979602659,0.0102922,0.030481193
6518,0.020401175,0.999165901,0.020204026,0.989888907,0.989590762,0.999381816,0.021316898,0.030577346,0.979603971,0.989386248,0.020204026
6519,0.020401074,0.999178916,0.010805453,0.97981696,0.99938,0.999673806,0.979089003,0.030583097,0.979614161,0.010802224,0.010805453
6520,0.020400973,0.999181741,0.99988276,0.989381505,0.011002198,0.999878522,0.001113881,0.010091217,0.001025396,0.989890319,0.99988276
6521,0.020400569,0.020583896,0.999674311,0.020702145,0.020294428,0.999184365,0.020504895,0.010095858,0.979700527,0.989892841,0.999674311
6522,0.020400166,0.020599736,0.999777022,0.021106128,0.989288278,0.999998487,0.011113486,0.010098482,0.001135573,0.978793582,0.999777022
6523,0.020400065,0.02060801,0.020300179,0.020887388,0.999980931,0.999790643,0.999876908,0.010113212,0.979804853,0.978994767,0.020300179
6524,0.020399964,0.020608211,0.968909603,0.020595196,0.030590563,0.00052082,0.030374345,0.030269313,0.979812723,0.000518399,0.968909603
6525,0.020399863,0.9992673,0.030470901,0.999389282,0.999585221,0.999794376,0.020496621,0.010192718,0.968897799,0.000629383,0.030470901
6526,0.020399661,0.999273354,0.989293929,0.9989742,0.999175385,0.030271432,0.021100579,0.010194332,0.968899009,0.979389367,0.989293929
6527,0.02039956,0.999282435,0.999787818,0.020987072,0.010606185,0.99958401,0.021313367,0.010196753,0.969106853,0.979812924,0.999787818
6528,0.02039946,0.020692055,1.77E-05,0.998961891,0.999067326,0.010113212,0.979491473,0.010200083,0.969198567,0.998862207,1.77E-05
6529,0.020399157,0.020694376,0.969208454,0.021100075,0.98929978,0.999783479,0.030587536,0.010201294,0.030285355,0.998866646,0.969208454
6530,0.020397643,0.020705373,0.010517196,0.999070151,0.999576241,0.010711318,0.998982171,0.010201495,0.969298856,0.020796179,0.010517196
6531,0.020397543,0.020708905,0.010701027,0.999486343,0.999980628,4.04E-07,0.020899899,0.010202202,0.030383829,0.999474841,0.010701027
6532,0.020397442,0.999370314,0.979496013,0.999979317,5.04E-06,0.979492179,0.021010782,0.010205834,0.969406814,0.020897074,0.979496013
6533,0.020397341,0.999372029,0.020290493,0.020993529,0.99937778,0.98988699,0.021212169,0.010209063,0.969408025,0.020897376,0.020290493
6534,0.02039724,0.999373644,0.969307533,0.998963304,0.989496021,0.020702145,0.020488045,0.030273147,0.030470296,0.020900302,0.969307533
6535,0.020397139,0.999374653,0.001024791,0.999379294,0.9997745,0.000820478,0.010520425,0.030275669,0.969423361,0.999572306,0.001024791
6536,0.020396937,0.99937889,0.020803544,0.021203492,0.999064602,0.010615972,0.020288576,0.010295328,0.030486136,0.999787212,0.020803544
6537,0.020396836,0.999383935,0.030474634,0.00012289,0.999879027,0.030387461,0.030484119,0.010299464,0.030486843,0.021213682,0.030474634
6538,0.020396534,0.999388173,0.979088296,0.999587238,0.999471815,0.999471915,0.989093854,0.01030007,0.030489062,0.010299464,0.979088296
6539,0.020396332,0.020785787,0.020296446,0.999673302,0.998871187,0.030588444,0.998877139,0.010300776,0.030582693,0.989091331,0.020296446
6540,0.020395928,0.020786493,0.968597838,0.021204097,0.99918154,0.99927971,0.998978942,0.010306325,0.969710407,0.0105177,0.968597838
6541,0.020395726,0.020786695,0.020400569,0.000623733,0.998975007,0.010810901,0.030483614,0.010311673,0.020184553,0.989289287,0.020400569
6542,0.020395525,0.020791336,0.030391396,0.999073279,0.999679759,0.03038504,0.001118018,0.010311975,0.020280706,0.989599741,0.030391396
6543,0.020395424,0.020794665,0.010305821,0.000720592,0.999381413,0.02061144,0.020483707,0.01031248,0.020380996,0.978997794,0.010305821
6544,0.020395222,0.020800618,0.010909778,0.999994552,0.999278197,0.010310866,0.010804141,0.010317323,0.020388159,0.000911385,0.010909778
6545,0.020395121,0.020803847,0.030385746,0.999872267,0.020406119,0.989689033,0.001124879,0.98898075,0.020405311,0.979606291,0.030385746
6546,0.020394919,0.020804553,0.020892937,0.999973969,0.999975684,0.999668358,0.030493804,0.010394911,0.999072775,0.968794785,0.020892937
6547,0.020394818,0.020805058,0.999266796,0.000718473,0.999578965,0.979590955,0.010301482,0.010408431,0.999085084,0.999065712,0.999266796
6548,0.020394617,0.999471108,0.010196753,0.021290968,0.021003215,0.999574223,0.000415587,0.010415696,0.999085387,0.020485422,0.010196753
6549,0.020394213,0.999473631,0.020694376,0.989081444,0.989293525,0.020194441,0.020395726,0.010417411,0.020496823,0.999272042,0.020694376
6550,0.02039391,0.999482106,0.020703456,0.998974402,0.999381211,0.999266897,0.0211142,0.010417613,0.020499749,0.999389989,0.020703456
6551,0.020393809,0.020885975,0.020493595,0.999488664,0.989781756,0.020997061,0.021308725,0.989085177,0.999171854,0.020792547,0.020493595
6552,0.020393709,0.020890314,0.999983251,0.999086496,0.999894968,0.999286571,0.989082453,0.010493889,0.020584097,0.020887085,0.999983251
6553,0.020393406,0.999582396,0.968607423,0.99968097,0.999771473,0.020695788,0.989795175,0.010497421,0.020589748,0.999674513,0.968607423
6554,0.020393305,0.999585221,0.999993038,0.000618688,0.989897684,0.999892547,0.020394919,0.010498329,0.999264274,0.021118135,0.999993038
6555,0.020393204,0.020987072,0.020507518,0.988879149,0.000629484,0.969202098,0.030587132,0.010506905,0.999275876,0.999769758,0.020507518
6556,0.020393002,0.020988686,0.998876837,0.998871187,0.999488664,0.0102922,0.020886278,0.010510032,0.020699521,0.999987489,0.998876837
6557,0.0203927,0.020994135,0.999668257,0.998978942,0.999783479,0.010417613,0.97961285,0.010511142,0.020702145,0.010098683,0.999668257
6558,0.020392094,0.020997666,0.020994538,0.989293525,0.999287177,0.020188589,0.999986783,0.010523048,0.999370213,0.988981558,0.020994538
6559,0.020391993,0.020999079,0.99997296,0.999668156,3.43E-06,0.020199183,0.030479276,0.010523956,0.999378588,0.010407523,0.99997296
6560,0.020391792,0.021012094,0.020707896,0.010907155,0.020907466,0.999570187,0.01120873,0.98918698,0.999384944,0.010694973,0.020707896
6561,0.020391691,0.999676531,0.999775105,0.01060215,0.989796991,0.02098909,0.969106853,0.010597407,0.999385045,0.989788516,0.999775105
6562,0.02039159,0.999682282,0.010901505,0.021003215,0.010721609,0.010805453,0.010615064,0.010600434,0.99938898,2.16E-05,0.010901505
6563,0.020391489,0.999687326,0.999368498,0.999974474,0.999567463,0.989490371,0.020805764,0.010601746,0.999389585,0.000221666,0.999368498
6564,0.020391388,0.021089178,1.29E-05,0.010911191,0.999575434,0.000228325,0.979614161,0.010604369,0.020786291,0.978898109,1.29E-05
6565,0.020391287,0.021093415,0.968693991,0.999791954,0.99928415,0.010709502,0.001116504,0.01060558,0.02079073,0.000323369,0.968693991
6566,0.020390984,0.021100983,0.999480693,0.010301684,0.000217429,0.020706483,0.010817762,0.010608809,0.999466265,0.979089205,0.999480693
6567,0.020390883,0.021103404,0.999474438,0.00021642,0.999178513,0.999569985,0.969423361,0.010610726,0.999472117,0.030377977,0.999474438
6568,0.020390783,0.021112787,0.020686001,0.999875697,0.999372231,0.000420631,0.020389874,0.010612744,0.999475447,0.998971375,0.020686001
6569,0.020390682,0.02111531,0.999273354,0.030581079,0.010806462,0.020506307,0.999881347,0.010612945,0.999475548,0.02039724,0.999273354
6570,0.020390278,0.999773289,0.020901917,0.030483513,0.021197337,0.999776013,0.969301782,0.010615165,0.99947696,0.999181338,0.020901917
6571,0.020390076,0.999774701,0.020202714,0.030480083,0.020886782,0.020694678,0.999080745,0.010615468,0.999484124,0.020582786,0.020202714
6572,0.020389975,0.999784488,0.999997579,0.999174881,0.020586922,1.41E-05,0.021290766,0.010619403,0.999486343,0.999279206,0.999997579
6573,0.020389874,0.999794679,2.15E-05,0.030573411,0.999882155,0.999486949,0.01102157,0.010620412,0.020896166,0.999478272,2.15E-05
6574,0.020389774,0.021191687,0.979511349,0.9995716,0.999587238,1.72E-05,0.030591168,0.989275667,0.020900403,0.999483922,0.979511349
6575,0.020389673,0.021191889,0.020190607,0.999784387,0.999171652,0.999371929,0.999575232,0.989286866,0.020902926,0.999585422,0.020190607
6576,0.020389269,0.021193201,0.02090111,0.999971245,0.999681878,0.99947807,0.021087967,0.98929413,0.99957281,0.99967078,0.02090111
6577,0.020389067,0.021196631,0.999081956,1.40E-05,0.999177907,0.020600846,0.988993564,0.989297056,0.999574021,0.999987993,0.999081956
6578,0.020388966,0.021196833,0.989079728,0.999782975,0.999685611,0.02099928,0.000729471,0.01070143,0.999576241,0.98988699,0.989079728
6579,0.020388866,0.02120218,0.000124504,0.000412862,0.989886081,0.020284237,0.999777325,0.010701632,0.999580983,0.979607603,0.000124504
6580,0.020388765,0.021206821,0.010719087,0.99898207,0.999776114,0.0305835,0.030476551,0.010704659,0.999582194,0.969721506,0.010719087
6581,0.020388563,0.99987146,0.030288887,0.999685208,0.989188392,0.02069145,0.030596011,0.010705769,0.99958744,0.020289888,0.030288887
6582,0.020388361,0.999879632,0.999990718,0.999587945,0.998963304,0.020786493,0.01120308,0.010705971,0.020988686,0.999282233,0.999990718
6583,0.020388159,0.99988054,0.99968773,0.011216096,0.99907116,0.020784979,0.969315807,0.010711419,0.021005132,0.999481601,0.99968773
6584,0.020388058,0.02129914,0.020891121,0.011222755,0.989693876,0.010404093,0.999183457,0.010712327,0.999682181,0.02090111,0.020891121
6585,0.020387655,0.021300149,0.999990011,0.000712319,0.020600745,0.010503676,0.00111489,0.010717977,0.021099469,0.999690151,0.999990011
6586,0.020387554,0.021300654,0.999385953,0.021000592,0.999265787,0.969307533,0.999183558,0.010719995,0.021109155,0.021216709,0.999385953
6587,0.02038715,0.02130358,0.020896367,0.999788625,0.999872267,0.030571191,0.011223461,0.01072171,0.021111173,0.99988054,0.020896367
6588,0.020386747,0.021308826,0.999282435,0.020586922,0.999467981,0.020697907,0.999875798,0.989396135,0.999783479,0.9999775,0.999282435
6589,0.020386646,0.021309633,0.999578158,0.000313178,0.011216096,0.999376267,0.030578153,0.010798592,0.99978469,0.999982646,0.999578158
6590,0.020386444,0.021312459,0.999184869,0.010898781,0.998864023,0.969713737,0.969726954,0.010800711,0.999785295,0.999999092,0.999184869
6591,0.02038594,0.021313367,0.999886291,0.000813113,0.000111489,0.030478973,0.020394617,0.010801316,0.999789634,0.989590257,0.999886291
6592,0.020385839,0.02132275,0.030585114,0.999870955,0.998872296,0.001115092,0.979391486,0.010805453,0.021194512,0.011027826,0.030585114
6593,0.020385738,0.999976996,0.999987489,0.999882256,0.99968097,0.999368296,0.030486944,0.010805554,0.021202987,0.011215995,0.999987489
6594,0.020385637,0.999977097,0.999482409,0.998868664,0.000726141,0.999479987,0.02100483,0.010808076,0.021208234,1.29E-05,0.999482409
6595,0.020385536,0.999984765,0.021006948,0.999569279,0.00012289,0.99987933,0.020606193,0.010809892,0.021211463,1.84E-05,0.021006948
6596,0.02038483,0.999991828,0.020406018,0.999998789,0.999670981,0.000230747,0.021304387,0.010810901,0.999877816,0.978697934,0.020406018
6597,0.020384628,0.999993543,0.010496311,0.020203118,0.999978509,0.001024791,0.999483317,0.01081191,0.999888107,0.000308234,0.010496311
6598,0.020384527,0.999999899,0.999577048,0.030280613,0.989282729,0.999974776,0.989792249,0.010813222,0.021290463,0.0003156,0.999577048
6599,0.020384426,0.030480486,0.99917145,0.020400065,0.999176798,0.999278096,0.969208858,0.010816652,0.021302066,0.00052647,0.99917145
6600,0.020384224,0.030578153,0.999875899,0.021289454,0.999073279,0.02090111,0.99958744,0.01081746,0.02131488,0.979288674,0.999875899
6601,0.020383922,0.030579565,0.000807766,0.010597407,0.999276482,0.999672394,0.020695788,0.010818872,0.021322447,0.020205035,0.000807766
6602,0.020383821,0.010299666,0.999183457,0.011013398,0.999984765,0.020791134,0.021090994,0.010819881,0.999973969,0.020595196,0.999183457
6603,0.02038372,0.010301987,0.020695788,0.999578965,0.999771675,0.999265787,0.999882558,0.989484116,0.999979821,0.99927295,0.020695788
6604,0.020383619,0.010311975,0.000728765,0.999888208,0.999872469,0.999575333,0.020504491,0.010897873,0.999987388,0.999475043,0.000728765
6605,0.020383518,0.010412669,0.999686317,0.999882457,0.021191788,0.999372534,0.021291977,0.010898882,0.999988902,0.021001803,0.999686317
6606,0.020383014,0.989079527,0.978682396,0.99967643,0.999781058,0.989795175,0.021006948,0.010900597,0.999990213,0.999688133,0.978682396
6607,0.020382913,0.010505593,0.999088514,0.989796083,0.011222755,0.998869068,0.030275669,0.010900698,0.999991828,0.999784387,0.999088514
6608,0.020382812,0.989184054,0.969013424,0.021117328,0.99967532,0.999469898,1.85E-05,0.010902514,0.999999294,0.999980628,0.969013424
6609,0.020382711,0.989184659,0.010622026,0.99927295,0.989589248,0.979295333,0.000813113,0.010906146,0.030476551,0.988986703,0.010622026
6610,0.02038261,0.989190713,0.999776719,0.999471815,0.999176192,0.96962505,0.999778233,0.010911998,0.030477661,0.989085984,0.999776719
6611,0.020382509,0.010599224,0.999990819,0.999679759,0.021204097,0.999998991,0.97979325,0.010915933,0.030478468,0.989179211,0.999990819
6612,0.020382408,0.010600838,0.030283237,0.999077416,0.999380101,0.020499245,0.030387663,0.010916034,0.030582794,0.989584002,0.030283237
6613,0.020382106,0.010604369,0.030286162,0.999972052,2.15E-05,0.999668156,0.020289181,0.989685805,0.988783904,0.989686108,0.030286162
6614,0.020382005,0.010604773,0.999675723,0.999985976,0.999975382,0.999266695,0.021306304,0.989689437,0.988787738,0.011106221,0.999675723
6615,0.020381904,0.010616073,0.020205035,0.000819671,0.010301684,0.001018233,0.030480486,0.989693473,0.010209063,0.989889815,0.020205035
6616,0.020381399,0.989283435,0.020501464,0.999670981,0.000220859,0.020894551,0.03049108,0.989699829,0.988881268,0.000215512,0.020501464
6617,0.020381298,0.01069578,0.999988498,0.99937778,0.010898781,0.999073986,9.08E-07,0.989704067,0.01030915,0.978889432,0.999988498
6618,0.020381198,0.010719087,0.020599635,0.999972153,0.988891963,0.001128813,0.020400973,0.989787103,0.988978228,0.001029735,0.020599635
6619,0.020380996,0.989391494,0.01041842,0.03058915,0.989886586,0.999473227,0.999178008,0.989801229,0.989090524,0.030487145,0.01041842
6620,0.020380794,0.01081746,0.020694678,0.999374047,0.999769253,0.010610726,0.99926609,0.989889108,0.010497723,0.020298665,0.020694678
6621,0.020300986,0.01081978,0.968812643,0.999272143,0.989196565,0.989805063,0.001032963,0.989892438,0.010503474,0.999388072,0.968812643
6622,0.020300683,0.989482501,0.020696898,0.999574425,0.988778153,0.010719692,0.021191687,0.989899904,0.989190108,0.99958623,0.020696898
6623,0.020300179,0.010999474,0.999683391,0.998975714,1.51E-05,0.999893253,0.000814929,0.98990616,0.010604773,0.999779645,0.999683391
6624,0.020300078,0.0110024,0.010313993,0.989801229,0.999183457,0.030591874,0.030473827,0.030370813,0.010819881,0.999788827,0.010313993
6625,0.020299977,0.011004922,0.9797989,0.999976794,0.999183558,0.99967421,0.999669871,0.030376262,0.989587836,0.99998981,0.9797989
6626,0.020299775,0.01100694,0.020591967,0.011124685,0.999477061,0.01030915,0.021308826,3.03E-07,0.989599439,0.010300675,0.020591967
6627,0.020299674,0.011008958,0.020194643,0.000824514,0.989283435,0.999876,0.02099928,4.04E-07,0.011006537,0.989699728,0.020194643
6628,0.020299573,0.011009866,0.999785295,0.030574218,0.999587945,0.979191411,0.021193907,5.04E-07,0.011006739,0.011116109,0.999785295
6629,0.020299473,0.011013801,0.030385948,0.999567463,0.999579671,0.999184466,0.999785901,8.07E-07,0.011007647,1.21E-06,0.030385948
6630,0.020299271,0.01110612,0.010104535,0.999580277,0.999487554,0.999284957,0.03028021,2.12E-06,0.011013599,0.000521325,0.010104535
6631,0.020299069,0.011107634,0.999782168,1.11E-06,0.999673302,0.030387865,0.999673806,2.72E-06,0.01102601,0.000825927,0.999782168
6632,0.020298968,0.011113082,0.989906462,0.99947918,0.998875424,0.010392389,0.999795082,3.73E-06,0.989780243,0.000916833,0.989906462
6633,0.020298867,0.011118631,0.999379496,0.989796991,0.030287777,0.999874688,0.0206859,3.93E-06,0.989785994,0.979696088,0.999379496
6634,0.020298766,0.011120044,0.030386553,0.989905857,0.998877139,0.989801431,0.020792345,4.44E-06,0.98978781,0.999370617,0.030386553
6635,0.020298665,0.98979235,0.020706887,1.06E-05,0.999567564,0.999466164,0.010712831,6.05E-06,0.989794771,0.999379496,0.020706887
6636,0.020298565,0.989794771,0.010898781,0.020404101,0.021302874,0.999773289,0.021109357,7.57E-06,0.989805063,0.999381211,0.010898781
6637,0.020298363,0.011205603,0.999472117,0.99918154,0.98898075,0.020899697,0.010512555,8.07E-06,0.011225277,0.999488462,0.999472117
6638,0.020298262,0.011210042,0.03038393,0.020788107,0.999483317,0.010616376,0.020495512,9.08E-06,0.011225883,0.999673605,0.03038393
6639,0.02029806,1.61E-06,0.968796702,0.999781058,0.999379294,0.020589041,0.968704887,9.48E-06,0.989888604,0.999676026,0.968796702
6640,0.020297959,1.82E-06,0.010306325,0.000220859,0.999282132,0.999184869,0.968914951,9.59E-06,1.82E-06,0.021210958,0.010306325
6641,0.020297858,3.53E-06,1.31E-06,0.010696285,0.010305417,0.999785295,0.969011205,1.02E-05,7.57E-06,0.999971951,1.31E-06
6642,0.020297757,1.05E-05,0.02069599,0.000508309,0.999381614,0.999387164,0.020693569,1.08E-05,9.69E-06,0.999988094,0.02069599
6643,0.020297656,1.34E-05,1.41E-05,0.020397543,0.999888208,0.999075903,0.020181224,1.10E-05,1.45E-05,0.978687138,1.41E-05
6644,0.020297556,1.57E-05,0.999890024,0.020603267,0.999682181,1.02E-05,0.999780957,1.15E-05,1.65E-05,0.000411551,0.999890024
6645,0.020297455,1.63E-05,0.999378285,0.999579671,0.999580277,0.020704465,0.010917446,1.19E-05,0.978700759,0.979304111,0.999378285
6646,0.020297354,1.64E-05,0.999791349,0.010721609,0.988787335,0.999484124,1.61E-05,1.21E-05,0.978786217,0.000722307,0.999791349
6647,0.020297253,1.65E-05,0.989079527,0.021200768,0.999885484,0.020700833,0.030389983,1.41E-05,0.00030773,0.001024589,0.989079527
6648,0.020297152,1.73E-05,0.010200991,0.0305722,0.989882247,0.999278399,0.02061144,1.49E-05,0.000319938,0.020300986,0.010200991
6649,0.020297051,2.15E-05,0.999789634,0.999895271,0.99898207,0.010098683,0.001127098,1.50E-05,0.979001123,0.02069488,0.999789634
6650,0.02029695,2.19E-05,0.010805554,0.999175385,0.988872995,0.999485133,0.989783269,1.52E-05,0.000405497,0.999370314,0.010805554
6651,0.020296748,0.00020522,0.030377069,0.020283128,0.020885673,0.998975714,0.999073986,1.55E-05,0.000406203,0.020804755,0.030377069
6652,0.020296648,0.000208146,0.020897074,0.999487554,0.988979338,0.989579966,0.021199254,1.56E-05,0.000412963,0.999569178,0.020897074
6653,0.020296547,0.000208651,0.020485422,0.989895364,0.999474236,0.000813718,0.011111468,1.72E-05,0.97909092,0.999688941,0.020485422
6654,0.020296446,0.000216117,0.000217429,0.989590762,0.989800018,0.010209063,0.979001123,1.73E-05,0.00052304,0.02129571,0.000217429
6655,0.020296345,0.000217429,0.020893038,0.99978358,0.010523149,0.020395222,0.999475043,1.82E-05,0.000529194,0.988783299,0.020893038
6656,0.020296244,0.000406203,0.021007655,0.020184553,0.02069942,0.999876807,0.010898075,1.87E-05,0.979309458,0.010208861,0.021007655
6657,0.020296042,0.000420631,0.020791336,0.020600745,0.999472622,0.030383425,0.99947918,1.92E-05,0.000724224,0.0108108,0.020791336
6658,0.020295639,0.00042729,0.999483216,0.030381811,0.999576846,0.020885673,0.000718877,1.97E-05,0.000728765,0.989584405,0.999483216
6659,0.020295538,0.000515473,2.72E-06,0.020691046,0.999870047,0.999180531,0.02100937,2.22E-05,0.000819671,0.989689134,2.72E-06
6660,0.020295437,0.00052082,0.02080536,0.001128713,0.020397543,0.020503785,0.98897954,0.000103922,0.979592973,0.989694381,0.02080536
6661,0.020295235,0.000619596,0.999672192,0.000317012,0.988883689,0.02070164,0.011209134,0.000120872,0.001024185,0.98978226,0.999672192
6662,0.020295033,0.000820277,3.83E-06,0.999573012,0.010414182,0.999579671,0.020906659,0.000122587,0.001026203,0.00041932,3.83E-06
6663,0.020294932,0.979614363,0.999389989,0.999177907,0.999794376,0.01069578,0.99997861,0.000122789,0.001123163,0.000425979,0.999389989
6664,0.02029473,0.001112973,0.968601873,2.15E-05,0.999275977,0.96952476,0.978984879,0.000124504,0.968908292,0.998974806,0.968601873
6665,0.020294529,0.001115092,0.999997982,0.021197337,0.999686216,0.999682382,0.999481097,0.000126522,0.968999904,0.998980759,0.999997982
6666,0.020294428,0.001124879,0.999575333,0.030474231,0.989398254,0.010415696,0.010412467,0.000212384,0.969011205,0.999083066,0.999575333
6667,0.020293923,0.030268708,0.999181741,0.030276981,0.999575938,0.999972052,0.000519004,0.000217429,0.969110485,0.999084479,0.999181741
6668,0.020293822,0.030290703,0.010904734,0.999380101,0.999779544,0.99937435,0.020395424,0.000220859,0.030293023,0.999089523,0.010904734
6669,0.020293621,0.969312074,0.020890415,0.011124382,0.999982747,0.020281614,0.999264677,0.000225399,0.030382315,0.020492787,0.020890415
6670,0.02029352,0.030379188,0.020504592,0.030576437,0.999895271,0.999769455,0.021116319,0.000226408,0.030385746,0.999384641,0.020504592
6671,0.020293419,0.030379995,0.999576644,0.010519416,0.999679255,0.999981032,0.02119542,0.000231554,0.030485027,0.99947353,0.999576644
6672,0.020293015,0.030381206,0.020191515,0.999682181,0.999068335,0.020899092,0.989184054,0.000304905,0.969517092,0.99958179,0.020191515
6673,0.020292713,0.03038625,0.999992736,0.998875929,0.989805164,0.999985168,0.020698613,0.000307225,0.03058804,0.999681676,0.999992736
6674,0.020292612,0.030392102,0.020704162,0.020607202,0.020404101,0.999779443,0.999368397,0.000313178,0.969608301,0.99978802,0.020704162
6675,0.020292511,0.030487448,0.999993543,1.74E-05,0.999687024,0.020795674,0.021114704,0.000317012,0.96961718,0.99979488,0.999993543
6676,0.020292309,0.030493401,0.010910283,0.999988902,0.011124382,0.999681474,0.021298737,0.000323167,0.96962172,0.999889116,0.010910283
6677,0.020292006,0.030493804,0.020489861,0.010709502,0.010800408,0.020381198,0.999997074,0.978995372,0.020198073,0.989191924,0.020489861
6678,0.020291704,0.030495116,0.020996859,0.021297223,0.999780654,0.030590058,0.011022478,0.000412762,0.0202913,0.010597508,0.020996859
6679,0.0202913,0.030497235,0.999270933,0.999286672,0.999587844,0.999470301,0.030387158,0.000412862,0.99897309,0.011014507,0.999270933
6680,0.020291098,0.030591471,0.998864023,0.999381614,0.030483311,0.999683492,0.02059227,0.000416797,0.998975714,0.989887696,0.998864023
6681,0.020290997,0.030593388,0.001124576,0.011201567,0.998860895,0.020610128,0.999982747,0.000423456,0.020382106,1.01E-05,0.001124576
6682,0.020290896,0.030595204,0.010408431,0.021302874,0.999986884,0.999279004,0.020498639,0.000429308,0.020387554,0.979001426,0.010408431
6683,0.020290796,0.020205035,0.010599224,0.020907466,0.999381917,0.020896973,0.99958068,0.000508511,0.020392094,0.97969185,0.010599224
6684,0.020290594,0.020206246,0.010809892,0.02028343,0.999684501,0.999285865,0.030575529,0.000508612,0.999085185,0.001119531,0.010809892
6685,0.020290493,0.020285347,0.99937102,0.999972557,0.000726343,0.999272143,0.968812643,0.000515473,0.999165699,0.969300067,0.99937102
6686,0.020290392,0.998979346,0.999480895,0.989800018,0.000508309,0.020602158,0.02099242,0.00052304,0.999176293,0.020297556,0.999480895
6687,0.020290291,0.020384224,0.999772179,0.989895061,0.030274459,0.01009152,0.020998675,0.000605572,0.999182246,0.999087405,0.999772179
6688,0.02029019,0.02039391,0.01061799,0.99926609,0.000623733,0.999178614,0.969001014,0.000607388,0.020585308,0.999181439,0.01061799
6689,0.020289888,0.020396332,0.000625448,0.999687427,0.999286672,0.999994047,0.030485531,0.000616368,0.020595398,0.999265585,0.000625448
6690,0.020289787,0.999063089,0.020289888,0.030590563,0.988879149,0.969422755,0.979208765,0.000617578,0.020602763,0.99928193,0.020289888
6691,0.020289686,0.020499547,0.000710906,0.999477061,0.999578662,0.999487857,0.020290493,0.000719281,0.020603267,0.99928415,0.000710906
6692,0.020289484,0.020504895,0.001023479,0.999282636,0.999264677,0.020288071,0.999279912,0.000720592,0.02061144,0.020803342,0.001023479
6693,0.020289282,0.020584097,0.998973898,0.030382416,0.99988387,0.020999079,0.999979317,0.000723417,0.999264879,0.999475749,0.998973898
6694,0.020289181,0.020594086,0.020506408,0.030279302,0.999272143,0.02068812,1.41E-05,0.000729168,0.999269924,0.999675017,0.020506408
6695,0.02028908,0.020597718,0.999368599,0.999481299,0.998975714,0.030291308,0.010698605,0.979404401,0.999272143,0.999681071,0.999368599
6696,0.020288979,0.020605487,0.02079295,0.000217429,0.999870955,0.02079073,0.010105645,0.000807665,0.999272547,0.999689243,0.02079295
6697,0.020288879,0.020613761,0.021010782,0.99967532,0.999882256,1.34E-05,0.030280916,0.000810591,0.99928637,0.999793165,0.021010782
6698,0.020288677,0.999272547,0.020396332,0.020601754,0.000728563,0.999778939,0.02131145,0.000810691,0.999286672,0.999793569,0.020396332
6699,0.020288576,0.999278096,0.999682382,0.030597323,0.000216117,0.999369608,0.020505702,0.000813718,0.02069599,0.999879229,0.999682382
6700,0.020288273,0.99928304,0.989479172,0.020406119,0.999887603,0.010817661,0.99928082,0.000818965,0.020704465,0.999893152,0.989479172
6701,0.020288172,0.99928415,0.999876908,0.01061123,0.999793569,0.020895157,0.020593279,0.000820277,0.999374955,0.021297022,0.999876908
6702,0.020288071,0.020704263,0.000121982,0.999282031,0.021096543,0.989805164,0.999385953,0.000827541,0.999379697,0.010598114,0.000121982
6703,0.020287769,0.99937546,0.030288382,0.011118026,0.999782975,1.28E-05,0.999773592,0.000912595,0.020792345,0.989495012,0.030288382
6704,0.020287668,0.999384944,0.030585014,0.030287777,0.999586532,0.020693367,0.9697209,0.000923593,0.020793354,0.989694784,0.030585014
6705,0.020287567,0.999386256,0.020184654,0.98958834,0.999972153,0.020703456,0.010609717,0.00093449,0.020794161,0.000322259,0.020184654
6706,0.020287365,0.020786291,0.999271942,0.000923593,0.011209739,0.010607295,0.969013424,0.979590955,0.020803342,0.979193227,0.999271942
6707,0.020287264,0.020788107,0.030277284,0.021100882,0.020292006,0.000915925,0.989702957,0.979606695,0.020805764,0.979194842,0.030277284
6708,0.020287163,0.020789217,0.000715749,0.998863922,0.99998981,0.999182246,0.030476753,0.001009556,0.020811515,0.000807665,0.000715749
6709,0.020286962,0.020789621,0.020898991,0.020184654,0.999972557,0.020988888,0.969515881,0.001015609,0.999467375,0.999067528,0.020898991
6710,0.020286558,0.020798701,0.999181842,0.998860895,0.989895061,0.999685308,0.021093718,0.001016719,0.999479987,0.020583593,0.999181842
6711,0.020286356,0.020798802,0.999584918,0.989886081,0.030270625,0.999981637,0.020388159,0.001024791,0.020898991,0.999271841,0.999584918
6712,0.020286255,0.020799508,0.99998083,0.010800408,0.020582988,0.999873175,0.968693991,0.001034376,0.020902018,0.020690743,0.99998083
6713,0.020285852,0.020809699,0.03029151,0.98949582,0.021297223,9.08E-06,0.020805966,0.001036394,0.999573517,0.020693468,0.03029151
6714,0.020285448,0.020892937,0.999574223,0.02131266,1.41E-05,0.010615468,0.999775811,0.001036495,0.999577351,0.999366581,0.999574223
6715,0.020285347,0.020893946,0.999167313,0.010908164,0.030474231,0.999775509,0.020610128,0.001038311,0.999584817,0.999794073,0.999167313
6716,0.020285045,0.020895056,0.00052304,0.989697206,0.999791954,0.979692859,0.010291595,0.979705976,0.020989292,0.999893253,0.00052304
6717,0.020284641,0.020895157,0.020588133,0.999472723,0.999994552,0.020607202,0.99937778,0.00111146,0.020990301,0.999974978,0.020588133
6718,0.020284338,0.020896065,0.030596717,0.989903032,0.011204392,0.001026405,0.021297324,0.001112771,0.02099918,0.010601141,0.030596717
6719,0.020284237,0.020899092,0.000830971,1.21E-05,0.011216398,0.010192919,0.001019847,0.001115596,0.021004628,0.010898882,0.000830971
6720,0.020284137,0.999569683,0.001128813,0.020694577,0.000723417,0.999974474,0.989176184,0.001118119,0.021005435,0.989699829,0.001128813
6721,0.020283834,0.030376363,1.52E-05,0.010405001,0.020197669,0.99917932,0.97960165,0.001119531,0.999670275,0.989781756,1.52E-05
6722,0.020283733,0.020994337,0.999581286,0.999986884,0.020609018,0.999882256,0.02038372,0.001124576,0.999685308,0.989798505,0.999581286
6723,0.020283531,0.020994538,0.03049552,0.020688927,0.999873276,7.37E-06,0.020904439,0.001126089,0.999690252,0.011200154,0.03049552
6724,0.02028343,0.021000289,0.999179421,0.0011273,0.030490878,0.020588839,0.01102601,0.001128511,0.021087564,0.011215894,0.999179421
6725,0.020283128,0.021007655,0.02029352,0.020609018,0.010519416,0.0204942,0.011220434,0.979796983,0.021090792,7.06E-06,0.02029352
6726,0.020282825,0.021008361,0.99998194,0.999687024,0.000807766,0.999671486,0.968700145,0.97980566,0.021096644,0.978783089,0.99998194
6727,0.020282623,0.999668055,0.010816753,0.999894968,0.000313178,0.988982365,0.999365673,0.969207849,0.021100882,0.000420833,0.010816753
6728,0.02028232,0.999671789,0.999487958,0.989388972,0.010908164,0.010311975,0.030391396,0.030268708,0.021102597,0.000614249,0.999487958
6729,0.02028222,0.999672898,0.999576039,0.030288584,0.011118026,0.020493998,0.999971951,0.030268909,0.021114704,0.979296947,0.999576039
6730,0.020282018,0.999674311,0.010912704,0.999474236,0.999979317,0.020298766,0.000108059,0.030270019,0.999772381,0.000725536,0.010912704
6731,0.020281917,0.999682181,0.020507014,0.020197669,0.989295644,0.989699224,4.04E-07,0.030271028,0.999775811,0.979503479,0.020507014
6732,0.020281715,0.021087967,0.999366985,0.020198073,0.021297425,0.999570288,0.020812524,0.969217333,0.999789937,0.979699518,0.999366985
6733,0.020281614,0.021090893,0.9993687,0.000807766,0.999784387,0.000311059,0.999789331,0.030277486,0.021189972,0.999283645,0.9993687
6734,0.020281412,0.021093617,0.999873175,0.011204392,0.999385045,0.000807766,0.999369608,0.030278394,0.021201171,0.999690757,0.999873175
6735,0.020281211,0.021096442,0.999985168,0.999774197,0.999285865,0.020381298,0.030572402,0.030278898,0.021201979,0.010299767,0.999985168
6736,0.020280908,0.021100579,0.999681575,0.999885484,0.999174881,0.010798592,0.020688322,0.030280815,0.021214187,0.989079426,0.999681575
6737,0.020280706,0.021103909,0.979610327,0.999892648,0.998962597,0.989586827,0.020188589,0.969221369,0.999871056,0.989579159,0.979610327
6738,0.020280605,0.021110467,0.021007251,0.00030773,0.999083066,2.72E-06,0.020192625,0.030283237,0.999882155,0.01121549,0.021007251
6739,0.020280403,0.021115713,0.010700825,0.020286558,0.999778939,0.010701027,0.020887993,0.030283842,0.99988619,5.35E-06,0.010700825
6740,0.020280303,0.999772381,0.020199385,0.989881743,0.99979034,0.020789721,0.02079749,0.030284044,0.999887401,0.000424062,0.020199385
6741,0.020280101,0.999780856,0.999171652,0.999780654,1.68E-05,0.000710099,0.988891862,0.03028475,0.999892042,0.000713832,0.999171652
6742,0.02028,0.999786506,0.020785787,0.010606185,0.999387164,0.999276986,0.030482202,0.030285355,0.021297425,0.000828348,0.020785787
6743,0.020206346,0.999792963,0.999884576,0.999984967,0.999569279,0.999473832,0.999567665,0.030286162,0.021309129,0.030379188,0.999884576
6744,0.020206246,0.999793972,5.65E-06,0.999385045,0.99937657,0.999880742,0.999682181,0.030287171,0.021312055,0.969515881,5.65E-06
6745,0.020206145,0.021189165,0.030389075,0.020199486,0.000813113,0.999284654,0.989091634,0.030287272,0.999973364,0.999472016,0.030389075
6746,0.020205943,0.021192797,0.000912595,0.99907116,0.021319017,0.999892849,0.030473424,0.030287474,0.999975483,0.999482005,0.000912595
6747,0.020205035,0.021200162,0.030491484,0.999587844,0.998978942,0.010613752,0.979508121,0.030287979,0.999978509,0.999483821,0.030491484
6748,0.020204934,0.021202584,0.999371929,0.999389989,0.030490979,0.010495907,0.020903027,0.030289896,0.999984462,0.020996556,0.999371929
6749,0.020204833,0.021204299,0.020903027,0.999070051,0.999472723,0.021003114,0.021294197,0.030291005,0.999988195,0.999683593,0.020903027
6750,0.020204732,0.021208133,0.020485019,0.999889722,0.011013398,0.999876706,0.010395617,0.030291308,0.999994047,0.999777022,0.020485019
6751,0.020204429,0.021208436,0.999379697,0.010307032,1.74E-05,0.989792047,0.010901606,0.03029151,0.030576437,0.999781562,0.999379697
6752,0.020204127,0.021208738,0.020805562,0.000117644,0.030370713,0.999273556,0.969219452,0.030293023,0.030578254,0.999888713,0.020805562
6753,0.020204026,0.021214994,0.999469898,0.999285865,0.999685208,0.99999213,0.020180416,0.030372125,0.030584105,0.989074684,0.999469898
6754,0.020203925,0.021215801,0.010594482,0.020988888,0.999889722,0.030271028,0.020388563,0.030372932,0.01009606,0.010805554,0.010594482
6755,0.020203824,0.999892042,0.999087707,0.021098057,0.010498329,0.030479175,0.020282825,0.030374244,0.010107663,0.011225883,0.999087707
6756,0.020203421,0.999892244,0.0102922,0.98929978,0.010709502,0.999482005,0.021003316,0.030374547,0.98878572,0.000310151,0.0102922
6757,0.020203118,0.999894968,0.98928848,0.999083066,0.999375964,0.020901917,0.000304501,0.030376464,0.988888331,0.978995372,0.98928848
6758,0.020202714,0.021290867,0.000205826,0.988891963,0.988888431,0.02060014,0.030593791,0.030377876,0.01039925,0.96900162,0.000205826
6759,0.020202512,0.021294197,0.999184768,0.989283435,1.11E-06,0.999273758,0.999373139,0.030378683,0.010417613,0.969221369,0.999184768
6760,0.020202311,0.021295306,0.99967421,0.98898075,0.020992319,0.969211885,0.021194109,0.030379793,0.010594482,0.969507608,0.99967421
6761,0.020202008,0.021300755,0.96922147,0.999586028,0.010307032,0.999777224,0.021320732,0.030380499,0.010596903,0.998863619,0.96922147
6762,0.020201907,0.021305093,0.999992534,1.68E-05,0.989898592,0.999887401,0.011209739,0.030383223,0.010600838,0.999266392,0.999992534
6763,0.020201806,0.021306304,0.999998285,0.020886782,0.999479281,0.999387971,0.999487554,0.030383425,0.010601948,0.020686203,0.999998285
6764,0.020201705,0.021309835,0.000122587,0.011113082,0.010696285,0.999882155,0.999872973,0.030383526,0.010609717,0.02069145,0.000122587
6765,0.020201604,0.021310743,0.999275876,0.021323053,0.999282636,0.021003215,0.020996052,0.030385443,0.010613752,0.99937213,0.999275876
6766,0.020201503,0.021312963,0.999688033,0.999480693,0.020198073,0.010703751,0.001128713,0.030386452,0.010616376,0.999486142,0.999688033
6767,0.020201403,0.02131377,0.99987146,0.999576846,0.020286558,0.020792446,0.020685093,0.030386553,0.010616779,0.999586633,0.99987146
6768,0.020201201,0.021314678,0.020889809,0.999870047,0.988980145,0.020885774,0.021307414,0.030386856,0.989289691,0.021190577,0.020889809
6769,0.020200999,0.021315687,0.999991928,0.99998981,0.999573012,0.99968319,0.968602983,0.030387461,0.010700825,0.030473121,0.999991928
6770,0.020200898,0.021316494,0.000423356,0.988778153,0.999282031,0.999878825,0.020284338,0.030387562,0.010704054,0.989279803,0.000423356
6771,0.020200797,0.021323557,0.999271134,0.988787335,0.98949582,0.999176999,0.989893749,0.030387865,0.010706677,0.000305308,0.999271134
6772,0.020200595,0.999978913,0.999570086,0.988872995,0.989689134,0.999988195,0.979197868,0.030388672,0.010708997,0.000309849,0.999570086
6773,0.020200394,0.999979014,0.020804755,0.988877131,0.989289287,0.989585515,0.020597617,0.030388975,0.989397951,0.978996684,0.020804755
6774,0.020200091,0.030578758,0.999893657,0.988883689,1.06E-05,0.030486136,0.011108037,0.030389075,0.98939896,0.979102825,0.999893657
6775,0.02019999,0.030580675,0.001033569,0.988979338,1.85E-05,0.020787603,0.020995043,0.030389983,0.010815946,0.00111146,0.001033569
6776,0.020199788,0.030588444,0.010092226,0.999873276,0.011023588,0.998962597,0.999977097,0.0303918,0.989479374,0.968997483,0.010092226
6777,0.020199687,0.010098482,0.020194441,0.999874991,0.988992454,0.010898882,0.020896065,0.969409336,0.98948119,0.969508415,0.020194441
6778,0.020199586,0.010104233,0.999772986,0.000409634,0.989092744,0.999367388,0.03038504,0.030472616,0.010916034,0.999074793,0.999772986
6779,0.020199486,0.010192314,0.999184062,0.021289354,0.999874991,0.999670376,0.969403384,0.030473323,0.010998768,0.999075701,0.999184062
6780,0.020199385,0.010192718,0.999475649,0.000228325,0.999687427,0.999987489,2.15E-05,0.030473625,0.01101027,0.999270933,0.999475649
6781,0.020199183,0.03027577,0.999876504,0.011002198,0.998875929,0.010493889,0.030384636,0.030473827,0.011023184,0.999274464,0.999876504
6782,0.020198981,0.010297245,0.999064501,0.999872368,0.020383619,0.969511543,0.979590955,0.969413675,0.011026413,0.999575736,0.999064501
6783,0.020198779,0.010307032,0.999670376,0.999990112,0.98978216,0.999569582,0.020382106,0.969414179,0.989694078,0.021200162,0.999670376
6784,0.020198678,0.988976715,0.010702742,0.001025194,0.000923593,0.999182347,0.02119653,0.030475643,0.989702049,0.999974474,0.010702742
6785,0.020198578,0.010415696,0.030377876,0.021300351,0.020897074,0.999975886,0.030479982,0.030477459,0.011103295,0.999997074,0.030377876
6786,0.020198174,0.01060558,0.999383531,0.010715757,0.998863922,0.010193121,0.010815946,0.030477762,0.989783269,0.010090814,0.999383531
6787,0.020198073,0.010606387,0.999172459,0.999270428,0.989881743,0.000715648,0.030588948,0.030479175,0.989785086,0.010206237,0.999172459
6788,0.020197972,0.01062253,0.020893139,0.999387769,0.99926609,1.31E-06,0.020794161,0.03047978,0.011201567,0.988874609,0.020893139
6789,0.020197871,0.98928283,0.020798499,0.0209,0.999389989,0.020888296,0.99997296,0.030481596,0.011204392,0.01081978,0.020798499
6790,0.02019777,0.010701632,0.999686418,0.020998776,0.989685199,1.86E-05,0.010305115,0.030481193,0.011220434,0.01102601,0.999686418
6791,0.020197669,0.010713235,0.02100039,0.999791854,0.020987072,0.999686418,0.01121317,0.030482302,0.989885678,0.989685502,0.02100039
6792,0.020197569,0.989398859,0.020195551,0.989699224,0.030279302,0.020585106,0.021192595,0.969423462,0.030370511,0.011121658,0.020195551
6793,0.020197367,0.98939896,0.030377674,0.989685199,0.000208146,0.030272138,0.99999324,0.030483311,2.02E-06,1.77E-05,0.030377674
6794,0.020197266,0.010805554,0.968801747,0.020992319,0.999480693,0.010610423,0.011215591,0.030483513,4.14E-06,0.000216924,0.968801747
6795,0.020197064,0.010806462,0.999382623,1.76E-05,2.72E-06,0.999381514,0.030582693,0.03048543,7.37E-06,0.000424264,0.999382623
6796,0.020196862,0.01090766,0.000820277,0.999884173,0.999774298,0.989583497,0.99926952,0.030486136,1.77E-05,0.000528085,0.000820277
6797,0.020196761,0.011014507,6.96E-06,0.030483311,0.999469595,0.99917145,0.021115007,0.030486843,0.978694201,0.979198877,6.96E-06
6798,0.020196661,0.011020158,0.020196761,0.030490979,0.010201495,0.00072715,0.030268909,0.030487347,0.000108361,0.979490262,0.020196761
6799,0.02019656,0.011025001,0.020296648,0.999573618,0.020688927,0.010696285,0.020785787,0.030490172,0.000208146,0.9697209,0.020296648
6800,0.020196459,0.989682274,0.999984866,0.01041842,0.999586028,0.999478575,0.968703273,0.030490677,0.000304098,0.999085588,0.999984866
6801,0.020196358,0.989698719,0.999875798,0.021108651,0.999971245,0.010519416,0.999269217,0.030490878,0.000320846,0.020807479,0.999875798
6802,0.020196257,0.989699829,0.020406219,0.99979034,0.989297157,0.010600838,0.99957049,0.030491181,0.000416797,0.999687326,0.020406219
6803,0.020195752,0.011107129,0.010916236,0.000914109,0.999973969,0.999485335,0.010618293,0.030491484,0.000619596,0.999776921,0.010916236
6804,0.020195551,0.011107835,0.999279509,0.999778939,0.000409634,0.999795385,0.020401276,0.030491787,0.000722307,0.999792963,0.999279509
6805,0.020195349,0.011108138,0.999983453,1.63E-05,0.021090086,0.010307032,0.011105212,0.030492493,0.000810187,0.999876,0.999983453
6806,0.020194945,0.011121456,0.010305417,0.01080404,0.021096241,0.999375763,0.000813718,0.030495116,0.000813718,0.988891559,0.010305417
6807,0.020194844,0.011124382,0.99988165,0.010507712,0.989586827,0.020290896,0.00102025,0.03049552,0.000814929,0.010395617,0.99988165
6808,0.020194643,0.011207621,0.030274257,0.999772482,0.989094762,0.010615165,0.021310542,0.030496024,0.000820983,0.010498329,0.030274257
6809,0.020194441,0.011208529,0.021004325,0.000208146,0.999180934,0.999180732,0.030482807,0.030497033,0.000912999,0.9894936,0.021004325
6810,0.020194138,0.011211858,0.999180127,0.999871863,0.999278096,0.999181439,0.011016929,0.030571191,0.97960165,0.000720693,0.999180127
6811,0.020193533,0.011216398,0.001009253,0.999387164,0.000819671,0.999277491,0.999774601,0.030573915,0.979700023,0.020281917,0.001009253
6812,0.020193432,0.011219022,0.99977571,0.00112841,0.989187383,0.020292006,0.999367893,0.969517597,0.001112973,0.99906662,0.99977571
6813,0.02019323,0.98990172,0.010615468,0.000516583,0.999871863,0.999577048,0.021111879,0.030578052,0.001124879,0.999274161,0.010615468
6814,0.020193028,0.030376262,0.020486229,0.000726343,0.001133757,0.020286255,0.02100039,0.969521229,0.001127401,0.999678649,0.020486229
6815,0.020192625,2.22E-06,0.999569885,0.021290766,0.99978358,0.010507207,0.999977198,0.030585014,0.979800313,0.999887502,0.999569885
6816,0.020192524,1.21E-05,2.03E-05,0.000930757,0.999884576,0.989398759,0.979296039,0.030585114,0.968706603,0.999891336,2.03E-05
6817,0.020192019,1.29E-05,0.000908459,0.999686822,0.999882457,0.030491787,0.021191889,0.03058572,0.968802049,0.030480688,0.000908459
6818,0.020191818,1.30E-05,0.999794376,0.998975815,0.021290766,0.999365774,0.999881146,0.030585922,0.968898908,0.988976816,0.999794376
6819,0.020191717,1.86E-05,0.999284453,0.999375561,0.020603267,0.020988586,0.999972758,0.030586527,0.968903953,0.010515582,0.999284453
6820,0.020191515,0.000205826,0.999887199,0.000125513,0.988973082,0.999978509,0.000933582,0.030588141,0.968908796,0.010604773,0.999887199
6821,0.020191111,0.00041932,0.999470907,0.021188358,0.999374047,0.999365976,0.021214691,0.030587536,0.969217838,0.989285151,0.999470907
6822,0.020190607,0.000507805,0.999779141,0.030270625,0.98889166,0.000216117,0.030475038,0.030589352,0.030287777,0.989682677,0.999779141
6823,0.020190304,0.000612735,0.999185273,0.020582988,0.999668156,0.020811515,0.9890878,0.030590058,0.030289795,1.59E-05,0.999185273
6824,0.020190203,0.000720895,5.04E-06,0.021308322,0.011015516,0.999872368,0.969304406,0.030590966,0.969308946,0.979603971,5.04E-06
6825,0.020190102,0.000823606,0.989599237,0.998962597,0.988890449,0.999880339,0.030275569,0.030591067,0.969418619,0.001021058,0.989599237
6826,0.0201898,0.000928436,0.969221066,0.99937657,0.989075592,0.000715749,1.34E-05,0.030593186,0.030482403,0.979798698,0.969221066
6827,0.020189093,0.001123163,0.999286571,0.000728563,0.98888712,0.000508309,0.999689748,0.030594296,0.030488053,0.030388066,0.999286571
6828,0.020188993,0.030268909,0.00011613,0.999479281,0.99968773,0.000117644,0.030280109,0.030596717,0.030489567,0.030484018,0.00011613
6829,0.020188589,0.030283438,0.020908273,0.011200356,0.988892467,0.020896166,0.000525663,0.020180114,0.030494208,0.998977631,0.020908273
6830,0.020188488,0.030373033,0.999671688,0.020498337,0.988876223,0.98918698,0.999675723,0.020180921,0.030586123,0.999071867,0.999671688
6831,0.020188286,0.030385746,0.020891928,0.021319017,0.001016719,0.00021531,0.011107129,0.020183141,0.969602449,0.999175385,0.020891928
6832,0.020187076,0.030385948,0.999281022,0.00111943,0.001128914,0.999995359,0.968700751,0.020189093,0.969717772,0.020597718,0.999281022
6833,0.020186874,0.030390185,0.010393902,0.999180934,0.001128713,0.02019323,0.969310056,0.020191515,0.020194138,0.999273859,0.010393902
6834,0.020186773,0.030483009,1.37E-05,0.010616779,0.988884698,0.999268915,0.999983251,0.020194441,0.020204026,0.020805158,1.37E-05
6835,0.020186571,0.030483412,0.999466164,0.999978913,0.03047635,0.999781865,0.020811515,0.020195752,0.998864023,0.999674311,0.999466164
6836,0.02018647,0.030492493,0.000412862,0.03047635,0.999690555,0.010501154,0.020897376,0.020196862,0.998874617,0.021106633,0.000412862
6837,0.020185966,0.030494208,0.99958512,0.999368902,0.999985976,0.999484628,0.02111531,0.020197871,0.020280303,0.999788726,0.99958512
6838,0.020185562,0.969511543,0.999875193,0.000723417,0.000228325,0.020891424,0.021297022,0.020199385,0.020296648,0.999994552,0.999875193
6839,0.020185159,0.030590058,0.999971548,0.030370713,0.000623935,0.999274565,0.969096663,0.020199788,0.998962194,0.011117017,0.999971548
6840,0.020184654,0.030594901,0.999582799,0.001128914,0.999682282,0.999476456,0.020391388,0.020200797,0.99898207,0.989800018,0.999582799
6841,0.020184553,0.030596717,0.999685308,0.99989063,0.010710713,0.020890415,0.999567564,0.020201403,0.020393809,0.000315801,0.999685308
6842,0.020184049,0.020184553,0.010199074,0.00021531,0.999998789,0.999674513,0.978890643,0.020202311,0.020395424,0.978998702,0.010199074
6843,0.020183948,0.020202714,0.01070143,0.999690555,0.999077416,0.999888612,0.03058007,0.020202512,0.020397643,0.999182145,0.01070143
6844,0.020183645,0.99886372,0.020902522,0.030274459,1.21E-05,0.998872296,0.979604677,0.020202714,0.020403294,0.020597214,0.020902522
6845,0.020183544,0.998864023,0.001112771,0.999884475,0.020601754,0.999079938,0.968801343,0.020203925,0.03026901,0.999268814,0.001112771
6846,0.020183141,0.020288071,0.030388975,0.000827743,0.010616779,0.999778435,0.998860895,0.020206246,0.999073986,0.020797289,0.030388975
6847,0.02018304,0.02028908,0.999793569,0.011013599,0.989281115,0.969422251,0.030584408,0.998869471,0.020494604,0.999485435,0.999793569
6848,0.020182939,0.998975815,0.000917741,0.021096543,0.999070051,0.001009253,0.9694052,0.020280303,0.030277385,0.999580983,0.000917741
6849,0.020182838,0.99898207,0.999183658,0.020885673,0.999976794,0.00111146,0.020588032,0.020284237,0.020507014,0.999789432,0.999183658
6850,0.020182636,0.020382408,0.020886682,9.99E-06,0.999892648,0.999481198,0.99927961,0.020288172,0.999176192,0.999871359,0.020886682
6851,0.020182535,0.020397643,0.999769253,0.999668358,0.999270428,1.76E-05,0.999770666,0.020288879,0.020596709,0.999886695,0.999769253
6852,0.020182434,0.020400166,0.999888915,0.999889823,0.999972052,0.999579369,0.000319938,0.020289888,0.99926609,0.999975785,0.999888915
6853,0.020182132,0.020402083,0.001036394,0.999882861,0.999275069,0.999684501,0.99987822,0.020290392,0.999270529,0.999977198,0.001036394
6854,0.020181829,0.020405412,0.999283746,0.030490878,0.01060215,0.020381904,0.000213494,0.020290493,0.999270832,0.999996267,0.999283746
6855,0.020181728,0.999066519,0.020796885,0.021307111,0.03058915,0.999886392,0.999383935,0.020290896,0.999375763,0.988975605,0.020796885
6856,0.020181425,0.999075903,0.000204312,0.000820478,0.999668358,0.001036394,0.99968773,0.020292713,0.999379798,0.01071949,0.000204312
6857,0.020181224,0.999077416,0.010522442,0.999278096,0.03047645,0.010522644,0.020297556,0.020296345,0.999379899,0.989701242,0.010522442
6858,0.020180921,0.020483001,0.010703953,0.011023588,1.28E-05,0.99936981,0.021316192,0.020296446,0.999382119,0.989889714,0.010703953
6859,0.02018082,0.020485523,0.000307225,0.020810607,0.020988888,0.000316205,0.021306708,0.020296547,0.999382724,0.978904668,0.000307225
6860,0.020180618,0.020490467,0.999569784,0.999275069,0.999990213,0.020499951,0.000716758,0.020296648,0.020788309,0.978905273,0.999569784
6861,0.020180517,0.020490971,0.020988384,0.999886291,0.99989063,4.94E-06,0.999679255,0.02029695,0.999467678,0.000415082,0.020988384
6862,0.020180416,0.020492586,0.999996973,0.020696898,0.000827743,0.999366783,0.021216709,0.020299069,0.999471108,0.979390376,0.999996973
6863,0.020180114,0.020590151,0.010209365,0.001133757,0.020694577,0.999679658,0.979392091,0.998973494,0.999471209,0.001125585,0.010209365
6864,0.020179609,0.020600846,0.999475144,0.999486848,0.0007215,0.010308949,0.011108239,0.998977227,0.020886278,0.03028364,0.999475144
6865,0.020179307,0.020604176,0.979090415,0.030382921,0.999886291,0.989687217,0.03049219,0.998981061,0.020888699,0.999182649,0.979090415
6866,0.011225883,0.999268612,0.999998991,0.999884576,0.020604983,0.020195551,0.020507014,0.020382408,0.020891928,0.020588032,0.999998991
6867,0.011225277,0.999276482,0.99937435,0.99968773,0.010916841,0.020585308,0.968697522,0.020382812,0.020903531,0.999573517,0.99937435
6868,0.011224874,0.99927961,0.99958401,0.020894047,0.000117644,0.999690252,0.02118866,0.020384426,0.999572205,0.999581588,0.99958401
6869,0.011224773,0.999280619,0.020702145,0.020692761,0.999974474,0.969217333,0.969611126,0.02038715,0.999573618,0.999671082,0.020702145
6870,0.011224571,0.020688423,0.999991323,0.999682282,0.021098057,0.010703145,0.021097855,0.020389774,0.999578259,0.999884374,0.999991323
6871,0.01122447,0.020695788,0.999388879,0.021118437,0.020184654,0.999279307,0.021204299,0.020390984,0.030374849,0.010293613,0.999388879
6872,0.011224268,0.020698815,0.979293113,0.020989594,0.000125513,0.010100096,0.03028818,0.020393002,0.020993025,0.988974798,0.979293113
6873,0.011223461,0.020700026,0.999480189,0.021297425,0.02131266,0.988976513,0.998970366,0.02039391,0.030377069,0.98898408,0.999480189
6874,0.01122336,0.020700429,0.999371424,2.72E-06,1.63E-05,0.020695082,0.968802655,0.020394919,0.02099928,0.989288178,0.999371424
6875,0.011223259,0.020709005,0.010194332,0.999774298,0.001009253,0.969413372,0.999381917,0.020395222,0.021001803,1.44E-05,0.010194332
6876,0.011223057,0.999371929,0.01050751,0.020202512,0.999686822,0.99918275,0.020895157,0.020396534,0.999667854,0.000407111,0.01050751
6877,0.011222957,0.999377579,0.999675824,0.98889166,0.999872368,0.999785497,0.020902926,0.020400569,0.021088976,0.979108576,0.999675824
6878,0.011222755,0.99937768,0.020591866,0.988892467,0.999990112,0.999376469,0.021105725,0.020402083,0.02109059,0.001022672,0.020591866
6879,0.011222553,0.999379294,6.36E-06,0.000316407,0.0011273,0.020798701,0.011214481,0.020402385,0.021105624,0.020288576,6.36E-06
6880,0.011222149,0.999379899,0.999886392,1.85E-05,0.989699224,0.999486041,0.020801627,0.020403092,0.021106532,0.999086496,0.999886392
6881,0.011222049,0.999382119,0.999770363,0.999584817,0.999791854,0.020202512,0.989789323,0.020403899,0.999770666,0.999180329,0.999770363
6882,0.011221847,0.999384742,0.010192718,0.999484124,0.00030773,0.999371626,0.979701435,0.020404101,0.999771977,0.020611944,0.010192718
6883,0.011221746,0.999389182,0.030273853,0.021090086,0.00021531,0.999266796,0.020807277,0.020406119,0.999777022,0.999386558,0.030273853
6884,0.011221544,0.999470099,0.020898385,0.021096241,9.99E-06,0.020896367,0.021211664,0.020406219,0.999779948,0.999482812,0.020898385
6885,0.011221241,0.99947131,0.999668055,0.989295644,0.999884475,0.999981738,0.999575938,0.020407027,0.999786506,0.021117227,0.999668055
6886,0.011220838,0.999472016,0.020199183,0.999375964,0.998975815,0.999688941,0.988778456,0.999064501,0.999794376,0.999894968,0.020199183
6887,0.011220434,0.999472218,0.99977904,0.989898592,0.999368902,0.999996973,0.979494096,0.030268607,0.021196026,0.021291876,0.99977904
6888,0.011220333,0.999474438,0.010308545,0.988973082,0.020696898,0.999893051,0.030589655,0.999066519,0.021197136,0.999980325,0.010308545
6889,0.011220132,0.999475649,0.020494099,0.98888712,0.000914109,0.020504189,0.979195043,0.999069344,0.021204703,0.999982242,0.020494099
6890,0.011219829,0.999483619,2.12E-06,1.64E-05,0.020810607,0.999471007,0.010093033,0.999071665,0.999881448,0.999990819,2.12E-06
6891,0.011219627,0.999487554,0.99989517,0.000814626,0.020998776,0.998961689,0.011122162,0.999072775,0.999885484,0.011210345,0.99989517
6892,0.011219223,0.020887287,0.99907671,0.030571897,0.989803953,0.999377579,0.010413476,0.999073986,0.999890529,0.989888099,0.99907671
6893,0.011219123,0.020888296,0.999981032,1.61E-06,0.999584817,0.010194332,0.999982848,0.99907671,0.999891033,2.42E-06,0.999981032
6894,0.011219022,0.020890415,0.020887388,0.030475442,0.999484124,0.999984664,0.020500455,0.999078223,0.999892648,2.93E-06,0.020887388
6895,0.011218921,0.020891121,6.66E-06,0.010507207,0.999071261,0.020584299,0.020589748,0.030271432,0.021301057,0.979196153,6.66E-06
6896,0.011218517,0.020893038,0.999976592,0.988890449,0.020498337,0.020496823,0.021090792,0.999080745,0.021305699,0.000820983,0.999976592
6897,0.011218416,0.020894955,0.999479583,0.989289287,0.010507207,0.020694577,0.999879531,0.999081956,0.02130923,0.001038311,0.999479583
6898,0.011218215,0.020899193,0.02050318,0.020604983,0.999882861,0.020802031,0.010816652,0.999086597,0.021310239,0.979695886,0.02050318
6899,0.011218114,0.999568976,0.999266695,0.988884698,1.61E-06,0.030475542,0.030489567,0.999087707,0.02131266,0.001135775,0.999266695
6900,0.011217912,0.999580176,0.030593186,0.989187383,0.989385239,0.000623733,0.021206317,0.030273853,0.021319622,0.969015947,0.030593186
6901,0.011217811,0.999580882,0.010503474,0.020489861,0.030580372,0.999882457,0.999982949,0.030274257,0.99997064,0.969710306,0.010503474
6902,0.01121771,0.999581286,0.030268708,0.999469595,0.989889815,0.020485523,0.998872599,0.03027456,0.999971346,0.020486734,0.030268708
6903,0.011217609,0.999587945,0.020604176,0.989297157,0.989484822,0.999281527,0.999788625,0.030275064,0.999973767,0.999268915,0.020604176
6904,0.011217508,0.03037495,1.08E-05,0.989689134,0.999573618,0.020700732,0.999870552,0.020485019,0.999983352,0.99927406,1.08E-05
6905,0.011217407,0.021004426,0.999284654,0.000623935,0.989888099,0.989597824,0.999975583,0.020485422,0.999985976,0.020693972,0.999284654
6906,0.011217206,0.021006948,0.999470503,0.0007215,0.021108651,0.99928304,0.96920795,0.020485523,0.999994552,0.999387971,0.999470503
6907,0.011217105,0.999675723,0.010100096,0.988876223,0.999686116,0.999774701,0.010807572,0.020486229,0.999996166,0.999577855,0.010100096
6908,0.011217004,0.999679053,0.999265081,0.988888431,0.988890651,0.999990112,0.979101312,0.020486633,0.999997579,0.99969005,0.999265081
6909,0.011216903,0.999681979,0.999892849,0.988980145,0.989176588,0.020393809,0.999776618,0.020489861,0.030574823,0.999783681,0.999892849
6910,0.011216802,0.999682584,0.999180531,0.988992454,0.988996288,0.999477162,0.999470099,0.030276779,0.030581381,0.999994753,0.999180531
6911,0.011216701,0.999686822,0.020994135,0.989075592,0.999075903,0.020906961,0.020708905,0.020493595,0.030582895,0.010507207,0.020994135
6912,0.011216398,0.999687024,0.02039391,0.989092744,0.999473227,0.999870854,0.021319723,0.020493998,0.010102921,0.989581479,0.02039391
6913,0.011216298,0.021094828,0.969219452,0.989094762,1.86E-05,0.000516583,0.999888814,0.0204942,0.010103425,0.989780243,0.969219452
6914,0.011216197,0.021103707,0.999978308,0.989281115,0.999478575,0.999990819,0.020589445,0.030277284,0.969216122,1.17E-05,0.999978308
6915,0.011216096,0.021106734,1.73E-05,0.010916841,1.73E-05,0.98940007,0.99938454,0.020495209,0.988773008,0.978985384,1.73E-05
6916,0.011215995,0.021112888,0.020991915,0.989586827,0.989089919,1.82E-06,0.999580579,0.020497429,0.010302189,0.000508713,0.020991915
6917,0.011215894,0.021117227,0.010493889,0.98978216,0.999568674,8.07E-06,0.030272441,0.020497933,0.010311067,0.97931188,0.010493889
6918,0.011215692,0.021117328,3.53E-06,0.001009253,0.988981558,0.999376671,0.030286566,0.020499951,0.988974192,0.000718473,3.53E-06
6919,0.011215591,0.021118135,0.999366783,0.011202273,0.989491582,0.999377276,0.020380794,0.020501464,0.010395012,0.020392094,0.999366783
6920,0.01121549,0.021118236,0.021003215,0.999687225,0.989090322,0.999674311,0.020610935,0.0302791,0.010404093,0.999075903,0.021003215
6921,0.011215188,0.999770161,0.030473222,0.000810187,0.988891862,0.000726343,0.96940974,0.020504592,0.01041842,0.999174981,0.030473222
6922,0.011214885,0.999772179,0.999786405,0.999181035,0.011113082,0.010719793,0.020282623,0.030280512,0.010515582,0.020687313,0.999786405
6923,0.011214784,0.999790138,0.000321956,0.020897074,0.98958945,0.020504996,0.999771675,0.999171652,0.010521333,0.999386155,0.000321956
6924,0.011214582,0.021190275,0.999277894,0.99928304,0.999281224,0.020189093,0.9797989,0.999177504,0.989191016,0.999485637,0.999277894
6925,0.011214481,0.021194411,0.999365169,0.999999193,0.989191823,0.010496311,0.989086993,0.999177806,0.010604874,0.999583505,0.999365169
6926,0.011214381,0.021197438,0.99938333,0.011015516,0.989293021,0.999891336,0.989286261,0.999178916,0.010697697,0.999584918,0.99938333
6927,0.01121428,0.021198447,0.99998759,0.021110769,0.989094964,0.999365169,0.010711318,0.999179219,0.010719289,0.999669468,0.99998759
6928,0.011214078,0.021199053,0.030495116,0.988976816,0.989681265,0.000930757,0.979405006,0.999181439,0.989384129,0.999780452,0.030495116
6929,0.011213876,0.021201676,0.010408229,0.001031752,0.988976816,0.999376771,0.021190981,0.999181943,0.98940007,0.021207326,0.010408229
6930,0.011213372,0.021202887,0.999674109,0.989079426,0.989383624,0.999893657,0.011219627,0.999183961,0.010816753,0.999882558,0.999674109
6931,0.011213271,0.021205409,0.979186972,1.73E-05,0.999486848,0.999284453,0.979603971,0.999184466,0.989481492,0.010513564,0.979186972
6932,0.01121317,0.021214288,0.020997061,1.86E-05,0.989291204,0.020789217,0.030478468,0.999185071,0.010904835,0.989594798,0.020997061
6933,0.011213069,0.99987267,0.020990603,0.020200394,0.989079426,0.989685906,0.978687138,0.020582584,0.010913512,0.989804659,0.020990603
6934,0.011212968,0.999878018,0.99999435,0.021203694,0.999889823,0.020296648,0.000820983,0.020582988,0.98958945,0.000119561,0.99999435
6935,0.011212766,0.999878825,0.99999889,0.010695276,0.001123163,0.989578352,0.9997745,0.020584703,0.989597824,0.978899825,0.99999889
6936,0.011212564,0.999884475,0.020800416,0.999876807,0.999181035,0.999891134,0.030388874,0.020585207,0.989698719,0.97929382,0.020800416
6937,0.011212464,0.999887906,0.99938222,0.010818166,0.000820478,0.999576644,0.020598727,0.020585308,0.989699728,0.030289694,0.99938222
6938,0.011212262,0.999889419,0.999669569,1.28E-05,0.989783269,0.999579772,0.021213481,0.020586922,0.98979235,0.969519413,0.999669569
6939,0.011212161,0.999889924,0.99968319,0.03047645,0.011200356,1.51E-05,0.989590459,0.020587023,0.989795074,0.030595809,0.99968319
6940,0.01121206,0.999890731,0.010816652,0.010801014,0.988993968,0.989190713,0.011014003,0.020588133,0.989796991,0.020400973,0.010816652
6941,0.011211959,0.021291674,0.999568573,0.010207953,0.989496324,0.999272648,0.030583803,0.020588739,0.989797092,0.020600039,0.999568573
6942,0.011211858,0.021298031,0.030486843,0.001123163,0.999273354,0.999379798,0.030271735,0.02058894,0.011215188,0.999272143,0.030486843
6943,0.011211253,0.021302874,0.030477661,0.999071261,0.99987822,0.999275876,0.010916034,0.020591866,0.011215894,0.999285461,0.030477661
6944,0.011211051,0.021304891,0.000231554,0.999782672,0.00111943,0.999786809,0.020907567,0.020593884,0.011216096,0.999580176,0.000231554
6945,0.01121095,0.021305497,0.97909768,0.010494999,0.999773592,0.010413476,0.989780848,0.020595398,0.011220132,0.021212169,0.97909768
6946,0.011210849,0.02130701,0.999268108,0.999473227,0.021308322,0.020896569,0.999978207,0.020599534,0.989883155,0.999871561,0.999268108
6947,0.011210748,0.021307313,0.999477868,0.999990213,0.989277281,0.03047645,0.020286962,0.020604983,0.98990172,0.999992836,0.999477868
6948,0.011210647,0.021309331,0.999176999,0.000627466,0.989493398,0.021002408,0.020901917,0.020605084,1.87E-05,0.999999899,0.999176999
6949,0.011210547,0.021311147,0.000323167,0.030289694,0.989091937,0.000923593,0.030377069,0.020608312,0.000119964,0.988791774,0.000323167
6950,0.011210446,0.021320026,0.999997478,0.999075903,0.989193942,0.020300683,0.021317705,0.020609018,0.000121881,0.01070022,0.999997478
6951,0.011210345,0.021323254,0.999182347,0.999478575,0.989906462,0.999785598,0.989590257,0.020609523,0.00012289,0.989589248,0.999182347
6952,0.011210244,0.021323759,0.020504189,0.030277284,0.000930757,0.020490467,0.010898781,0.020610027,0.00020522,0.98968641,0.020504189
6953,0.011210042,0.999973969,0.999890428,0.030595305,0.988992152,0.001016114,0.010596903,0.020610128,0.000223886,0.978698337,0.999890428
6954,0.011209739,0.999974675,0.020792244,0.988974192,0.988985392,0.000316407,0.030492493,0.020611339,0.978900127,0.000315095,0.020792244
6955,0.011209336,0.99998083,0.999182851,0.989385239,0.999575535,0.99966967,0.020585106,0.020611944,0.000317012,0.000505787,0.999182851
6956,0.011209235,0.999985976,0.9994702,0.021303681,0.030288584,0.999584918,0.021196127,0.020613357,0.00032236,0.979309963,0.9994702
6957,0.011209134,0.999991323,0.999481198,0.989889815,0.0209,0.999271942,0.01081413,0.020613761,0.978998903,0.000729067,0.999481198
6958,0.011208831,0.999994653,0.999893051,0.999182044,0.999777224,0.999883971,0.999668257,0.999265484,0.979002132,0.02028908,0.999893051
6959,0.01120873,0.999997074,0.999990617,0.988978228,0.020989594,0.020904641,0.030377876,0.999265888,0.000409634,0.999274666,0.999990617
6960,0.01120863,0.999998789,0.010501154,0.01061799,0.989181632,0.999475649,0.020488651,0.999267099,0.97908981,0.999677741,0.010501154
6961,0.011208529,0.999998991,0.989196363,0.010910283,0.988978228,0.030372932,0.010191305,0.999268915,0.979195245,0.999980124,0.989196363
6962,0.011207923,0.030471507,0.010603764,0.989294534,0.020381904,0.030375858,0.030273853,0.999269318,0.97920372,0.989178807,0.010603764
6963,0.011207822,0.030473222,0.030273147,0.989888099,0.000216016,0.99979034,0.999585321,0.999270125,0.979294223,0.010622732,0.030273147
6964,0.011207621,0.03047413,0.030374345,0.020381904,0.01080404,0.999570591,0.010104233,0.999270933,0.979295333,0.010698504,0.030374345
6965,0.011207419,0.030474634,0.020894047,0.988996288,0.01041842,0.030573814,0.969005857,0.999271336,0.979301387,0.968794179,0.020894047
6966,0.011207318,0.030474937,0.999579268,0.989193942,0.98969206,0.010914521,0.020202008,0.999273051,0.000831678,0.999082057,0.999579268
6967,0.011207217,0.030479881,0.010510133,0.030580372,0.999182044,0.020905347,0.020888296,0.999273253,0.000921878,0.020489054,0.010510133
6968,0.011207116,0.010099491,0.020582988,0.020389269,0.989288581,0.999383531,0.999895271,0.999275271,0.001034678,0.999181741,0.020582988
6969,0.011207015,0.010105242,0.999478272,0.988985392,0.989294534,0.020590151,0.020700429,0.999275574,0.979694978,0.999679053,0.999478272
6970,0.011206612,0.010107764,0.999484628,0.988992152,0.988974192,0.010200991,0.020994538,0.999276179,0.979797689,0.021103303,0.999484628
6971,0.01120641,0.01010847,0.010898075,0.989181632,0.999578057,0.969517597,0.021310138,0.999276784,0.97981575,0.999970942,0.010898075
6972,0.011206107,0.010194332,0.999370415,0.989783269,0.988992656,0.999992635,0.999677439,0.999277188,0.968800031,0.999982343,0.999370415
6973,0.011205905,0.010201294,0.999571701,0.989293021,0.9990756,0.999992736,0.999687528,0.999278298,0.969006967,0.999989406,0.999571701
6974,0.011205804,0.010205329,0.999467981,0.999481803,0.988974394,0.999678246,0.030591269,0.9992785,0.969105239,0.010506501,0.999467981
6975,0.011205603,0.0102922,0.999785396,0.000311059,0.020389269,0.989599237,0.030277385,0.999279408,0.969108467,0.989594596,0.999785396
6976,0.011205199,0.010301281,0.999277491,0.989885274,0.999687225,5.95E-06,0.020689835,0.999280114,0.969113209,0.011016929,0.999277491
6977,0.011205098,0.010301684,0.020696797,0.010192718,0.999878522,0.999386558,0.021302974,0.999280921,0.969300269,2.02E-05,0.020696797
6978,0.011204997,0.010305115,5.95E-06,0.030287071,0.999874688,0.989076197,0.020894854,0.999281022,0.969316816,0.000119863,5.95E-06
6979,0.011204392,0.010405001,0.02069942,0.030589856,0.999181439,0.989290195,0.020993025,0.99928193,0.030383223,0.000120166,0.02069942
6980,0.011204291,0.010418622,2.11E-05,0.989785186,0.989490674,0.020898385,0.010301281,0.999282838,0.030386149,0.979706884,2.11E-05
6981,0.011204089,0.010497219,0.999882861,0.011113687,0.989785186,0.020990603,0.978891652,0.999282939,0.030390992,0.998981364,0.999882861
6982,0.011203988,0.010507207,0.999894161,0.000912999,0.989586928,0.999582799,0.9693038,0.999283242,0.030483311,0.999164287,0.999894161
6983,0.011203787,0.010517196,1.10E-05,0.999281224,0.989186173,0.999991323,0.02129571,0.999284453,0.030488457,0.999471512,1.10E-05
6984,0.011203585,0.98918698,0.999976895,0.989491582,0.020202512,0.999283544,0.989906462,0.999285663,0.969515781,0.988878846,0.999976895
6985,0.011203282,0.010595692,0.000610718,0.98958945,0.999063089,0.999972456,0.999892648,0.020688423,0.030586022,0.989298772,0.000610718
6986,0.01120308,0.010616779,0.999177806,0.989681265,0.998981061,0.010911494,0.020187076,0.02068923,0.030586426,0.010797684,0.999177806
6987,0.011202979,0.010617788,0.020584703,0.989803953,0.989885274,0.000827743,0.020596608,0.020690542,0.03058683,0.98988477,0.020584703
6988,0.011202778,0.010698101,0.999275271,0.989176588,0.989804558,0.999275271,0.999269621,0.020690643,0.030594195,2.07E-05,0.999275271
6989,0.011202273,0.01070022,0.999385751,0.989804558,0.999978913,0.999382422,0.021116823,0.020691147,0.969611429,0.000311059,0.999385751
6990,0.011202071,0.010719692,0.99987489,0.998976117,0.999669569,0.999365269,0.010701128,0.02069145,0.969725239,0.000317819,0.99987489
6991,0.01120197,0.010721206,0.020485523,0.989279501,0.998976117,0.010193928,0.999286874,0.020691853,0.020196257,0.978988612,0.020485523
6992,0.011201567,0.0107995,0.999985471,0.989484116,0.999368599,0.999088111,0.020804553,0.020693367,0.020201403,0.97939199,0.999985471
6993,0.011201264,0.010905642,0.999778435,0.989484822,0.999172459,0.999992937,0.999488664,0.020694678,0.020202008,0.979697299,0.999778435
6994,0.011201163,0.010914722,0.030492392,0.000316205,0.989391696,0.01041842,0.030474533,0.020695082,0.020289181,0.979809999,0.030492392
6995,0.011200558,0.989579966,0.001016719,0.999273354,0.999069546,0.999368498,0.030385948,0.020695788,0.999068335,0.020496722,0.001016719
6996,0.011200356,0.011003308,1.56E-05,0.989496324,0.999179723,0.999371323,0.998974806,0.020696898,0.020486229,0.020603469,1.56E-05
6997,0.011200154,0.011024193,0.001128511,0.988981558,0.989290195,0.000416797,0.999784387,0.020697907,0.02049309,0.020803847,0.001128511
6998,0.011200053,0.989685906,0.999883971,0.999686116,0.989485932,0.000419017,0.978788134,0.020698008,0.020497731,0.999471108,0.999883971
6999,0.011199852,0.0111039,0.010302189,0.999773592,0.021307111,0.999069344,0.979109384,0.020698512,0.020506307,0.999484124,0.010302189
7000,0.011199448,0.011108037,0.999182952,0.988890651,1.76E-05,8.58E-06,0.020997666,0.020700732,0.999165901,0.999575636,0.999182952
7001,0.011127611,0.011121658,0.030291005,0.000216016,0.989392907,0.020610027,0.999389585,0.020701539,0.999167313,0.999584212,0.030291005
7002,0.011127005,0.989785086,0.99927285,0.998981061,0.989484116,0.020696898,0.979496013,0.020701842,0.999179824,0.999783277,0.99927285
7003,0.011126501,2.02E-06,0.999786809,0.999063089,0.999884173,0.020788107,0.00061213,0.020703456,0.999183053,0.999792358,0.999786809
7004,0.0111264,1.18E-05,0.999992231,0.999069546,0.989279501,0.999681374,0.969410951,0.020704465,0.020584299,0.999872166,0.999992231
7005,0.011126198,1.49E-05,0.021000289,0.9990756,0.999375561,0.020184654,0.999684299,0.020706685,0.020586922,0.988787335,0.021000289
7006,0.011125189,0.00012289,0.020895863,0.999172459,0.021323254,0.020582988,0.999994552,0.020707896,0.020602561,0.989091937,0.020895863
7007,0.011125088,0.000125917,0.020391287,0.999179723,0.000311059,0.989184054,0.989894658,0.999367388,0.020606193,0.010607093,0.020391287
7008,0.011124988,0.00021642,0.99926498,0.999181439,0.989789323,0.020400569,0.999176596,0.999369406,0.999276986,0.989283637,0.99926498
7009,0.011124685,0.000227417,2.02E-07,0.999368599,0.998872599,0.999573819,0.969602651,0.999369507,0.999279004,0.989485528,2.02E-07
7010,0.011124584,0.00030773,0.001015609,0.999575535,0.000316205,0.989599439,0.011025707,0.999369608,0.999285865,0.989803953,0.001015609
7011,0.011124382,0.000404488,0.020993227,0.999669569,0.999367792,0.001009556,0.999585725,0.99937102,0.020691248,0.989890218,0.020993227
7012,0.011123777,0.000419017,0.010405001,0.988992656,0.030382921,0.999270529,0.001031752,0.999371323,0.020692761,5.95E-06,0.010405001
7013,0.011123474,0.979101211,0.010898882,0.988993968,0.000814626,0.02039391,0.999185071,0.999371828,0.020697806,0.000311967,0.010898882
7014,0.011123272,0.000814626,0.999273253,0.989186173,0.021110769,0.030277284,0.011013499,0.999371929,0.999369608,0.979000013,0.999273253
7015,0.011122364,0.000827743,0.020686203,0.989277281,0.020894047,0.010908164,0.978798122,0.999373139,0.999370314,0.979492179,0.020686203
7016,0.011122162,0.000912999,0.999376771,0.989290195,0.020489861,0.999686822,0.99948261,0.999375763,0.999371424,0.001015508,0.999376771
7017,0.011122062,0.001013793,0.999470402,0.989391696,0.021323053,2.02E-06,0.999674614,0.999376671,0.999381211,0.979704462,0.999470402
7018,0.011121759,0.979694978,0.999472924,0.989392907,0.030475442,0.020602561,0.030272239,0.999376771,0.999383229,0.001124677,0.999472924
7019,0.011121658,0.030277687,0.999580075,0.989485932,0.011013599,0.999882659,0.010719289,0.999377276,0.020793555,0.020182838,0.999580075
7020,0.011121557,0.03028364,0.999771069,0.989490674,0.000316407,0.999388879,0.969608604,0.999377377,0.020800215,0.020506307,0.999771069
7021,0.011121456,0.030293023,0.99978015,0.989586928,0.011202273,0.01061799,0.969310964,0.999379193,0.999469393,0.999171854,0.99978015
7022,0.011121355,0.030371621,0.999794275,0.98969206,0.001031752,0.98929413,0.999580882,0.999379496,0.999472319,0.020611541,0.999794275
7023,0.011121254,0.030380096,0.99987257,0.999568674,0.020692761,0.99978015,0.969714846,0.999379697,0.999473732,0.999469393,0.99987257
7024,0.011121053,0.030381609,0.999890932,0.010497219,0.021303681,0.020999785,0.021002408,0.99938222,0.999478675,0.999479583,0.999890932
7025,0.011120851,0.030384132,0.020292713,0.001009556,0.021203694,0.999789432,0.021310945,0.999382422,0.999484729,0.999570793,0.020292713
7026,0.01112075,0.030384737,0.999184466,0.989191823,0.010207953,0.989196363,0.000623935,0.999382724,0.999487554,0.020999482,0.999184466
7027,0.011120346,0.030390084,0.010417613,0.989291204,0.999876807,0.9994814,0.999070051,0.999382926,0.020885673,0.999773592,0.010417613
7028,0.011120245,0.030485935,0.999266392,0.989383624,0.000810187,0.96951457,0.02049763,0.999383632,0.020886682,0.999873579,0.999266392
7029,0.011120044,0.03048876,0.999774601,0.988974394,1.64E-05,0.999584716,0.020994639,0.999383834,0.020898285,0.999884173,0.999774601
7030,0.011119741,0.030585014,0.030473121,0.999878522,0.99928304,0.999482913,0.030571595,0.999384238,0.020903228,0.99999657,0.030473121
7031,0.011119438,0.030591269,0.02069488,0.989090322,0.000627466,0.030370813,0.999889116,0.999385751,0.020903329,0.989090928,0.02069488
7032,0.011119337,0.030593186,0.99988387,0.989094964,0.030289694,0.969221369,0.978693999,0.999386155,0.999570994,0.989799614,0.99988387
7033,0.011119237,0.020191515,0.999471007,0.998872599,0.999782672,0.999890832,0.999878018,0.999386558,0.999573214,0.000103317,0.999471007
7034,0.011118631,0.020192019,0.020203421,0.999874688,0.989179816,0.020792244,0.999885484,0.999389081,0.999575232,0.000116736,0.020203421
7035,0.011118429,0.020286962,0.999996771,0.989089919,0.021118437,0.020794262,0.020297152,0.020786695,0.999580075,0.000120368,0.999996771
7036,0.011118328,0.020288677,2.22E-05,0.999578057,0.999999193,0.000317012,0.021110467,0.02078841,0.99958068,0.000915219,2.22E-05
7037,0.011118026,0.998974503,0.999276784,0.999777224,0.989490876,7.06E-07,0.999888107,0.020789721,0.999580882,0.001013995,0.999276784
7038,0.011117925,0.998978337,0.999280921,0.99987822,0.010494999,0.989598732,0.011124584,0.02079073,0.020988283,0.020405311,0.999280921
7039,0.011117723,0.020387655,0.010914521,0.988891862,0.999286773,0.020495209,0.989686208,0.020791134,0.02100039,0.99908125,0.010914521
7040,0.011117622,0.020402385,0.968608936,0.989091937,0.99948261,0.020898285,0.020704364,0.020791336,0.999668156,0.999165901,0.968608936
7041,0.011117521,0.999064501,0.020487238,0.989288581,0.999071665,0.000830971,0.010610827,0.020791739,0.999675723,0.999388374,0.020487238
7042,0.01111742,0.999088514,0.020582584,0.989493398,0.999881146,0.020588739,0.001115596,0.020792244,0.999677035,0.999481904,0.020582584
7043,0.011117219,0.03027456,0.999475245,0.989789323,0.989801632,0.001115596,0.011017837,0.020792446,0.999679255,0.999576241,0.999475245
7044,0.011117017,0.02049309,0.999683896,0.989906462,0.999481803,1.63E-05,0.999276885,0.020792547,0.999680264,0.999687427,0.999683896
7045,0.011116815,0.020493998,0.999571095,0.021323254,0.99957049,0.969221066,0.999769152,0.020792647,0.999682786,0.999880036,0.999571095
7046,0.011116714,0.030277385,1.96E-05,0.020482698,0.98990505,0.999283645,0.010396929,0.02079295,0.999683089,0.999972052,1.96E-05
7047,0.011116613,0.020498236,0.999783883,0.010496311,0.989192025,0.999265081,0.010506602,0.02079406,0.999685006,0.988984887,0.999783883
7048,0.011116512,0.020504996,0.020402083,0.01080283,0.989588643,0.999183658,0.030475845,0.020794262,0.99968773,0.988986501,0.020402083
7049,0.011116411,0.020505298,0.030483311,0.00083087,0.989900409,0.000406203,0.030588444,0.020794665,0.999689546,0.989193034,0.030483311
7050,0.011116311,0.99917599,0.96952476,0.99957281,0.999374552,1.73E-05,0.03029151,0.020796885,0.999795788,0.010605277,0.96952476
7051,0.011116109,0.999182246,0.0205055,0.020281614,0.01061799,0.999177302,0.02069599,0.020797793,0.021190577,0.98937979,0.0205055
7052,0.011115201,0.999183658,0.999373442,0.999367792,0.030287071,0.03027456,0.030591874,0.020798701,0.021191385,0.010905642,0.999373442
7053,0.0111151,0.020583593,0.999383632,0.979309559,0.989082453,0.999277188,0.999480189,0.020799912,0.021202685,0.989586928,0.999383632
7054,0.011114999,0.020588839,0.999470301,0.01062132,0.030277284,0.010408229,0.021304891,0.020800416,0.021210958,0.989781554,0.999470301
7055,0.011114797,0.020602057,0.999792863,0.998970366,0.999374653,0.999888511,2.72E-06,0.020803544,0.999885181,0.989893749,0.999792863
7056,0.011114091,0.020610027,0.030375858,0.020383619,0.999089322,0.999684703,0.999893858,0.020804755,0.999888814,0.000205826,0.030375858
7057,0.011113687,0.999270125,0.999789432,0.020700732,0.979309559,0.020691248,0.010099491,0.020806571,0.999888915,0.000424566,0.999789432
7058,0.011113586,0.999270428,0.030293023,0.011216398,0.989585313,1.64E-05,0.000230747,0.020806874,0.999889217,0.979090718,0.030293023
7059,0.011113486,0.999271841,0.999282939,0.999781562,0.989182339,0.999285663,0.979200694,0.020809497,0.021293389,0.979107467,0.999282939
7060,0.011113385,0.999275876,0.02100604,0.020485523,0.989583497,1.75E-05,0.010710006,0.020809699,0.021308524,0.000612735,0.02100604
7061,0.011113082,0.020688322,0.999892547,0.999585422,0.989882348,0.999579268,0.020613761,0.020811515,0.999974574,0.000819873,0.999892547
7062,0.011112577,0.020694073,0.01009606,0.999374653,0.010910283,0.999772179,0.030480587,0.020811817,0.999978207,0.030391396,0.01009606
7063,0.011112275,0.020702245,0.999377982,0.98990505,0.989686713,0.999877312,0.000914109,0.999466164,0.999978913,0.030591471,0.999377982
7064,0.011112073,0.999373038,0.000103922,0.999374552,0.989396438,0.010209365,0.020405412,0.999466366,0.999982747,0.020196257,0.000103922
7065,0.011111972,0.999374148,0.989702352,0.010611331,0.988985593,0.000605572,0.989588038,0.999467476,0.999992736,0.999063795,0.989702352
7066,0.011111871,0.999377377,0.999281325,0.999089322,0.030595305,1.62E-05,0.030282026,0.999467577,0.999998386,0.020495713,0.999281325
7067,0.011111669,0.999384238,0.999388273,0.989182339,0.989390384,0.999785396,0.020196761,0.999467678,0.999998789,0.999274867,0.999388273
7068,0.011111468,0.020796179,9.59E-06,0.010209971,0.989094156,0.999783883,0.020496722,0.99946909,0.030475341,0.999284856,9.59E-06
7069,0.011111367,0.020797289,0.999177302,0.999881146,0.989091331,0.020402385,0.011121557,0.999470907,0.030476652,0.999367086,0.999177302
7070,0.011111266,0.02079749,0.999281426,0.989490876,0.020700732,0.010900698,0.01080848,0.999471209,0.030577547,0.999373946,0.999281426
7071,0.011111165,0.020805158,0.999367691,0.989390384,0.020485523,0.999274767,0.020704162,0.999472117,0.030579464,0.99937778,0.999367691
7072,0.011110761,0.020805562,0.999373745,0.999286773,0.010192718,0.999281426,0.999880641,0.999472924,0.010098683,0.999471815,0.999373745
7073,0.01111066,0.020806874,0.999377175,0.989286462,0.999888107,0.999280114,0.96922147,0.999474337,0.988882983,0.999475144,0.999377175
7074,0.011110358,0.020808286,0.999386558,0.000715648,0.999781562,0.000810187,0.030586628,0.999475144,0.010294117,0.999478978,0.999386558
7075,0.011109853,0.999467981,0.999482913,0.99948261,0.01062132,0.020586115,0.989899097,0.999476355,0.030278797,0.999776618,0.999482913
7076,0.011109651,0.999474337,0.020891323,0.010610625,0.999585422,0.999675623,0.969413877,0.999476456,0.010507207,0.999783782,0.020891323
7077,0.011109349,0.9994815,0.999674412,0.000310958,0.999671486,0.030291005,0.03059137,0.999479583,0.010518306,0.999880641,0.999674412
7078,0.011109147,0.020898486,0.999688638,0.989179816,0.999470099,0.969423462,0.021208234,0.999479684,0.98917911,0.999976491,0.999688638
7079,0.011109046,0.02090111,0.999980426,0.989686713,0.999378588,0.03038625,0.021211463,0.999479785,0.010618293,0.999989103,0.999980426
7080,0.011108945,0.020902421,0.999990415,0.989192025,0.989700737,0.999480794,0.999870047,0.999480794,0.989287572,0.99999324,0.999990415
7081,0.011108844,0.999572003,4.74E-06,0.020587023,0.989286462,0.999484225,0.001115092,0.999480895,0.010695276,0.01010847,4.74E-06
7082,0.011108643,0.999578158,0.999266897,0.999071665,0.989885173,0.999880439,0.020891928,0.999481198,0.010714042,0.010517196,0.999266897
7083,0.011108542,0.999579369,0.99976885,0.020993429,0.000912999,0.020806874,0.020898486,0.9994814,0.989400776,0.010616073,0.99976885
7084,0.011108239,0.99958068,0.989892438,0.989082453,0.999569985,0.999474135,0.999576846,0.999482308,0.989477759,0.989479071,0.989892438
7085,0.011108138,0.030375051,0.999782369,0.989588643,0.010611331,0.999383834,0.969515377,0.999483417,0.989490068,0.000216016,0.999782369
7086,0.011108037,0.030375152,0.999679658,0.999470099,0.010209971,0.010702237,0.010611533,0.999484023,0.989490674,0.979003948,0.999679658
7087,0.011107835,0.030376665,7.16E-06,0.999671486,0.999872771,0.001126089,0.010905642,0.999484225,0.010905642,0.000406607,7.16E-06
7088,0.011107734,0.999668358,0.999776215,0.989801632,0.010610625,0.999268108,0.999275069,0.999485839,0.010913209,0.00073159,0.999776215
7089,0.011107634,0.999671082,0.999469494,0.99957049,0.000310958,0.999071665,0.999472723,0.99948594,0.989586928,0.020498236,0.999469494
7090,0.011107533,0.999671486,0.999791248,0.989882348,0.999481198,0.999997579,0.020999987,0.999486041,0.989596311,0.0206069,0.999791248
7091,0.011107331,0.999676934,0.999795284,0.989900409,0.020900302,0.020609523,0.988993665,0.999486848,0.989597925,0.999275574,0.999795284
7092,0.011107129,0.999680264,0.999680264,0.989583497,0.998970366,0.99999435,0.030471002,0.99948826,0.011002198,0.020700631,0.999680264
7093,0.011106927,0.999683089,0.999380101,0.989780848,0.000715648,0.999279509,0.969407924,0.999488462,0.01100805,0.999480592,0.999380101
7094,0.011106625,0.999690555,0.999273051,0.99926952,0.999372534,0.999369406,0.020887388,0.020886682,0.011010472,0.99967764,0.999273051
7095,0.011106322,0.021089985,0.999178916,0.989585313,0.989780848,0.999980729,0.021109458,0.020887388,0.011010875,0.999785598,0.999178916
7096,0.011106221,0.021090994,0.999779443,0.988985593,0.020482698,0.999678952,0.00072715,0.020888195,0.011024496,0.999977702,0.999779443
7097,0.01110612,0.021097855,0.000810591,0.989094156,0.010294117,0.000105133,0.030273551,0.020889708,0.989685906,0.999978005,0.000810591
7098,0.011106019,0.021098763,3.93E-06,0.999481198,0.011113687,0.999983453,0.999177504,0.020889809,0.989787103,0.010594482,3.93E-06
7099,0.011105414,0.021099671,8.58E-06,0.020900302,0.010496311,0.010405001,0.020693468,0.020890314,0.989792249,0.010614459,8.58E-06
7100,0.011105313,0.021111476,9.08E-06,0.000419017,0.01080283,0.01062142,0.979106155,0.020891121,0.989792754,0.989278996,9.08E-06
7101,0.011105212,0.021114603,0.000729168,0.999888107,0.010497219,0.020191515,0.999683593,0.020891323,0.989794267,0.989297359,0.000729168
7102,0.01110501,0.021115411,0.020395121,0.01121428,0.999171147,0.999672192,0.010392389,0.020892029,0.011207923,0.989591367,0.020395121
7103,0.011104809,0.999770666,0.020496823,0.999378588,0.989290095,0.999470402,0.979200492,0.020893139,0.989885375,0.989896877,0.020496823
7104,0.011104708,0.999776114,0.020597819,0.999372534,0.00083087,0.010610625,0.030596415,0.020894047,0.989893749,0.000115626,0.020597819
7105,0.011104607,0.999784186,0.999268915,0.021117933,0.001009556,0.000818763,0.969725239,0.020895157,0.989897987,0.000918851,0.999268915
7106,0.011104506,0.999785295,0.999276179,0.989396438,0.998964514,0.999585826,0.999575434,0.020896166,1.31E-06,0.96920795,0.999276179
7107,0.011104405,0.999789634,0.999482308,0.989091331,0.999367388,0.020201403,0.00031792,0.020897074,3.13E-06,0.969221974,0.999482308
7108,0.011104102,0.999793165,0.999485839,0.999872771,0.99926952,0.02029695,0.030281219,0.020898285,3.43E-06,0.969524155,0.999485839
7109,0.0111039,0.021189669,0.999488462,0.989700737,0.021117933,0.020195752,0.969206638,0.020898385,5.55E-06,0.969707078,0.999488462
7110,0.0111038,0.021191788,0.021005839,0.020584703,0.020584703,9.69E-06,0.030269515,0.020898991,7.97E-06,0.998876231,0.021005839
7111,0.011103396,0.021193402,0.999671183,0.999569985,0.99957281,0.999882861,0.021096644,0.0209,8.07E-06,0.020497731,0.999671183
7112,0.011103295,0.021193604,0.999792358,0.989885173,0.999879531,0.999483216,0.988993362,0.02090111,1.83E-05,0.999176798,0.999792358
7113,0.011103194,0.02120783,0.999794174,0.99938454,0.99938454,0.020593884,0.010518306,0.020901917,1.86E-05,0.020608312,0.999794174
7114,0.011102992,0.021212169,0.999877513,0.979614363,0.000230747,0.000936709,0.010616073,0.020902522,0.000105435,0.999476557,0.999877513
7115,0.011102791,0.021213481,0.999880439,0.979590047,0.999687528,0.999179421,0.020492687,0.020903027,0.000117341,0.020898184,0.999880439
7116,0.011102589,0.99987822,0.969312074,0.010294117,6.15E-06,0.99999546,0.020503987,0.020904641,0.978783089,0.999670174,0.969312074
7117,0.011102488,0.999878522,0.020404101,0.979388056,0.001126089,0.999771372,0.999575333,0.020905347,0.000209862,0.030273147,0.020404101
7118,0.011102084,0.999879531,7.57E-06,0.999367388,0.999689546,0.020905549,0.989597118,0.020905448,0.000227417,0.989088809,7.57E-06
7119,0.011101883,0.999887401,0.999987893,0.999171147,0.999882659,0.000307225,0.030288887,0.020905549,0.000231958,0.010501154,0.999987893
7120,0.011101479,0.999890832,0.020281614,0.989290095,0.979388056,0.999371424,0.020290896,0.020906659,0.978889029,0.989282225,0.020281614
7121,0.011101176,0.021289555,0.999992635,0.000230747,0.99989406,0.99977571,0.010618696,0.02090676,0.978893468,0.989288985,0.999992635
7122,0.011101075,0.021290363,0.969221369,0.010619302,0.030589856,0.999894161,0.979005865,0.020906961,0.000305308,0.010812818,0.969221369
7123,0.011100874,0.02129228,0.99887724,0.999879531,0.979614363,0.010093538,0.020905246,0.02090787,0.000404488,0.011113486,0.99887724
7124,0.011100066,0.021296719,0.999283544,6.15E-06,0.999579167,0.999482812,0.010904128,0.020908273,0.000414578,0.978796205,0.999283544
7125,0.011099865,0.021298838,0.999468485,0.999579167,0.999276885,0.030283842,0.999677741,0.999567261,0.000416999,0.978989722,0.999468485
7126,0.011099663,0.02129904,0.999472521,0.998964514,0.999571499,0.99958512,0.030477661,0.999568371,0.00041932,0.000516381,0.999472521
7127,0.011099562,0.021299746,0.999474942,0.010309857,0.979590047,0.010705769,0.000510831,0.999569784,0.000420631,0.000918649,0.999474942
7128,0.01109936,0.021307414,0.999483417,0.999275675,0.999385953,1.08E-05,0.020808791,0.999569885,0.000710906,0.001113881,0.999483417
7129,0.011099158,0.021316595,0.999573012,0.001126089,0.999790643,0.020389269,0.010311975,0.999570288,0.000715648,0.979794057,0.999573012
7130,0.011098553,0.999972557,0.999578864,0.999687528,0.989894658,0.010316516,0.01110501,0.999571398,0.000728563,0.030580978,0.999578864
7131,0.011027826,0.999972859,0.999672999,0.999688033,0.999080745,0.010911191,0.010706273,0.999571701,0.97939986,0.998868664,0.999672999
7132,0.011027624,0.999974978,0.010721609,0.999882659,0.999274565,0.000617578,0.030289795,0.999572407,0.979491675,0.020400166,0.010721609
7133,0.011027523,0.999982444,0.999184365,0.99989406,0.989278996,0.999779948,0.999479281,0.999573012,0.000934591,0.999078828,0.999184365
7134,0.011027018,0.999982747,0.96951457,0.999571499,0.989191621,0.001133656,0.030576841,0.999573618,0.00101339,0.020609018,0.96951457
7135,0.011026817,0.999987993,0.999883769,0.999689546,0.999785901,0.999182649,0.020698411,0.999574324,0.979707187,0.999379697,0.999883769
7136,0.011026413,0.999998386,0.999893253,0.999274565,0.010104535,0.020608312,0.969217838,0.999574828,0.001115798,0.999470705,0.999893253
7137,0.011026312,0.030475038,0.999984462,0.999790643,0.999681374,0.020895863,0.020694678,0.030369804,0.979798093,0.999487252,0.999984462
7138,0.01102601,0.030476551,0.010914722,0.999467678,0.010714042,4.44E-06,0.020990503,0.999575636,0.968699439,0.999582698,0.010914722
7139,0.011025808,0.030480688,0.010519416,0.989894658,0.999467678,0.010597407,0.030474937,0.99957614,0.968806287,0.999583707,0.010519416
7140,0.011025707,0.01030915,1.50E-05,0.999971548,0.010619302,0.010717977,0.978801048,0.999576644,0.969008884,0.999668358,1.50E-05
7141,0.011025606,0.01031248,0.999789735,0.999785901,0.998869068,0.999976592,0.030284044,0.999579671,0.030270625,0.99987489,0.999789735
7142,0.011025404,0.010313993,0.030270019,0.989278996,0.010309857,0.001124576,0.030594599,0.999579772,0.969218342,0.999990314,0.030270019
7143,0.011025101,0.988993362,0.999467577,0.999276885,0.999275675,0.010209971,0.999582698,0.999581689,0.969218645,0.01039703,0.999467577
7144,0.011025001,0.01041166,3.03E-07,0.010104535,1.97E-05,0.999680163,0.000916228,0.999582496,0.030279302,0.989076399,3.03E-07
7145,0.0110249,0.01049399,6.05E-07,0.999080745,0.999688033,0.999477868,0.989074785,0.999583707,0.969304305,0.989185164,6.05E-07
7146,0.011024799,0.010597407,7.06E-07,0.999385953,0.020587023,0.999382119,0.020504088,0.99958401,0.030380701,0.989295139,7.06E-07
7147,0.011024597,0.989277281,8.07E-07,0.000614552,0.999971548,0.001015609,0.99967643,0.999584615,0.030387865,0.010710612,8.07E-07
7148,0.011024496,0.989294534,1.41E-06,0.000623329,0.988978329,0.989391191,0.000416797,0.999584716,0.030390791,0.010717372,1.41E-06
7149,0.011024193,0.989298872,1.92E-06,0.989188998,0.020993429,0.010201193,0.000712319,0.999584817,0.030482807,0.989377571,1.92E-06
7150,0.011023992,0.010697092,2.52E-06,0.989191621,0.999581286,0.999470907,0.020280403,0.999585422,0.030484926,0.989478768,2.52E-06
7151,0.011023588,0.010708997,2.93E-06,0.999681374,0.000419017,0.010910586,0.021211059,0.999588046,0.030488356,0.020501767,2.93E-06
7152,0.011023487,0.989391191,3.33E-06,0.010714042,0.010521333,1.10E-05,0.02110522,0.030374748,0.030586931,0.011121557,3.33E-06
7153,0.011023285,0.98940007,3.73E-06,1.97E-05,0.020281614,0.999281022,0.010106553,0.02098798,0.030587132,0.989784783,3.73E-06
7154,0.011023184,0.010800408,4.44E-06,0.998869068,0.01121428,0.999794174,0.010899689,0.020988384,0.030588948,0.97890497,4.44E-06
7155,0.01102268,0.01080848,5.15E-06,0.988878746,0.01009152,0.999470503,0.021000794,0.02098909,0.030593489,0.000623329,5.15E-06
7156,0.011022478,0.010809892,6.05E-06,0.988978329,0.989076399,0.999782672,0.969110485,0.020990301,0.020182838,0.97950691,6.05E-06
7157,0.01102157,0.989496425,6.86E-06,0.979796983,2.18E-05,0.010713639,0.959529494,0.020990603,0.998862711,0.000915622,6.86E-06
7158,0.011021469,0.010900597,7.47E-06,0.989187081,0.979710819,0.999671688,0.021088169,0.020991108,0.998872296,0.030377674,7.47E-06
7159,0.011021066,0.010901101,7.97E-06,0.979710819,0.979494197,0.999585422,0.9998873,0.020991915,0.02029695,0.969608301,7.97E-06
7160,0.011020864,0.010907155,8.68E-06,0.999581286,0.979796983,0.020388058,0.979208362,0.020993529,0.998977328,0.999285058,8.68E-06
7161,0.011020158,0.010909879,9.38E-06,0.989076399,0.000420631,0.999684905,0.021202685,0.020994135,0.998978942,0.999389585,9.38E-06
7162,0.011020057,0.989599439,9.48E-06,0.979402685,0.999683391,0.010300574,0.97960609,0.020994337,0.020395222,0.999475548,9.48E-06
7163,0.011019855,0.011004519,1.13E-05,0.979494197,0.979592267,0.99926498,0.001112973,0.020996254,0.020403697,0.999481198,1.13E-05
7164,0.011019653,0.011008454,1.15E-05,0.979592267,0.979402685,6.96E-06,0.99928637,0.020996354,0.020485019,0.999673403,1.15E-05
7165,0.011019451,0.011014003,1.16E-05,0.988791976,0.021094122,0.999474942,0.021207023,0.020996758,0.020497933,0.999774298,1.16E-05
7166,0.01101925,0.011025707,1.17E-05,0.988887221,0.999265888,0.999672999,0.001023479,0.020996859,0.999171652,0.999791349,1.17E-05
7167,0.011019048,0.98969206,1.19E-05,0.988987006,0.999383027,0.999688335,0.999687225,0.020997061,0.999177907,0.021214187,1.19E-05
7168,0.011018846,0.011116311,1.42E-05,0.98968641,0.989805063,0.010604571,0.021087362,0.020997868,0.999182145,0.999880742,1.42E-05
7169,0.011018543,0.011117723,1.46E-05,0.988872389,0.999786405,0.999377377,0.989385642,0.020998877,0.020588133,0.999974272,1.46E-05
7170,0.011017938,0.011122062,1.48E-05,0.989901619,0.000320947,0.999570086,0.030494208,0.020999785,0.020601754,0.010309251,1.48E-05
7171,0.011017837,0.989792249,1.54E-05,0.989285554,0.999382926,4.14E-06,0.020395222,0.021000289,0.999270327,0.010418622,1.54E-05
7172,0.011017736,0.989795175,1.55E-05,0.010521333,0.010705769,0.02069488,0.999086496,0.02100039,0.999278399,0.989187686,1.55E-05
7173,0.011017635,0.011212766,1.60E-05,0.010710006,0.988878746,0.010309857,0.020902018,0.021002408,0.99928193,0.989277684,1.60E-05
7174,0.011017232,0.011216197,1.62E-05,0.999169735,0.030492795,0.99987489,0.020182838,0.021003114,0.020685093,0.98958037,1.62E-05
7175,0.011016929,0.989897987,1.72E-05,0.999377377,0.989086287,0.99887724,0.010909879,0.021003215,0.020686001,0.98979578,1.72E-05
7176,0.011016828,0.030370813,1.82E-05,0.989083562,0.98968641,0.030378683,0.020499547,0.021004325,0.020705071,0.989803448,1.82E-05
7177,0.011016727,0.030371318,1.88E-05,0.988777144,0.989292617,4.54E-06,0.988888331,0.021005637,0.999371121,0.011200356,1.88E-05
7178,0.011016525,7.26E-06,1.92E-05,7.37E-06,0.99978469,0.010202202,0.979592267,0.021005839,0.99937768,1.61E-05,1.92E-05
7179,0.011016424,1.76E-05,1.95E-05,2.18E-05,0.988979641,0.989703966,0.999781058,0.021006948,0.99937778,0.978988713,1.95E-05
7180,0.011016223,0.000103922,1.97E-05,0.01009152,0.999684602,0.999372029,0.030291914,0.021007251,0.999379294,0.979601348,1.97E-05
7181,0.011016122,0.000228325,2.20E-05,0.988979641,0.999884273,0.000814626,0.999579772,0.021007655,0.999379496,0.979694877,2.20E-05
7182,0.011016021,0.000230747,0.000108967,0.989276474,0.989086488,0.999793064,0.999579671,0.021010782,0.99938222,0.969105239,0.000108967
7183,0.011015819,0.000317315,0.000121175,0.988784611,0.979817364,0.999284553,0.969306928,0.021011085,0.99938676,0.030287071,0.000121175
7184,0.011015516,0.000320846,0.000125917,0.988987208,0.979799909,0.999890428,0.021305194,0.999669165,0.020792748,0.99896623,0.000125917
7185,0.011015416,0.000407616,0.000206431,0.988985694,0.988994674,0.010606185,0.999972557,0.999669569,0.020798499,0.999266291,0.000206431
7186,0.011015113,0.000423456,0.000208651,0.989086287,0.979803037,0.999983352,0.999180329,0.999670376,0.020803544,0.021209445,0.000208651
7187,0.011015012,0.000512345,0.000213696,0.989285252,0.97980566,0.99927517,0.02080314,0.999670981,0.020805966,0.999893758,0.000213696
7188,0.011014911,0.00061213,0.000220052,0.989086488,0.988784711,0.999882962,0.010701027,0.999671183,0.999476254,0.988891963,0.000220052
7189,0.01101481,0.000728765,0.000309243,0.999476254,0.988989327,0.999584817,0.01090433,0.999671385,0.999484326,0.988993362,0.000309243
7190,0.011014709,0.000826936,0.0003156,0.999771977,0.979791837,0.969412868,0.011003308,0.999673504,0.020892735,0.010501255,0.0003156
7191,0.011014507,0.979497728,0.000317315,0.988983676,0.979611639,0.999874991,0.969608503,0.999674412,0.020897376,0.010524057,0.000317315
7192,0.011014003,0.00091986,0.000405497,0.999265282,0.988985694,0.989801229,0.020602158,0.999674513,0.020898789,0.989391494,0.000405497
7193,0.011013801,0.001118724,0.00041145,0.999684602,0.989795175,0.9992785,0.999572104,0.999675623,0.999569683,0.989794065,0.00041145
7194,0.0110137,0.979796983,0.000412762,0.989488555,0.000614552,0.001036495,0.968996575,0.999675824,0.999570793,0.01121317,0.000412762
7195,0.011013599,0.969208555,0.979107971,0.989286563,0.979701234,0.999881448,0.020494604,0.99967754,0.999571499,1.26E-05,0.979107971
7196,0.011013499,0.030284044,0.97910898,0.989178101,0.979796479,0.999487352,0.010311168,0.999679053,0.999572407,0.000710906,0.97910898
7197,0.011013398,0.03028697,0.000605572,0.010705769,0.979601852,0.989496425,0.989382918,0.999681474,0.999575938,0.979796075,0.000605572
7198,0.011013297,0.030288382,0.000606278,0.989282225,0.000623329,0.999280921,0.000925813,0.999681676,0.999577048,0.998963909,0.000606278
7199,0.011012288,0.030291712,0.00061213,0.999786405,0.979700023,2.22E-05,0.030484018,0.999683391,0.999579369,0.020387554,0.00061213
7200,0.011012187,0.030382315,0.000613644,0.988989327,0.979794259,0.99988276,0.969205125,0.999683694,0.999585826,0.02040743,0.000613644
7201,0.011011884,0.030384939,0.000620303,0.988989629,0.979711222,0.000614552,0.999062887,0.999683896,0.020993126,0.999085286,0.000620303
7202,0.011011783,0.030389378,0.979303405,0.999884273,0.979694877,0.999571902,0.021090187,0.999684098,0.020998574,0.999277995,0.979303405
7203,0.011010976,0.030391396,0.979304716,0.988784711,0.97971092,1.55E-05,0.020585005,0.9996844,0.999674714,0.99937435,0.979304716
7204,0.011010875,0.03048654,0.000706568,0.988881268,0.979700326,0.999980225,0.020602864,0.999684703,0.999679356,0.999387365,0.000706568
7205,0.011010774,0.030487044,0.000706871,0.988978733,0.979703655,0.969317825,0.021197438,0.999684905,0.99968097,0.99967875,0.000706871
7206,0.011010472,0.030584812,0.000708081,0.979796479,0.979700527,0.99998194,0.030384132,0.999686116,0.999686116,0.999684602,0.000708081
7207,0.01101027,0.030587031,0.000713025,0.9890765,0.988987107,0.999794275,0.999381211,0.999688638,0.999688941,0.021104009,0.000713025
7208,0.011009866,0.030596415,0.000716052,0.999683391,0.999373139,0.999779141,0.978997491,0.999769354,0.021092104,0.999789634,0.000716052
7209,0.011009765,0.020183141,0.000716657,0.9890878,0.979599431,0.999792762,0.999784589,0.999769455,0.021113594,0.999880339,0.000716657
7210,0.011009463,0.020184654,0.000719785,0.988994674,0.979490161,0.989787103,0.999979417,0.999769556,0.999779544,0.010512555,0.000719785
7211,0.011009362,0.020188993,0.0007215,0.989292617,0.979491473,0.999182851,0.030583197,0.999771069,0.999785094,0.011024597,0.0007215
7212,0.011009059,0.020197871,0.000724224,0.988789453,0.99968884,0.999875193,0.010201294,0.99977571,0.999786103,0.000125917,0.000724224
7213,0.011008958,0.020201604,0.000726141,0.988777851,0.999570187,0.999469494,0.989895061,0.999777123,0.999795587,0.000416495,0.000726141
7214,0.011008857,0.020204026,0.000727554,0.988791774,0.999368296,0.999985471,0.000305813,0.999777426,0.021190981,0.969400962,0.000727554
7215,0.011008756,0.998869471,0.000728159,0.989085278,0.999980225,0.030286263,0.968595921,0.999778737,0.021203391,0.998970366,0.000728159
7216,0.011008656,0.020280706,0.000728563,0.99978469,0.020798499,0.03049552,0.030489365,0.999779141,0.021210756,0.020482395,0.000728563
7217,0.011008454,0.020284137,0.000729673,0.999265888,0.010495907,0.010305417,0.95872526,0.999781058,0.021216709,0.999180934,0.000729673
7218,0.011008353,0.020289181,0.000814929,0.999383027,0.999977097,0.020184553,0.01030915,0.999781562,0.99987035,0.999182549,0.000814929
7219,0.011008252,0.020290493,0.000818763,0.021094122,0.989188998,0.999883769,0.030482,0.999782874,0.999870552,0.999466366,0.000818763
7220,0.01100805,0.020295437,0.000823606,0.989805063,0.989083562,0.999884072,0.0213059,0.999785598,0.999873074,0.999481097,0.000823606
7221,0.011007848,0.020381399,0.979506103,0.000420631,0.989285252,0.999990314,0.999978509,0.999786304,0.999875092,0.021095635,0.979506103
7222,0.011007647,0.020406018,0.979510441,0.97971092,0.989276474,0.999990415,0.978889331,0.999786405,0.999875697,0.021106835,0.979510441
7223,0.011007546,0.020407027,0.000922382,0.988882378,0.988987006,0.999990516,0.999473732,0.999787515,0.999889116,0.999889217,0.000922382
7224,0.011007445,0.999086597,0.000924198,0.989792047,0.989901619,0.999990617,0.021314073,0.999790037,0.999890731,0.999985269,0.000924198
7225,0.011007142,0.020486633,0.000933582,0.979703655,0.988887221,0.999990011,0.999265787,0.999790441,0.999890832,0.030474533,0.000933582
7226,0.01100694,0.020489861,0.979590955,0.999072775,0.020808387,0.010710612,0.02120894,0.999791248,0.999892849,0.98979235,0.979590955
7227,0.011006839,0.020493191,0.979601549,0.979700326,0.989488555,0.999995762,0.010800106,0.999791349,0.021297324,6.66E-06,0.979601549
7228,0.011006739,0.020504088,0.001009152,0.000508612,0.989187081,0.010192718,1.74E-05,0.999791753,0.021302974,0.00032236,0.001009152
7229,0.011006537,0.999167213,0.001012078,0.999367086,0.988983676,0.99948372,0.030591572,0.999792055,0.021307616,0.978996381,0.001012078
7230,0.011006436,0.99917145,0.001017627,0.98897732,0.989888806,0.010393902,0.999580277,0.999792459,0.021316393,0.000408322,0.001017627
7231,0.011006335,0.999176798,0.001018132,0.020799508,0.989285554,0.999674412,0.969221571,0.999792863,0.021319017,0.979791837,0.001018132
7232,0.011006234,0.99917932,0.001025194,0.979791837,0.999574021,0.999184062,0.030488154,0.999793064,0.021320227,0.998981061,0.001025194
7233,0.011005931,0.999179824,0.001025396,0.979806467,0.979803239,0.999999596,0.020702044,0.999794174,0.021322548,0.020485927,0.001025396
7234,0.011005427,0.999183053,0.001031248,0.989286866,0.989287673,0.999885888,0.999379697,0.999794376,0.999972557,0.020493595,0.001031248
7235,0.011005326,0.999183759,0.001036495,0.979711222,0.988784409,0.020698008,0.999482409,0.999870451,0.999974978,0.020499245,0.001036495
7236,0.011005023,0.02060014,0.001110955,0.999382926,0.988791976,0.999990919,0.020400166,0.999871964,0.99997972,0.999179421,0.001110955
7237,0.011004922,0.020603469,0.001112468,0.979808788,0.979808384,0.030477157,0.030571695,0.999872267,0.999986682,0.999283242,0.001112468
7238,0.01100462,0.020604579,0.00111943,0.979701234,0.999771977,0.010199074,0.010307032,0.999873276,0.999987186,0.999383834,0.00111943
7239,0.011004519,0.0206069,0.001125988,0.979799909,0.989185366,0.999669165,0.020288071,0.999873377,0.999991323,0.999384238,0.001125988
7240,0.011004418,0.020611944,0.001128914,0.989085984,7.37E-06,0.999483417,0.020199183,0.999874991,0.030478267,0.020787704,0.001128914
7241,0.011004115,0.999265787,0.001130024,0.988773108,0.989382918,0.999781562,0.020808488,0.999875193,0.030578455,0.020889002,0.001130024
7242,0.011003914,0.99926609,0.001135573,0.988772806,0.998977328,0.999181136,0.000913907,0.999875798,0.030582996,0.999571398,0.001135573
7243,0.011003712,0.999270529,0.001136482,0.999479079,0.988989629,0.010809892,0.999986379,0.999876504,0.010199074,0.999682382,0.001136482
7244,0.011003308,0.999277793,0.001136683,0.989795175,0.999476254,0.999870955,0.999286168,0.999876706,0.010207953,0.999873679,0.001136683
7245,0.011003005,0.9992785,0.979809999,0.030492795,0.999265282,0.020587023,0.020789419,0.999877009,0.010305115,0.021301562,0.979809999
7246,0.011002501,0.999282737,0.979817263,0.99998083,0.989085278,0.020785988,0.020896166,0.999877312,0.988992656,0.999982545,0.979817263
7247,0.0110024,0.999283343,0.979817465,0.999574021,0.989178101,0.99927285,0.969107862,0.999877513,0.989086993,0.98887249,0.979817465
7248,0.011002198,0.99928637,0.020988787,0.988878846,0.988774925,0.020696797,0.020601754,0.999879834,0.010497219,0.010402377,0.020988787
7249,0.011002097,0.020687515,0.928443234,0.979700527,0.989489463,0.020897074,0.999469393,0.999880439,0.010510133,0.989076096,0.928443234
7250,0.011001593,0.020688019,0.968592389,0.979700023,0.98978226,0.999374249,0.021214187,0.999880742,0.010525066,0.989275667,0.968592389
7251,0.011001088,0.020691853,0.968592793,0.979810907,0.988987208,0.999266392,0.989191621,0.99988165,0.9891893,0.989286462,0.968592793
7252,0.011000988,0.020699219,0.968593499,0.000320947,0.03049219,0.99948594,0.979291095,0.999881751,0.989191823,0.989585616,0.968593499
7253,0.011000887,0.020702145,0.968595013,0.979798497,0.988777851,0.969313688,0.030586325,0.999882962,0.010596399,0.989588038,0.968595013
7254,0.011000584,0.020702649,0.968595719,0.979808384,0.988773411,0.999278298,0.020506307,0.999883769,0.010607396,0.989694482,0.968595719
7255,0.011000281,0.020704465,0.96859582,0.979803037,0.989282527,0.999070051,0.021196631,0.999884072,0.010611331,0.011209134,0.96859582
7256,0.01100008,0.999379798,0.968599856,0.989888806,0.988776034,0.020402083,0.00091986,0.999886392,0.010620916,0.000229032,0.968599856
7257,0.010999878,0.999387769,0.968599956,0.989278391,0.988879351,0.999276784,0.001013793,0.999887199,0.989277987,0.979001123,0.968599956
7258,0.010999474,0.999389081,0.968600663,0.979694877,0.979704967,0.010897974,0.999369305,0.999888612,0.989294534,0.000827036,0.968600663
7259,0.010999171,0.020784979,0.96860369,0.999079938,0.999675723,0.99938222,0.999577653,0.999890024,0.989378378,0.979694978,0.96860369
7260,0.010998768,0.020788309,0.968606515,0.988987107,0.999668459,1.21E-05,0.010395416,0.99989174,0.989387156,0.979807073,0.968606515
7261,0.010998162,0.020795674,0.968607221,0.998964817,0.988989226,0.999287278,0.000508309,0.999892547,0.989482905,0.969610117,0.968607221
7262,0.010997961,0.020799609,0.968609037,0.999373139,0.988773108,3.03E-07,0.979288674,0.999893657,0.010899689,0.02029019,0.968609037
7263,0.010997658,0.02080536,0.968694394,0.998869976,0.988880864,0.999475144,0.030586022,0.999894161,0.010911998,0.999372433,0.968694394
7264,0.01091896,0.020805764,0.968694596,0.999184466,0.998974806,0.999476355,0.989595201,0.99989517,0.011006436,0.999379899,0.968694596
7265,0.010918455,0.020812524,0.968696109,0.988973284,0.999062887,0.010916942,0.989692968,0.999971245,0.011016929,0.999467981,0.968696109
7266,0.010918355,0.999472319,0.968700347,0.989089011,0.988875214,1.56E-05,0.020609826,0.999973364,0.011027826,0.99957392,0.968700347
7267,0.010918052,0.999473227,0.96870176,0.979791938,0.97980455,0.999370112,0.999472622,0.999974675,0.989689437,0.021194109,0.96870176
7268,0.010917951,0.999473832,0.968702769,0.989489362,0.979793452,0.02098798,0.99968884,0.999974776,0.98969206,0.021316393,0.968702769
7269,0.010917648,0.999478575,0.968707107,0.979817364,0.999772986,0.999384137,0.021302167,0.999975583,0.989795175,0.999993946,0.968707107
7270,0.010917446,0.999480895,0.968794079,0.988981658,0.988791774,0.020406219,0.020392094,0.999976592,0.989882651,0.010312177,0.968794079
7271,0.010916942,0.999483216,0.96879428,0.97980566,0.979807073,0.020792547,0.97889821,0.999976895,0.989894456,0.010316919,0.96879428
7272,0.010916841,0.020885673,0.968798114,0.998977328,0.979806064,0.030370612,0.030380499,0.999978509,0.989895061,0.989379891,0.968798114
7273,0.010916538,0.020889204,0.968799224,0.989185366,0.989588038,0.999877413,0.999882155,0.999980124,4.64E-06,0.98947897,0.968799224
7274,0.010916438,0.020905347,0.968808204,0.979794259,0.999268007,0.99999889,0.010601141,0.999980527,1.40E-05,0.989481291,0.968808204
7275,0.010916236,0.020905448,0.968897395,0.979810099,0.979805862,0.020406119,0.020482193,0.999981738,2.20E-05,0.98948916,0.968897395
7276,0.010916135,0.02090676,0.968899211,0.979599431,0.979798497,0.999479583,0.010193928,0.999984462,0.978689458,0.989582791,0.968899211
7277,0.010916034,0.999576443,0.968997886,0.989398859,0.988989831,0.010412669,0.989686007,0.999987186,0.978792674,0.000303089,0.968997886
7278,0.010915933,0.999583909,0.969004546,0.979491473,0.9890878,0.020194643,0.999182649,0.999987792,0.978793683,0.979208765,0.969004546
7279,0.010915832,0.999585019,0.969011709,2.20E-05,0.988875315,0.999888915,0.021193201,0.999987893,0.978889331,0.000808068,0.969011709
7280,0.010914924,0.99958512,0.9691009,0.979812723,0.979800111,0.999386155,0.989702352,0.999990314,0.978891248,0.000932875,0.9691009
7281,0.010914722,0.999587238,0.969114824,0.999675723,0.979812723,0.989479172,0.030386149,0.999990415,0.000313178,0.979706783,0.969114824
7282,0.010914521,0.020988384,0.969202401,0.988875315,0.999893253,0.999580075,0.030583702,0.999990516,0.000320947,0.979812723,0.969202401
7283,0.01091442,0.020990503,0.969203107,0.989489463,0.988891559,0.999978308,0.999571499,0.999990617,0.000424869,0.969718479,0.969203107
7284,0.010914319,0.020996354,0.969207647,0.979601852,0.999792762,6.66E-06,0.021320631,0.999991928,0.000517692,0.99887724,0.969207647
7285,0.010914218,0.020998978,0.969207849,0.988783198,0.988783904,0.999181943,0.978985384,0.999992534,0.000608094,0.020289787,0.969207849
7286,0.010914117,0.021002408,0.969208555,0.979611639,0.979495711,0.999467678,0.020286558,0.999992635,0.979307945,0.99906773,0.969208555
7287,0.010914016,0.021010782,0.030269717,0.979803239,0.999583404,0.999177806,0.020389269,0.999992736,0.979389065,0.999183658,0.030269717
7288,0.010913512,0.999675824,0.030269918,0.988877232,0.999681474,0.999992231,0.021087866,0.999993038,0.000815434,0.999268511,0.030269918
7289,0.010913209,0.999681575,0.969210472,0.979490161,0.979797387,0.020489861,0.021291271,0.99999435,0.000818763,0.999468485,0.969210472
7290,0.010912906,0.999682382,0.030270423,0.999772986,0.989788516,0.010901101,0.96911664,0.999995762,0.000933582,0.999690454,0.030270423
7291,0.010912805,0.999685308,0.030270625,0.989382918,0.030484926,0.999578864,0.999886291,0.999996267,0.001015609,0.999780049,0.030270625
7292,0.010912704,0.99968773,0.030270927,0.988874609,0.97950913,0.020993529,0.011217508,0.999996771,0.001036293,0.99978469,0.030270927
7293,0.010912099,0.999688941,0.030272441,0.989287673,0.979699518,0.030383526,0.0304933,0.99999889,0.001118119,0.999875193,0.030272441
7294,0.010911998,0.99968995,0.969213701,0.999672898,4.54E-06,0.020894047,0.999179623,0.999999193,0.001118825,0.999875596,0.969213701
7295,0.010911897,0.999690252,0.030273954,0.988975605,0.999774701,0.99977904,0.97868855,0.999999899,0.001125787,0.999876908,0.030273954
7296,0.010911796,0.021092507,0.030275165,0.979704967,0.020792244,0.01029785,0.030278091,0.030471305,0.968696009,0.999877917,0.030275165
7297,0.010911494,0.021092608,0.030275468,0.989277382,0.979593074,0.999373442,0.020499043,0.030472516,0.968811029,0.989086993,0.030275468
7298,0.010911393,0.021095534,0.969217333,0.988876728,0.999994653,0.01050751,0.999577754,0.030473121,0.968907787,0.010807269,0.969217333
7299,0.010911191,0.021098561,0.030277687,0.988976008,0.999983352,0.020486229,0.021315082,0.030473222,0.969000308,0.011108239,0.030277687
7300,0.010910687,0.021099469,0.030278999,0.988773411,0.979592973,0.999182952,0.011120044,0.03047413,0.96900394,5.65E-06,0.030278999
7301,0.010910586,0.021106633,0.030279302,0.999388778,0.988993665,0.999987893,0.030379995,0.030474634,0.030288584,0.000105234,0.030279302
7302,0.010910283,0.99976895,0.030280411,0.989176487,0.988993362,0.010193727,0.030487751,0.030475038,0.969301782,0.97949006,0.030280411
7303,0.01090998,0.999782672,0.030280613,0.98948351,0.999876504,0.999479785,0.999069344,0.030475542,0.969302287,0.000927931,0.030280613
7304,0.010909879,0.999783479,0.030280916,0.989399868,0.010613752,0.020407027,0.021204097,0.030475744,0.969311065,0.998875021,0.030280916
7305,0.010909778,0.999786103,0.030281219,0.988776034,0.010308848,0.999881751,0.010901101,0.03047645,0.03037273,0.999270428,0.030281219
7306,0.010909678,0.999788726,0.030281622,0.979807476,0.999892849,0.999373139,0.011108945,0.030477056,0.030374345,0.999583606,0.030281622
7307,0.010909577,0.99979034,0.030281824,0.989282527,0.99998194,0.010302189,0.978802057,0.030477157,0.030377876,0.999676934,0.030281824
7308,0.010909375,0.999791753,0.030282631,0.999572205,0.010898882,0.999776719,0.030286263,0.030478973,0.030391396,0.999681878,0.030282631
7309,0.010909274,0.021197236,0.030283438,0.03049219,0.9890765,0.999273051,0.999371222,0.030480486,0.969421141,0.021201676,0.030283438
7310,0.01090887,0.021197943,0.03028364,0.999690353,0.999287278,0.999367691,0.030484724,0.030481495,0.969519413,0.999869745,0.03028364
7311,0.010908164,0.021207124,0.030283943,0.988774925,0.998982171,0.999781058,0.01060215,0.030484724,0.030580877,0.988981154,0.030283943
7312,0.010908063,0.021208234,0.030283741,0.999371121,0.010710006,0.969414179,0.011111871,0.030571595,0.030584408,0.989700737,0.030283741
7313,0.010907962,0.021211463,0.030284548,0.988880864,0.988978733,0.999791248,0.00021642,0.030573814,0.03058461,0.989896978,0.030284548
7314,0.010907861,0.999875899,0.030284851,0.998982171,0.999169735,0.999684804,0.020800517,0.030576034,0.030587839,0.00011502,0.030284851
7315,0.010907761,0.999879733,0.030284952,0.999789937,0.999377377,0.020199788,0.020892735,0.030576841,0.030587939,0.979389065,0.030284952
7316,0.01090766,0.999881448,0.030285759,0.010609616,0.988876728,1.97E-05,0.030288382,0.030580473,0.969710306,0.001126997,0.030285759
7317,0.010907357,0.999888814,0.030285961,0.000915925,0.999690353,0.999574828,0.96961718,0.030582592,0.020181224,0.999180531,0.030285961
7318,0.010907155,0.999891437,0.030286667,0.988886817,0.989801935,0.999995964,0.020901009,0.030588444,0.020195349,0.999181842,0.030286667
7319,0.010906853,0.021289454,0.03028697,0.979811714,0.999367086,0.000220859,0.989189906,0.01009152,0.020196761,0.999268007,0.03028697
7320,0.01090655,0.021290161,0.030287071,0.999062887,0.988983777,0.000723417,0.000409634,0.010092226,0.020200999,0.99947131,0.030287071
7321,0.010906247,0.021290262,0.030287575,0.988995481,0.989792047,0.999574324,0.979392495,0.010093538,0.020280403,0.999672898,0.030287575
7322,0.010906146,0.021298737,0.030287777,0.99958744,0.999079938,0.999769354,0.030594699,0.01009606,0.020281412,0.999890024,0.030287777
7323,0.010906045,0.021303983,0.030287979,0.020798499,0.979806467,0.99938333,0.030574823,0.010097473,0.020295437,0.999893051,0.030287979
7324,0.010905844,0.021312761,0.030288483,0.979498435,0.988874609,0.030483513,0.000509823,0.01009939,0.998965725,0.021303681,0.030288483
7325,0.010905642,0.021316192,0.030288584,0.989091533,0.988777144,0.999673504,0.999277592,0.010100096,0.998968147,0.999984765,0.030288584
7326,0.010905036,0.999975583,0.030288988,0.999892244,0.998964817,0.999466366,0.000621312,0.01010171,0.99897531,0.999994854,0.030288988
7327,0.010904835,0.999980124,0.03028929,0.988878947,0.999770666,0.030483311,0.030470296,0.010104535,0.020380794,0.010410247,0.03028929
7328,0.010904734,0.999981032,0.030289694,0.989801935,0.989091533,0.02078841,0.021103303,0.010106452,0.020381904,0.989396438,0.030289694
7329,0.01090433,0.999983352,0.030289795,0.988879351,0.999572205,0.999385751,0.979797689,0.010107663,0.020400166,0.989897987,0.030289795
7330,0.010904229,0.999984462,0.030289896,0.989288985,0.988878846,0.000810691,0.020289787,0.010107764,0.020406219,0.978690467,0.030289896
7331,0.010904128,0.99999657,0.030290097,0.988784409,0.988872389,0.999886493,0.021316393,0.010112809,0.999075903,0.978891248,0.030290097
7332,0.010903624,0.999997377,0.030290501,0.999287278,0.988878947,0.999265888,0.979690741,0.010193424,0.999079938,0.000417504,0.030290501
7333,0.010903523,0.03047191,0.030290703,0.999668459,0.999369608,0.01021098,0.021194008,0.010193727,0.99908125,0.000609608,0.030290703
7334,0.010903321,0.030477661,0.030290905,0.999583404,0.988784611,0.999283242,0.030583601,0.010193928,0.999086496,0.000828146,0.030290905
7335,0.010903119,0.030479982,0.030291611,0.999681474,0.988772806,0.0205055,0.999784085,0.010197157,0.020483001,0.000908963,0.030291611
7336,0.010903018,0.030480385,0.030291813,0.988983777,0.988783299,0.999568371,0.030583097,0.010209365,0.020499043,0.000917035,0.030291813
7337,0.010902918,0.030480587,0.030291914,0.988999618,0.988787738,0.999183961,0.989278996,0.010209971,0.999167213,0.000925611,0.030291914
7338,0.010902514,0.030572402,0.030292317,0.999271437,0.98897732,0.020486431,0.010819881,0.01021098,0.999177806,0.00093338,0.030292317
7339,0.010902312,0.030573814,0.030292418,0.021195118,0.98897954,0.000720592,0.021092911,0.010295933,0.99917821,0.020297858,0.030292418
7340,0.01090211,0.03057674,0.030293225,0.99968884,0.979791938,0.999383632,0.021189266,0.01029785,0.999180531,0.020696696,0.030293225
7341,0.01090201,0.030576841,0.030293528,0.97980455,0.979808788,0.999999193,0.968710537,0.010299162,0.999181439,0.999365269,0.030293528
7342,0.010901909,0.01009606,0.030369905,0.979799203,0.988877232,0.999992534,0.998979346,0.010302189,0.999182952,0.99937546,0.030369905
7343,0.010901606,0.010110387,0.030371621,0.979698913,0.97981575,0.999269318,0.020585207,0.010305417,0.020586115,0.999480189,0.030371621
7344,0.010901505,0.010199074,0.030371923,0.988783904,0.97969064,0.020686809,0.999687024,0.010305518,0.020596205,0.030377069,0.030371923
7345,0.010901303,0.010200991,0.030372024,0.999883567,0.9888736,0.010308545,0.010615165,0.010305821,0.020600241,0.021090288,0.030372024
7346,0.010901101,0.010209063,0.03037273,0.999176596,0.979809999,0.0209,3.53E-06,0.010307032,0.999265282,0.99976885,0.03037273
7347,0.010900698,0.030273147,0.030373033,0.999379697,0.988881268,0.000231554,0.030586931,0.010308545,0.999266796,0.999776215,0.030373033
7348,0.010900597,0.01029785,0.030373638,0.988989831,0.979809494,0.99956716,0.020291098,0.010308949,0.999266998,0.999792661,0.030373638
7349,0.010900496,0.010305417,0.969313688,0.979698409,0.979810907,0.999377175,0.999373038,0.010309857,0.999267805,0.999873377,0.969313688
7350,0.010900395,0.010309554,0.030375253,0.999268007,0.999583909,0.999790946,0.010208558,0.010313993,0.999268007,0.9998873,0.030375253
7351,0.010900294,0.988976513,0.969315908,0.98978226,0.999873377,0.999872771,0.030387865,0.010313892,0.999270025,0.988994674,0.969315908
7352,0.01089979,0.988996793,0.030376867,0.999269419,0.999388173,0.989381203,0.998876231,0.010316516,0.999270428,0.989083159,0.030376867
7353,0.010899689,0.010503474,0.030377977,0.979404804,0.979812218,0.989381304,0.999771473,0.010393902,0.999271336,0.98909234,0.030377977
7354,0.010899487,0.010512555,0.969317825,0.999893253,0.989078921,0.999572407,0.999774399,0.010395214,0.999271437,0.010700825,0.969317825
7355,0.010899084,0.98917911,0.030377775,0.998974806,0.999180127,0.999777123,0.021208738,0.010405001,0.999273051,0.989385642,0.030377775
7356,0.010898983,0.010594482,0.030378078,0.979807073,0.989076096,0.999872065,0.011010875,0.010412669,0.999277087,0.989784884,0.030378078
7357,0.010898882,0.010616376,0.030378481,0.999570187,0.979798799,0.999891639,0.030377674,0.01041842,0.999282737,3.63E-06,0.030378481
7358,0.010898781,0.010622732,0.030379087,0.020808387,0.999995157,0.99989517,0.999981839,0.989079728,0.02069256,0.000104729,0.030379087
7359,0.010898579,0.010707787,0.030379188,0.989590257,0.979706783,0.999373745,0.030480385,0.010495907,0.020706887,0.000106242,0.030379188
7360,0.010898276,0.010707888,0.030378784,0.999180127,0.999379697,0.010297749,0.0204942,0.010496008,0.999367893,0.979004251,0.030378784
7361,0.010898075,0.010801014,0.030380096,0.99968995,0.999891134,0.999787515,0.010209063,0.010503474,0.999368498,0.000623935,0.030380096
7362,0.010897974,0.010803839,0.030380499,0.988776943,0.999570591,0.99936537,0.988881268,0.010503676,0.99936981,0.979593074,0.030380499
7363,0.010897873,0.010812818,0.030380701,0.988783299,0.999585725,0.999771069,0.030387764,0.01050751,0.999384137,0.969000308,0.030380701
7364,0.010897671,0.989482905,0.030381105,0.979815245,0.989798,0.9994702,0.020799508,0.010507712,0.020787603,0.969510736,0.030381105
7365,0.01089757,0.989496526,0.030381206,0.97981575,0.97959822,0.999996267,0.979708801,0.010508317,0.020788208,0.998968248,0.030381206
7366,0.010897267,0.989595806,0.030381407,0.999980225,0.999472117,0.020891323,0.020198073,0.010508519,0.020795674,0.020390076,0.030381407
7367,0.010896965,0.989598732,0.030381508,0.979799001,0.030585821,0.999488462,0.999268007,0.010510133,0.020799912,0.999791248,0.030381508
7368,0.010896662,0.989687217,0.030381609,0.9888736,0.989085379,8.07E-07,0.030480688,0.010510537,0.999467981,0.999795284,0.030381609
7369,0.010820385,0.011200154,0.030381811,0.979792745,0.999282737,0.020584703,2.20E-05,0.010515582,0.999473631,0.99989295,0.030381811
7370,0.010819881,0.011215591,0.030381912,0.988785922,0.999881448,0.000810591,0.021211362,0.010516893,0.999473832,0.989190108,0.030381912
7371,0.01081978,0.011215995,0.030382114,0.979796176,0.030472314,0.999887199,0.99998426,0.010522442,0.999477969,0.989399868,0.030382114
7372,0.010819377,4.14E-06,0.030382416,0.979809999,0.020989292,4.74E-06,0.999583404,0.989184659,0.999479583,0.989493196,0.030382416
7373,0.010818973,4.54E-06,0.030382618,0.999368296,0.010302189,0.999179219,0.999681474,0.010594683,0.999480189,0.011018846,0.030382618
7374,0.010818872,6.15E-06,0.030382921,0.989591367,0.010199074,0.989704067,0.999781663,0.010598215,0.999485234,0.989794771,0.030382921
7375,0.010818771,6.96E-06,0.030383022,0.989899097,0.999283948,0.999791954,0.021315687,0.010603764,0.999486949,0.978689862,0.030383022
7376,0.010818468,9.69E-06,0.030383829,0.979802028,0.989282225,0.010197157,0.999176798,0.010604571,0.02089445,0.000303997,0.030383829
7377,0.010818166,1.95E-05,0.030384132,0.988989226,0.989286563,0.999185071,0.020896569,0.010606185,0.020896569,0.978995574,0.030384132
7378,0.010817762,0.000108967,0.030384636,0.999676531,0.989278391,0.00031792,0.010395012,0.010610423,0.020905953,0.979099092,0.030384636
7379,0.010817661,0.000121881,0.030384737,0.988875214,0.988999618,0.020809497,0.978786822,0.010610625,0.020908273,0.979100404,0.030384737
7380,0.01081746,0.000122587,0.030384939,0.999792762,2.20E-05,0.999472924,0.999265888,0.010613752,0.99956827,0.001025396,0.030384939
7381,0.010817359,0.000206431,0.030385847,0.98878572,0.988886817,0.999980426,0.999383027,0.010615972,0.999569885,0.979694272,0.030385847
7382,0.010817056,0.000229435,0.030386149,0.989788516,0.989682677,9.48E-06,0.99967754,0.010618394,0.999574526,0.979815245,0.030386149
7383,0.010816753,0.000307225,0.030386957,0.999269217,0.988872692,9.59E-06,0.021096543,0.010622732,0.999576443,0.020287163,0.030386957
7384,0.010816652,0.000317012,0.030387158,0.999873377,0.988776943,0.999478272,0.99978358,0.989287976,0.999583102,0.03026901,0.030387158
7385,0.01081635,0.000319938,0.03038736,0.99918164,0.999772784,0.969207849,0.999790239,0.989290195,0.999585725,0.999178614,0.03038736
7386,0.010816148,0.979294223,0.030387764,0.988791875,0.989176487,0.999879834,0.99987933,0.989293929,0.020995547,0.999179219,0.030387764
7387,0.010815946,0.000819671,0.030388066,0.989682677,0.98948351,3.93E-06,0.98907539,0.01069578,0.020996657,0.99926498,0.030388066
7388,0.010815643,0.979592267,0.030388571,0.98887249,0.988874306,0.9996844,0.010697697,0.010697697,0.999669871,0.99936759,0.030388571
7389,0.01081524,0.001009556,0.030389277,0.988787738,0.988783198,0.999871964,0.979311678,0.010701027,0.999672596,0.999684199,0.030389277
7390,0.010815139,0.001036394,0.030389681,0.979796378,0.99946788,0.999877009,0.999478474,0.010702742,0.999674109,0.021308423,0.030389681
7391,0.010814937,0.001125787,0.030389782,0.979805862,0.020989796,0.020609018,0.00071242,0.010703145,0.021095635,0.988791875,0.030389782
7392,0.010814534,0.001130226,0.030390084,0.979698711,0.99958744,0.000508612,0.020987072,0.010703751,0.99976895,0.010206338,0.030390084
7393,0.01081413,0.979817061,0.030390185,0.988980952,0.989597118,0.999782874,0.999878321,0.010710612,0.999772986,0.98897732,0.030390185
7394,0.010814029,0.030269918,0.030390589,0.989078921,0.988882378,0.020290392,0.030585014,0.010711318,0.999773592,0.988985694,0.030390589
7395,0.010813525,0.030282328,0.030390791,0.988874306,0.979798597,0.999769556,0.969712324,0.010713639,0.99977904,0.989076903,0.030390791
7396,0.010813222,0.030290097,0.030390992,0.979798597,0.988984584,0.030481495,0.989185366,0.010718078,0.999780957,0.989701948,0.030390992
7397,0.01081302,0.030383829,0.030391093,0.979806064,0.000508612,0.999276179,0.03037273,0.010719087,0.999782672,3.73E-06,0.030391093
7398,0.010812818,0.03038393,0.030392102,0.999770161,0.999184466,0.999575636,0.030482403,0.010719793,0.999782975,6.46E-06,0.030392102
7399,0.010812617,0.030386452,0.030392506,0.989074684,0.999072775,0.021005839,0.999087707,0.010721206,0.999785901,9.08E-06,0.030392506
7400,0.010812314,0.030389681,0.969409336,0.979809494,0.999892244,0.999389081,0.999282737,0.010721609,0.99978812,2.00E-05,0.969409336
7401,0.01081191,0.969422755,0.030470498,0.98897954,0.988791875,0.999792863,0.999581992,0.989381203,0.999790239,0.978903961,0.030470498
7402,0.010811709,0.030482403,0.969413372,0.97969064,0.999883567,0.999279408,0.999783479,0.989381304,0.021207023,0.97898609,0.969413372
7403,0.010811608,0.030484119,0.969413675,0.979798698,0.988880562,0.99948826,0.010311067,0.989400676,0.999871359,0.979109384,0.969413675
7404,0.010811406,0.030487145,0.030474433,0.999772784,0.988976008,0.020384426,0.030497235,0.010796473,0.021298131,0.000507805,0.030474433
7405,0.010811305,0.030488154,0.969414179,0.999770666,0.999982646,0.999379496,0.010707787,0.010811204,0.02130136,0.979193328,0.969414179
7406,0.010811204,0.030590865,0.030474836,0.020989796,0.988995481,0.999379193,0.030586123,0.010816753,0.021314376,0.000613139,0.030474836
7407,0.010811002,0.030591975,0.030475139,0.999369608,0.988778759,0.020393002,0.020803948,0.989479172,0.999976794,0.969099891,0.030475139
7408,0.010810901,0.030592782,0.03047524,0.988778759,0.98898751,0.969409336,0.999679557,0.989490876,0.99998083,0.030288988,0.03047524
7409,0.0108108,0.030592883,0.969416903,0.989588038,0.979815548,6.05E-07,0.020595398,0.989496425,0.999981032,0.969712526,0.969416903
7410,0.010809892,0.020183544,0.030478368,0.989587836,0.999577754,1.41E-06,0.011101479,0.010897974,0.999983251,0.998863922,0.030478368
7411,0.010809489,0.998872296,0.03047867,0.979812218,0.99968995,1.92E-06,0.020706483,0.010898075,0.999987993,0.99907671,0.03047867
7412,0.010809287,0.02029019,0.030481293,0.030484926,0.020799508,2.52E-06,0.999977904,0.010899487,0.999991727,0.999166607,0.030481293
7413,0.010809085,0.020294428,0.969422453,0.979693667,0.979800313,2.93E-06,0.988882882,0.010901101,0.99999324,0.999170441,0.969422453
7414,0.010808883,0.020294529,0.969422755,0.979400667,0.988981658,3.33E-06,0.011202778,0.010901505,0.999994854,0.99918497,0.969422755
7415,0.010808581,0.020296648,0.969423159,4.54E-06,0.989398859,5.15E-06,0.999184768,0.010904734,1,0.020597819,0.969423159
7416,0.01080848,0.020387554,0.030483009,0.988976715,0.999183053,6.86E-06,0.020700026,0.010905844,0.030471103,0.999272749,0.030483009
7417,0.010808379,0.020393809,0.969423462,0.979793452,0.999776618,7.47E-06,0.021323053,0.020486431,0.030472415,0.999277894,0.969423462
7418,0.010808076,0.999087707,0.030482403,0.999380202,0.98929181,7.97E-06,0.010495907,0.010909577,0.030475442,0.999284453,0.030482403
7419,0.010807975,0.020486835,0.030482504,0.989597118,0.001026405,8.68E-06,0.968597838,0.010909778,0.030481899,0.999378083,0.030482504
7420,0.010807774,0.020489761,0.030483816,0.988993665,0.98907761,9.38E-06,0.968608936,0.010910283,0.03058128,0.999389383,0.030483816
7421,0.010807673,0.020499749,0.030484018,0.97981464,0.989489362,1.16E-05,0.969005353,0.010910586,0.030584206,0.020804452,0.030484018
7422,0.010807572,0.999184264,0.030484119,0.989093854,1.36E-05,1.17E-05,0.020800215,0.010910687,0.01009152,0.020809497,0.030484119
7423,0.010807269,0.999185273,0.030483412,0.989785086,0.989591367,1.42E-05,0.020990603,0.010911796,0.010300675,0.999467779,0.030483412
7424,0.010807168,0.020587023,0.030484421,0.979800111,0.988789453,1.46E-05,0.999975483,0.010912704,0.010317323,0.999471613,0.030484421
7425,0.010807067,0.020589748,0.030484926,0.988891559,0.999388778,1.48E-05,0.030581785,0.010912805,0.010392389,0.999478171,0.030484926
7426,0.010806462,0.999264274,0.030485027,0.99946788,0.989590257,1.54E-05,0.010613752,0.010914722,0.010408229,0.999485839,0.030485027
7427,0.010806361,0.999271235,0.030485228,0.97979779,0.989893749,1.88E-05,0.979798093,0.010916135,0.010418622,0.999569985,0.030485228
7428,0.010805857,0.999275069,0.030485329,0.010495907,0.99906773,1.95E-05,0.969203511,0.010916236,0.01049399,0.99957725,0.030485329
7429,0.010805756,0.999282132,0.030485733,0.999388173,0.988885102,2.20E-05,0.03058804,0.010916438,0.010495907,0.999672192,0.030485733
7430,0.010805554,0.0206859,0.030485935,0.999570591,0.99918164,0.000108967,0.030594094,0.010916942,0.989177496,0.999771574,0.030485935
7431,0.010805453,0.020686001,0.030485531,0.979612951,0.989277382,0.000121175,0.010313892,0.010918355,0.989185265,0.999773087,0.030485531
7432,0.010805352,0.02068812,0.030485632,0.979813933,0.988888936,0.000125917,0.969017359,0.989585515,0.01071949,0.999787515,0.030485632
7433,0.010804949,0.02069599,0.030486338,0.979691043,0.989093854,0.000206431,0.020296244,0.989585616,0.989387458,0.999792257,0.030486338
7434,0.010804848,0.02070053,0.030486036,0.999671082,0.989802238,0.000208651,0.999180531,0.989593789,0.989390384,0.999794275,0.030486036
7435,0.010804242,0.020700631,0.03048654,0.979400163,0.999676531,0.000213696,0.999793569,0.989595605,0.989391191,0.99987378,0.03048654
7436,0.010804141,0.020705777,0.030486742,0.979797387,0.999872973,0.000220052,0.021297123,0.989598732,0.989392907,0.99988841,0.030486742
7437,0.01080404,0.999375964,0.030486944,0.988872692,0.989089011,0.000309243,0.010105242,0.989683484,0.989395328,0.021304992,0.030486944
7438,0.010803839,0.999380101,0.030487044,0.97950913,0.999472016,0.0003156,0.000522636,0.989704874,0.989490371,0.010090107,0.030487044
7439,0.010803738,0.999384137,0.030487145,0.999982646,0.999269217,0.000317315,0.020988686,0.989783269,0.989492086,0.010193727,0.030487145
7440,0.010803233,0.020787603,0.030487246,0.988993362,0.98878572,0.000405497,0.020995749,0.989805164,0.989589248,0.988882378,0.030487246
7441,0.01080283,0.020795271,0.030487448,0.989076096,0.999176596,0.00041145,0.021191586,0.989888604,0.989590762,0.010316516,0.030487448
7442,0.010802527,0.020798499,0.03048765,0.979704462,0.989899097,0.000606278,0.021312055,0.030272138,0.989595806,0.988983273,0.03048765
7443,0.010802224,0.020801627,0.030487751,0.979708599,0.989692968,0.00061213,0.010410146,0.010297749,0.989597118,0.010606589,0.030487751
7444,0.01080172,0.020811515,0.030488053,0.98907761,0.010609616,0.000613644,0.011208831,0.030370612,0.989597623,0.989396135,0.030488053
7445,0.010801316,0.02081212,0.030488154,0.999994653,0.000915925,0.000620303,0.000404488,0.030371318,0.011013297,0.010796171,0.030488154
7446,0.010801215,0.999475447,0.030487852,0.988780171,0.989091634,0.000706568,0.969410547,0.030375858,0.0110137,0.011019653,0.030487852
7447,0.010801014,0.999475548,0.030488356,0.999876504,0.010501456,0.000706871,0.030592782,6.05E-07,0.01102157,0.011109853,0.030488356
7448,0.010800913,0.999485133,0.030488457,0.988783702,0.999770161,0.000708081,0.999988902,1.41E-06,0.011023487,0.989796386,0.030488457
7449,0.010800711,0.020903027,0.030488659,0.999977097,0.989074684,0.000713025,0.030578758,1.92E-06,0.989682274,0.989905958,0.030488659
7450,0.010800408,0.999571196,0.03048876,0.989184054,0.998963909,0.000716052,0.00042729,2.52E-06,0.989682677,1.11E-05,0.03048876
7451,0.010800106,0.999571398,0.030488861,0.989893749,0.999269419,0.000716657,0.030283943,2.93E-06,0.989687318,0.000414578,0.030488861
7452,0.010800005,0.999571902,0.030488961,0.999583909,0.010194332,0.000719785,0.010796171,3.33E-06,0.989699325,0.000519004,0.030488961
7453,0.0107995,0.999574627,0.030489062,0.988880562,0.99937546,0.0007215,0.02028343,5.15E-06,0.011105212,0.000526975,0.030489062
7454,0.010798592,0.999576039,0.030489365,0.97970083,0.998869976,0.000724224,0.020406825,6.86E-06,0.011111871,0.96931389,0.030489365
7455,0.01079839,0.999578259,0.030489466,0.999384137,0.99998083,0.000726141,0.020892231,7.47E-06,0.011117622,0.969515074,0.030489466
7456,0.010798189,0.999583707,0.030489567,0.988879654,0.989085984,0.000727554,0.999795284,7.97E-06,0.989781554,0.969605779,0.030489567
7457,0.010797886,0.020988888,0.030489668,0.979495711,0.988973284,0.000728159,0.010706677,8.68E-06,0.989784581,0.999275271,0.030489668
7458,0.010797684,0.020989796,0.03048997,0.979699518,0.989286866,0.000728563,0.030591975,9.38E-06,0.989801229,0.999279509,0.03048997
7459,0.010797381,0.020990301,0.030490273,0.988773008,0.989785086,0.000729673,0.021290363,1.16E-05,0.989802238,0.999388273,0.030490273
7460,0.010797281,0.020994942,0.030490576,0.979592973,0.999479079,0.000814929,0.968695201,1.17E-05,0.011202778,0.999469494,0.030490576
7461,0.010796978,0.020996556,0.030490979,0.979593074,0.999672898,0.000823606,0.030584206,1.42E-05,0.011209134,0.999487554,0.030490979
7462,0.010796473,0.030377069,0.030491282,0.979798799,0.988975605,0.979506103,0.0305948,1.46E-05,0.011219829,0.999688739,0.030491282
7463,0.010796372,0.021000794,0.030491686,0.99906773,0.021195118,0.979510441,0.999894161,1.48E-05,0.98988699,0.999794376,0.030491686
7464,0.010796272,0.021005132,0.030491887,0.010704054,0.000105133,0.000922382,0.999973969,1.54E-05,0.989899803,0.02121338,0.030491887
7465,0.010796171,0.999670275,0.030492089,0.999892849,0.999273556,0.000924198,0.999993543,1.88E-05,9.08E-07,0.999986682,0.030492089
7466,0.010795969,0.999673201,0.03049219,0.98908437,0.999671082,0.000933582,0.989787103,1.95E-05,2.22E-06,0.010102921,0.03049219
7467,0.010795767,0.99967421,0.030492291,0.979706783,0.999888511,0.979601549,0.989798,2.20E-05,2.72E-06,0.989289994,0.030492291
7468,0.01072171,0.999677035,0.030492795,0.979694272,0.98908437,0.001009152,0.999266493,0.000108967,3.53E-06,0.010901303,0.030492795
7469,0.010721609,0.999678347,0.0304933,0.979401374,0.999384137,0.001012078,0.999681676,0.000121175,0.978684111,0.989597925,0.0304933
7470,0.010721206,0.999685006,0.030493401,0.979710718,0.988976715,0.001017627,0.021108247,0.000125917,0.000120166,2.72E-06,0.030493401
7471,0.010721105,0.999687125,0.030493704,0.999774701,0.999572104,0.001018132,0.969517092,0.000206431,0.000217631,0.978690972,0.030493704
7472,0.010720096,0.99969005,0.030493804,0.000105133,0.998982776,0.001025194,0.999477061,0.000208651,0.000229032,0.000316104,0.030493804
7473,0.010719995,0.021089581,0.030494006,0.988885102,0.999182649,0.001025396,0.021309129,0.000213696,0.000229435,0.979596202,0.030494006
7474,0.010719793,0.021090187,0.030494107,0.979815548,0.989702352,0.001031248,0.010104636,0.000220052,0.000316104,0.998974099,0.030494107
7475,0.010719692,0.021090288,0.030494511,0.979396127,0.99937768,0.001110955,0.999077416,0.000309243,0.000316205,0.02059903,0.030494511
7476,0.01071949,0.021092911,0.030494914,0.979399759,0.989399868,0.001112468,0.020898184,0.0003156,0.000417907,0.020610835,0.030494914
7477,0.01071939,0.999769253,0.030495217,0.98898751,0.989288985,0.00111943,0.999682282,0.000317315,0.979099092,0.999273354,0.030495217
7478,0.010719289,0.999772986,0.030495621,0.000231554,0.999789937,0.001125988,0.988771898,0.000405497,0.979109484,0.020687515,0.030495621
7479,0.010719188,0.999777022,0.030495721,0.999995157,0.999371121,0.001128914,8.78E-06,0.00041145,0.979191411,0.99937889,0.030495721
7480,0.010719087,0.999778838,0.030495923,0.988996995,0.999271437,0.001130024,0.020200999,0.000606278,0.979207958,0.999486949,0.030495923
7481,0.010718784,0.999782067,0.030497437,0.989802238,0.999383229,0.001135573,0.021213682,0.00061213,0.000610415,0.999689344,0.030497437
7482,0.010718381,0.999788928,0.030571796,0.999572104,0.999272648,0.001136482,0.030281622,0.000613644,0.000614552,0.999777829,0.030571796
7483,0.01071828,0.999792156,0.96951235,0.010898882,0.011125088,0.001136683,0.989685906,0.000620303,0.000620303,0.99987146,0.96951235
7484,0.010718078,0.999793871,0.030573007,0.988882983,0.000620303,0.979809999,0.999486646,0.000706568,0.000719785,0.999879935,0.030573007
7485,0.010717977,0.999794376,0.030574722,0.979612446,0.02089435,0.020988787,0.020389673,0.000706871,0.979491473,0.011013398,0.030574722
7486,0.010717674,0.021188156,0.030575731,0.99937768,0.010910586,0.928443234,0.021292986,0.000708081,0.000915622,0.978787024,0.030575731
7487,0.010717573,0.021189972,0.969517597,0.979592368,0.000818763,0.030269717,0.989900409,0.000713025,0.979701637,0.000316911,0.969517597
7488,0.010717372,0.021191183,0.03057785,0.000606278,0.999278399,0.030269918,0.010109681,0.000716052,0.979701839,0.00041256,0.03057785
7489,0.01071717,0.021192595,0.969519615,0.979392293,0.999267704,0.030270423,0.010600434,0.000716657,0.001132547,0.000527378,0.969519615
7490,0.010716968,0.021193907,0.030580978,0.979816759,0.000606278,0.030270625,0.999381514,0.000719785,0.968901834,0.000620706,0.030580978
7491,0.010716262,0.021199254,0.969521229,0.999472016,0.000231554,0.030270927,0.999467274,0.0007215,0.968906778,0.000827541,0.969521229
7492,0.010716161,0.021201373,0.030580877,0.989091634,0.999769354,0.030272441,0.020600846,0.000724224,0.969000611,0.979797387,0.030580877
7493,0.010715757,0.021210555,0.030582693,0.999273556,0.99977904,0.030273954,0.979607805,0.000726141,0.969018772,0.021198649,0.030582693
7494,0.010714849,0.021216709,0.969523348,0.999585725,0.999580075,0.030275165,0.011216197,0.000727554,0.969202502,0.989287875,0.969523348
7495,0.010714748,0.999882457,0.030583702,0.979691548,0.020987577,0.030275468,0.021201373,0.000728159,0.969205226,0.989799413,0.030583702
7496,0.010714647,0.999882861,0.030583803,0.989692968,0.999387063,0.030277687,0.000710099,0.000728563,0.96920795,0.989889915,0.030583803
7497,0.010714042,0.999888208,0.030584408,0.999983352,0.999976592,0.030278999,0.999278096,0.000729673,0.969208858,0.989894557,0.030584408
7498,0.01071384,0.999888915,0.03058461,0.979611538,0.030283741,0.030279302,0.979396531,0.000814929,0.030286263,0.978905172,0.03058461
7499,0.010713639,0.999889116,0.030585518,0.020987577,0.999890529,0.030280411,0.999276482,0.000823606,0.030378481,0.00072029,0.030585518
7500,0.010713437,0.999890529,0.030584812,0.999365471,0.999873175,0.030280613,0.021087765,0.979506103,0.030391093,0.001012179,0.030584812
7501,0.010713235,0.02129571,0.030585821,0.021292078,0.989587836,0.030280916,0.030577749,0.979510441,0.030481293,0.001036999,0.030585821
7502,0.010712932,0.021296013,0.030586628,0.999890125,0.99978247,0.030281219,0.969510433,0.000922382,0.030485733,0.001125181,0.030586628
7503,0.010712831,0.021301158,0.030586022,0.979800313,0.999380202,0.030281622,0.999473631,0.000924198,0.030588242,0.969410951,0.030586022
7504,0.01071273,0.021301259,0.030586123,0.020989292,0.999573819,0.030281824,0.999975684,0.000933582,0.0305948,0.020199385,0.030586123
7505,0.01071263,0.021302773,0.030586931,0.979590552,0.99936759,0.030282631,0.030587031,0.979601549,0.969601844,0.999081553,0.030586931
7506,0.010712529,0.021315082,0.030586224,0.979707187,0.999365976,0.030283438,0.989797092,0.001009152,0.998862207,0.999264677,0.030586224
7507,0.010712327,0.021315183,0.030586325,0.979590148,0.979698913,0.03028364,0.999282132,0.001012078,0.998875424,0.999273758,0.030586325
7508,0.010712226,0.021318815,0.030586426,0.979607603,0.97970083,0.030283943,0.011217609,0.001017627,0.02028343,0.999275675,0.030586426
7509,0.010712125,0.021322952,0.03058683,0.030585821,0.979710718,0.030283741,0.01059549,0.001018132,0.020289484,0.999282737,0.03058683
7510,0.010711822,0.999972456,0.030587031,0.988984584,0.979810099,0.030284548,0.999978913,0.001025194,0.998978034,0.999366985,0.030587031
7511,0.010711621,0.999972758,0.030587132,0.99998194,0.979796176,0.030284851,0.989689639,0.001025396,0.998982776,0.999468283,0.030587132
7512,0.01071152,0.999973364,0.030587839,0.999387063,0.979612951,0.030284952,0.011023487,0.001031248,0.99906551,0.999681172,0.030587839
7513,0.010711419,0.999973767,0.030587233,0.999872973,0.979807476,0.030285759,0.989298772,0.001110955,0.999088514,0.999774601,0.030587233
7514,0.010711318,0.999987489,0.03058804,0.030472314,0.979799203,0.030285961,0.969100598,0.001112468,0.030273853,0.999777325,0.03058804
7515,0.010711217,0.030471204,0.030588242,0.999577754,0.979705976,0.030286667,0.999972859,0.00111943,0.020489761,0.999874991,0.030588242
7516,0.010710914,0.030477056,0.030588343,0.979510946,0.979404401,0.03028697,0.020784979,0.001125988,0.020504088,0.988978026,0.030588343
7517,0.010710713,0.030480789,0.030587939,0.999375763,0.979698409,0.030287071,0.978689458,0.001128914,0.020504189,0.010916841,0.030587939
7518,0.010710612,0.030571998,0.030588545,0.979389367,0.979506103,0.030287575,0.001123163,0.001130024,0.030279907,0.011006436,0.030588545
7519,0.010710511,0.03058007,0.030589049,0.979706884,0.979799001,0.030287777,0.99988165,0.001135573,0.999177504,0.989883458,0.030589049
7520,0.010710107,0.010098683,0.03058915,0.979502773,0.988783702,0.030288483,0.999387769,0.001136482,0.999181741,2.11E-05,0.03058915
7521,0.010710006,0.988775126,0.030589554,0.99977904,0.999365471,0.030288584,0.989400373,0.001136683,0.999271942,0.978691174,0.030589554
7522,0.010709805,0.010316617,0.030589655,0.999472117,0.988780171,0.030288988,0.01122447,0.979809999,0.999275069,0.978693999,0.030589655
7523,0.010709502,0.010317323,0.030589856,0.999282737,0.979811714,0.03028929,0.030488457,0.020988787,0.999282939,0.00021188,0.030589856
7524,0.010709199,0.01041842,0.030589957,0.999891134,0.979813933,0.030289694,0.99976895,0.928443234,0.999371525,0.979089608,0.030589957
7525,0.010709098,0.010601948,0.030590361,0.999283948,0.979698711,0.030289795,0.021310239,0.030269717,0.99937546,0.979399658,0.030590361
7526,0.010708997,0.010607396,0.030590563,0.989798,0.979708599,0.030290097,0.999281829,0.030269918,0.999387769,0.001009757,0.030590563
7527,0.010708695,0.010610423,0.030590664,0.979792645,0.979691548,0.030290501,0.978683001,0.030270423,0.020790125,0.03028929,0.030590664
7528,0.010708291,0.01061123,0.030590765,0.999272648,0.9798102,0.030290703,0.020197972,0.030270625,0.02081101,0.969623436,0.030590765
7529,0.010707888,0.989291305,0.030590865,0.999383229,0.979693667,0.030290905,0.020588839,0.030270927,0.999472218,0.998872296,0.030590865
7530,0.010707787,0.010706677,0.030591168,0.011125088,0.979792745,0.030291611,0.020900807,0.030272441,0.999474034,0.999478575,0.030591168
7531,0.010707484,0.010712327,0.030591269,0.988888936,0.979802532,0.030291813,0.969408025,0.030273954,0.999480794,0.020904439,0.030591269
7532,0.010706778,0.010715757,0.03059137,0.010501456,0.988980952,0.030291914,0.999687125,0.030275165,0.999485032,0.999669871,0.03059137
7533,0.010706677,0.010719793,0.030591471,0.99987711,0.979796378,0.030292317,0.030582088,0.030275468,0.020896367,0.99967421,0.030591471
7534,0.010706374,0.989387156,0.030591572,0.979706278,0.979815245,0.030292418,0.020610532,0.030277687,0.999571902,0.999776114,0.030591572
7535,0.010706273,0.989392907,0.030591975,0.999793165,0.979592368,0.030293225,1.77E-05,0.030278999,0.999573012,0.021193302,0.030591975
7536,0.010705971,0.989400776,0.030592076,0.989579966,0.979590148,0.030293528,0.000507805,0.030279302,0.999573719,0.999882861,0.030592076
7537,0.01070587,0.010816652,0.030592278,0.989803549,0.979497527,0.030369905,0.999872469,0.030280411,0.999578057,0.010112506,0.030592278
7538,0.010705769,0.010819881,0.030592379,0.979698812,0.979802028,0.030371621,0.969204116,0.030280613,0.999582597,0.010503474,0.030592379
7539,0.010705668,0.010906146,0.03059248,0.9798102,0.98887249,0.030371923,0.969510837,0.030280916,0.999585221,0.989188796,0.03059248
7540,0.010705466,0.010910687,0.030592581,0.020888699,0.988882983,0.030372024,0.97940208,0.030281219,0.020997061,0.989682274,0.030592581
7541,0.01070476,0.011005427,0.030592682,0.979311577,0.979816759,0.03037273,0.020179609,0.030281622,0.021004729,0.989703663,0.030592682
7542,0.010704659,0.011104506,0.030592782,0.999580075,0.979499545,0.030373033,0.020584198,0.030281824,0.999668863,0.989891025,0.030592782
7543,0.010704457,0.989783269,0.030592883,0.999180833,0.999180833,0.030373638,6.05E-07,0.030282631,0.999670376,0.000112801,0.030592883
7544,0.010704356,0.011199852,0.030592984,0.998862207,0.989184054,0.030375253,0.999378285,0.030283438,0.999672797,0.000729673,0.030592984
7545,0.010704054,0.011201264,0.030593287,0.999567362,0.979502773,0.030376867,0.010300675,0.03028364,0.999674311,0.97940097,0.030593287
7546,0.010703953,0.011202071,0.030593388,0.999669871,0.988996591,0.030377977,0.979801019,0.030283943,0.999676833,0.969009388,0.030593388
7547,0.010703852,0.011213271,0.030593489,0.020792244,0.988996995,0.030377775,0.999271134,0.030283741,0.999677439,0.969716663,0.030593489
7548,0.010703751,0.011223259,0.03059359,0.010302189,0.979798698,0.030378078,0.979511349,0.030284548,0.999677741,0.999065006,0.03059359
7549,0.01070365,1.31E-06,0.030593691,0.979705976,0.988785922,0.030378481,0.011110761,0.030284851,0.999684299,0.999778636,0.030593691
7550,0.010703549,7.37E-06,0.030593791,0.979306331,0.97979779,0.030379087,0.020786291,0.030284952,0.99968995,0.999793871,0.030593791
7551,0.010703448,7.57E-06,0.030593892,0.010199074,0.979399759,0.030379188,0.000104225,0.030285759,0.021093012,0.010092327,0.030593892
7552,0.010703246,9.38E-06,0.030593993,0.999881448,0.988773008,0.030378784,0.030380701,0.030285961,0.999771372,0.988774117,0.030593993
7553,0.010703145,1.36E-05,0.030594094,0.979690842,0.979706278,0.030380096,0.030485228,0.030286667,0.999771473,0.989094762,0.030594094
7554,0.010702944,1.50E-05,0.030594195,0.989578654,0.979695886,0.030380701,0.021313266,0.03028697,0.999778435,0.989400373,0.030594195
7555,0.010702742,1.77E-05,0.030594397,0.010613752,0.979404804,0.030381105,0.999984866,0.030287071,0.999781562,0.989584809,0.030594397
7556,0.010702237,1.87E-05,0.030594498,0.998963909,0.999375763,0.030381206,0.021318815,0.030287575,0.99978247,0.979197061,0.030594498
7557,0.010701935,2.18E-05,0.030594599,0.010300574,0.979501058,0.030381407,0.010911998,0.030287777,0.999784085,0.000914311,0.030594599
7558,0.010701733,0.000203505,0.030594699,0.97939199,0.979590552,0.030381508,0.96922036,0.030288483,0.999785396,0.000926721,0.030594699
7559,0.010701632,0.000231554,0.0305948,0.9796072,0.979698812,0.030381609,0.968807598,0.030288584,0.999789836,0.979690741,0.0305948
7560,0.010701531,0.000316205,0.030594901,0.999575232,0.979495307,0.030381811,0.020197064,0.030288988,0.999792156,0.968900018,0.030594901
7561,0.01070143,0.000405497,0.030595002,0.989883155,0.979690842,0.030381912,0.011216903,0.03028929,0.021198649,0.969517496,0.030595002
7562,0.010701329,0.000414578,0.030595103,0.979289683,0.97981464,0.030382114,0.010600838,0.030289694,0.021205005,0.969525467,0.030595103
7563,0.010701128,0.000416999,0.030595204,0.999873175,0.979391587,0.030382416,0.989883155,0.030289795,0.021211059,0.020892231,0.030595204
7564,0.010701027,0.979191411,0.030595305,0.999890529,0.979606291,0.030382618,0.020988283,0.030290097,0.999876807,0.999688638,0.030595305
7565,0.010700825,0.000608094,0.030595406,0.979613758,0.979500654,0.030382921,0.999482005,0.030290501,0.999878825,0.99989063,0.030595406
7566,0.010700623,0.000617578,0.030595809,0.979793553,0.979501159,0.030383022,0.030284851,0.030290703,0.999882558,0.989286563,0.030595809
7567,0.010700522,0.000623935,0.03059591,0.999182649,0.988779566,0.030383829,0.9992785,0.030290905,0.999882861,0.989490674,0.03059591
7568,0.01070032,0.000710906,0.030596011,0.989702352,0.99987711,0.030384132,0.999388173,0.030291611,0.021289354,0.011006234,0.030596011
7569,0.01070022,0.000715648,0.030596213,0.99936759,0.97939643,0.030384636,0.020292006,0.030291813,0.021290665,6.05E-06,0.030596213
7570,0.010699917,0.000723417,0.030596314,0.97939643,0.979611538,0.030384737,0.020686001,0.030291914,0.021291271,1.67E-05,0.030596314
7571,0.010699513,0.000724224,0.030596415,0.998982776,0.979601348,0.030384939,1.48E-05,0.030292317,0.021297223,1.92E-05,0.030596415
7572,0.010699211,0.000810187,0.030596616,0.979596202,0.9796072,0.030385847,0.999685208,0.030292418,0.021303479,0.978888625,0.030596616
7573,0.010698605,0.000933582,0.030596818,0.979501159,0.979613758,0.030386149,0.999278399,0.030293225,0.021306506,0.000315297,0.030596818
7574,0.010698504,0.001118825,0.030596919,0.000620303,0.979498435,0.030386957,0.010709805,0.030293528,0.021311046,0.979085875,0.030596919
7575,0.010698403,0.0011273,0.03059702,0.011206107,0.021292078,0.030387158,0.999576443,0.030369905,0.02131145,0.979101615,0.03059702
7576,0.010698101,0.969208858,0.030597121,0.989298872,0.979313091,0.03038736,0.00012289,0.030371621,0.02132164,0.000707476,0.030597121
7577,0.010698,0.030285355,0.030597222,0.989085379,0.979495004,0.030387764,0.030578052,0.030371923,0.999972859,0.968900321,0.030597222
7578,0.010697899,0.030377977,0.030597323,0.979802532,0.979691043,0.030388066,0.01010847,0.030372024,0.999982242,0.969115227,0.030597323
7579,0.010697697,0.030378683,0.030597424,0.979601348,0.989186879,0.030388571,0.999576644,0.03037273,0.999982848,0.999177907,0.030597424
7580,0.010697294,0.030387158,0.030597525,0.988779566,0.979510946,0.030389277,0.021102597,0.030373033,0.999986581,0.999269116,0.030597525
7581,0.010697092,0.030388874,0.030597625,0.979500654,0.979706884,0.030389681,0.96900162,0.030373638,0.999999193,0.999280921,0.030597625
7582,0.010696991,0.030482807,0.030597928,0.979499545,0.979612446,0.030389782,0.979293113,0.030375253,0.030480083,0.999385045,0.030597928
7583,0.010696587,0.030486742,0.03059813,0.999776618,0.998862207,0.030390084,0.010494999,0.030376867,0.03058007,0.999471714,0.03059813
7584,0.010696285,0.030486843,0.030598231,0.97959822,0.999567362,0.030390185,0.999788827,0.030377977,0.030582088,0.999894161,0.030598231
7585,0.010695982,0.030488457,0.030598332,0.999469696,0.979312183,0.030390589,0.020702447,0.030377775,0.010104535,0.999994249,0.030598332
7586,0.010695881,0.030489365,0.030598433,0.999283343,0.97950691,0.030390791,0.999583909,0.030378078,0.988778456,0.030480285,0.030598433
7587,0.01069578,0.030489567,0.969603458,0.999365976,0.979494601,0.030390992,0.999876,0.030378481,0.010200991,0.030575429,0.969603458
7588,0.010695477,0.03048997,0.958719307,0.979606291,0.979607603,0.030391093,0.01070365,0.030379087,0.988882882,0.988878947,0.958719307
7589,0.010695276,0.030490878,0.95872526,0.979503479,0.010704054,0.030392102,0.030584812,0.030379188,0.010308848,0.010709502,0.95872526
7590,0.010694973,0.030578052,0.020180114,0.97931188,0.979704462,0.030392506,0.030579767,0.030378784,0.988996793,0.989484317,0.020180114
7591,0.010622732,0.030580978,0.020180921,0.989186879,0.979792645,0.030470498,0.969101607,0.030380096,0.989073877,0.989585414,0.020180921
7592,0.010622631,0.030586325,0.020183948,0.979501058,0.020888699,0.030474433,0.000121982,0.030380701,0.9890878,4.34E-06,0.020183948
7593,0.01062253,0.03058804,0.020186773,0.97969185,0.979697904,0.030474836,0.021201575,0.030381105,0.010494293,8.58E-06,0.020186773
7594,0.010622329,0.030588948,0.020189093,0.979697501,0.979697501,0.030475139,0.999974474,0.030381206,0.989191621,0.978683506,0.020189093
7595,0.010622228,0.030591067,0.0201898,0.02090232,0.979594285,0.03047524,0.030389378,0.030381407,0.989196565,0.000118451,0.0201898
7596,0.010622026,0.03059137,0.020195349,0.989073877,0.979596202,0.030478368,0.999992332,0.030381508,0.010618696,0.000202194,0.020195349
7597,0.01062142,0.030594094,0.020195752,0.989079728,0.979400667,0.03047867,0.999887401,0.030381609,0.989282124,0.979000215,0.020195752
7598,0.01062132,0.030594599,0.020197064,0.979391587,0.999890125,0.030481293,0.999991121,0.030381811,0.989292819,0.979388056,0.020197064
7599,0.010621017,0.030598231,0.020197669,0.010308848,0.97969185,0.969423159,0.000220052,0.030381912,0.010704356,0.000916228,0.020197669
7600,0.010620916,0.020181224,0.020198073,0.979697904,0.979299672,0.030483009,0.999681878,0.030382114,0.010805453,0.030270019,0.020198073
7601,0.010620714,0.020201403,0.020198578,0.999267704,0.988782189,0.030482403,0.001016719,0.030382416,0.010916942,0.969716864,0.020198578
7602,0.010620412,0.020280303,0.020198981,5.04E-07,0.979694272,0.030482504,0.030374647,0.030382618,0.98970437,0.998866344,0.020198981
7603,0.010620109,0.020296547,0.020199788,0.989687217,0.97940097,0.030483816,0.000728159,0.030382921,0.98970447,0.99936981,0.020199788
7604,0.010619705,0.020299573,0.02019999,0.010797886,0.979392293,0.030484018,0.01070022,0.030383022,0.011102488,0.99938898,0.02019999
7605,0.010619604,0.020383619,0.020200394,0.001026405,0.979498737,0.030484119,0.00111146,0.030383829,0.01111066,0.99946677,0.020200394
7606,0.010619403,0.020388159,0.020200797,0.999573819,0.979401374,0.030483412,0.969018772,0.030384132,0.011110761,0.999585221,0.020200797
7607,0.010619302,0.999073986,0.020200999,0.99978247,0.979400163,0.030484421,0.999981032,0.030384636,0.011113486,0.999677439,0.020200999
7608,0.010618999,0.999079938,0.020201604,0.979497527,0.979793553,0.030484926,0.020885874,0.030384737,0.011207015,0.999773289,0.020201604
7609,0.010618797,0.020496823,0.020202512,0.979313091,0.979388358,0.030485027,0.01030229,0.030384939,0.030278696,0.999786002,0.020202512
7610,0.010618696,0.02049763,0.020203118,0.979198877,0.979504892,0.030485228,0.989805164,0.030385847,6.36E-06,0.99988276,0.020203118
7611,0.010618595,0.999173468,0.020204127,0.999389585,0.979396127,0.030485329,0.99969005,0.030386149,8.37E-06,0.999996771,0.020204127
7612,0.010618394,0.999181842,0.998876231,0.999183053,0.979311577,0.030485733,0.999873377,0.030386957,1.28E-05,0.988979035,0.998876231
7613,0.010618293,0.999183558,0.020280403,0.999779141,0.988984685,0.030485935,0.030588545,0.030387158,1.61E-05,0.988989629,0.020280403
7614,0.010618192,0.999184466,0.020281412,0.9992785,0.979707187,0.030485531,0.999287278,0.03038736,2.04E-05,0.989090524,0.020281412
7615,0.01061799,0.999184768,0.020281715,0.979303506,0.979289683,0.030485632,0.021322548,0.030387764,0.978798122,0.010503878,0.020281715
7616,0.010617889,0.020584299,0.020283128,0.979312183,0.99968662,0.030486338,0.00103488,0.030388066,0.00021531,0.989287572,0.020283128
7617,0.010617788,0.020585308,0.020286962,0.979591056,0.979299066,0.030486036,0.030471103,0.030388571,0.979085875,0.989886586,0.020286962
7618,0.010617486,0.020601754,0.020287668,0.999992332,0.979306331,0.03048654,0.999286672,0.030389277,0.97909546,6.26E-06,0.020287668
7619,0.010616779,0.020602763,0.020289787,0.989689639,0.988789554,0.030486742,0.979099092,0.030389681,0.000512345,0.978685322,0.020289787
7620,0.010616376,0.02061144,0.02029019,0.979399658,0.989578654,0.030486944,0.020998574,0.030389782,0.979189999,0.979590552,0.02029019
7621,0.010616073,0.999266796,0.0202913,0.020290392,0.999575232,0.030487044,0.999270428,0.030390084,0.000716052,0.97970305,0.0202913
7622,0.010615972,0.999268511,0.020294428,0.010194332,0.979303506,0.030487145,0.999890125,0.030390185,0.979390376,0.979813631,0.020294428
7623,0.010615468,0.999269621,0.020294529,0.979796075,0.979296342,0.030487246,0.979300378,0.030390589,0.979492179,0.998862409,0.020294529
7624,0.010615367,0.999274767,0.020296345,0.979299066,0.979389367,0.030487448,0.001036394,0.030390791,0.979495105,0.020492283,0.020296345
7625,0.010615165,0.999278399,0.020296547,0.979197061,0.979197061,0.03048765,0.968895175,0.030390992,0.00091986,0.020610532,0.020296547
7626,0.010615064,0.999281224,0.02029695,0.979404401,0.989579966,0.030487751,1.21E-05,0.030391093,0.0009356,0.999283746,0.02029695
7627,0.010614963,0.99928193,0.020297656,0.989086993,0.988879654,0.030488053,0.000515069,0.030392102,0.979592267,0.020691349,0.020297656
7628,0.01061456,0.020691248,0.02029806,0.979506103,0.979697299,0.030488154,0.030475542,0.030392506,0.979601549,0.999367287,0.02029806
7629,0.010614459,0.02069256,0.020299573,0.979194337,0.979503479,0.030487852,0.021210756,0.030470498,0.979603366,0.999578562,0.020299573
7630,0.010614358,0.999365471,0.020299977,0.979495004,0.989079728,0.030488356,0.999387971,0.030474433,0.001118724,0.999579268,0.020299977
7631,0.010614257,0.999366985,0.998978034,0.999185071,0.979591056,0.030488457,0.020704465,0.030474836,0.001126089,0.021109458,0.998978034
7632,0.010614156,0.9993687,0.998981061,0.979498737,0.97939199,0.030488659,0.021296517,0.030475139,0.001127098,0.999873074,0.998981061
7633,0.010614055,0.99936981,0.020380794,0.999976592,0.979509533,0.03048876,0.999689546,0.03047524,0.979816759,0.999890327,0.020380794
7634,0.010613752,0.999376973,0.020382913,0.979695886,0.979508121,0.030488861,0.999184869,0.030478368,0.96880669,0.999891538,0.020382913
7635,0.010613551,0.999379092,0.020383014,0.999999697,0.979592671,0.030488961,0.020691752,0.03047867,0.968808002,0.01011301,0.020383014
7636,0.010613248,0.999379697,0.020383619,0.999278399,0.010300574,0.030489062,0.020890415,0.030481293,0.969010902,0.988996995,0.020383619
7637,0.010613147,0.99938222,0.020383922,0.999769354,0.979399658,0.030489365,0.021117529,0.969423159,0.030283842,0.989075592,0.020383922
7638,0.010613046,0.999382724,0.020384426,0.030488356,1.12E-05,0.030489466,0.969115833,0.030483009,0.030284851,0.989181128,0.020384426
7639,0.010612945,0.999388273,0.020385738,0.98929181,0.97931188,0.030489567,0.021204703,0.030482403,0.030291005,0.989485427,0.020385738
7640,0.010612844,0.020789721,0.020386646,0.97950691,0.979812924,0.030489668,0.02110966,0.030482504,0.030291914,0.98978781,0.020386646
7641,0.010612744,0.02079073,0.020387655,0.998876231,0.989803549,0.03048997,0.999686015,0.030483816,0.969308038,2.62E-06,0.020387655
7642,0.010612643,0.020793555,0.020388361,0.988996591,0.999793165,0.030490273,0.999778838,0.030484018,0.030377674,0.000122083,0.020388361
7643,0.010612441,0.020800215,0.020388563,0.988984685,0.989073877,0.030490576,0.979709003,0.030484119,0.030381407,0.000214705,0.020388563
7644,0.010612138,0.999471007,0.020389774,0.97969407,0.979604879,0.030490979,0.999670376,0.030483412,0.030382416,0.000319232,0.020389774
7645,0.010612037,0.999473126,0.020389874,0.979494601,0.97969407,0.030491282,0.968802554,0.030484421,0.969408832,0.000619596,0.020389874
7646,0.010611835,0.999479079,0.020390783,0.999185273,0.979602659,0.030491686,0.969306323,0.030484926,0.969411556,0.000831879,0.020390783
7647,0.010611735,0.999482409,0.020391388,0.979190806,0.999669871,0.030491887,0.999265282,0.030485027,0.0304933,0.979794259,0.020391388
7648,0.010611533,0.020886278,0.020391792,0.979490262,0.97950015,0.030492089,0.999976189,0.030485228,0.969514267,0.97979779,0.020391792
7649,0.010611331,0.020886682,0.020393002,0.999376267,0.979701335,0.03049219,0.998982776,0.030485329,0.030585821,0.97981464,0.020393002
7650,0.01061123,0.020893442,0.020393406,0.99997972,0.9793029,0.030492291,0.02069942,0.030485733,0.030588545,0.999067226,0.020393406
7651,0.010611129,0.02089435,0.020395222,0.999992736,0.979492078,0.030492795,0.021299342,0.030485935,0.969708187,0.020187076,0.020395222
7652,0.010610827,0.020896166,0.020399157,0.979604879,0.979299369,0.0304933,0.021202887,0.030485531,0.020183544,0.999070353,0.020399157
7653,0.010610726,0.020898991,0.020400065,0.999991727,0.010719793,0.030493401,0.010805453,0.030485632,0.020197669,0.99917599,0.020400065
7654,0.010610625,0.020900403,0.02040178,0.979296342,0.998876231,0.030493704,0.021307616,0.030486338,0.020197972,0.999380706,0.02040178
7655,0.010610423,0.020901009,0.020403294,0.000404488,0.979190806,0.030493804,0.010912805,0.030486036,0.020199183,0.999781663,0.020403294
7656,0.010610322,0.999567766,0.020403697,0.000810691,0.979611336,0.030494006,0.96909979,0.03048654,0.99886372,0.999876504,0.020403697
7657,0.010610221,0.999573113,0.020403899,0.979495307,0.02090232,0.030494107,0.999787919,0.030486742,0.998877139,0.999878321,0.020403899
7658,0.01061012,0.999574021,0.020404202,0.979203014,0.999469696,0.030494511,0.011013398,0.030486944,0.020296042,0.99999213,0.020404202
7659,0.010610019,0.999580277,0.020404807,2.03E-05,0.000404488,0.030494914,0.03028142,0.030487044,0.998974503,0.999993845,0.020404807
7660,0.010609717,0.999582093,0.020405311,0.99968662,0.989086993,0.030495217,0.011117723,0.030487145,0.998980052,0.999998587,0.020405311
7661,0.010609616,0.999582597,0.020405715,1.36E-05,0.979490262,0.030495621,0.969524659,0.030487246,0.020406119,0.988978934,0.020405715
7662,0.010609515,0.999582698,0.999069546,0.99886372,0.979696088,0.030495721,0.020194441,0.030487448,0.999085488,0.98898065,0.999069546
7663,0.010609111,0.999583102,0.999073279,0.979592671,0.979394109,0.030495923,0.989482905,0.03048765,0.999173468,0.988981457,0.999073279
7664,0.01060891,0.999584212,0.030270524,0.021212875,0.989689639,0.030497437,0.020585308,0.030487751,0.020591967,0.989389274,0.030270524
7665,0.010608809,0.999584817,0.999088111,0.979388358,0.979500251,0.030571796,0.999893657,0.030488053,0.020610935,0.989681668,0.999088111
7666,0.010608607,0.999585826,0.999089422,0.999284957,0.97949793,0.030573007,0.999474438,0.030488154,0.020611137,0.989689033,0.999089422
7667,0.010608203,0.999587844,0.030273551,0.02089435,0.9992785,0.030574722,0.999990617,0.030487852,0.999264677,0.98969993,0.030273551
7668,0.010608001,0.020988081,0.030274358,0.979207958,0.979205839,0.030575731,0.021117328,0.030488356,0.99926841,0.011121254,0.030274358
7669,0.010607598,0.020993025,0.030274459,0.979308853,0.989883155,0.03057785,0.968701255,0.030488457,0.999281527,0.989803247,0.030274459
7670,0.010607396,0.020993429,0.020482193,0.979309963,0.979198877,0.030580978,0.999578763,0.030488659,0.999286874,1.75E-05,0.020482193
7671,0.010607295,0.02099928,0.020482698,0.979191108,0.989382716,0.030580877,0.999471209,0.03048876,0.020691954,0.000405094,0.020482698
7672,0.010607093,0.021004527,0.020483202,0.979701335,0.999389585,0.030582693,0.021003215,0.030488861,0.020695889,0.000410845,0.020483202
7673,0.010606791,0.999672192,0.020483404,0.999996872,0.979188586,0.030583702,0.999997377,0.030488961,0.999369305,0.000508309,0.020483404
7674,0.01060669,0.999674109,0.020483707,0.979597514,0.999284957,0.030583803,0.999668156,0.030489062,0.999377579,0.998862005,0.020483707
7675,0.010606589,0.999680163,0.020484413,0.979504892,0.999387971,0.030584408,0.030269918,0.030489365,0.999380706,0.999062685,0.020484413
7676,0.010606387,0.021088169,0.020486835,0.9793029,0.979797689,0.03058461,0.02099918,0.030489466,0.020789116,0.020500455,0.020486835
7677,0.010606185,0.021091902,0.020487137,0.979812924,0.999283343,0.030585518,0.000823404,0.030489567,0.020792143,0.999485234,0.020487137
7678,0.010605984,0.021092407,0.020489357,0.979508827,0.979497728,0.030584812,0.001115798,0.030489668,0.999469998,0.999571499,0.020489357
7679,0.010605681,0.021103505,0.020490971,0.979500251,0.979597514,0.030585821,0.030290097,0.03048997,0.999470806,0.020987577,0.020490971
7680,0.01060558,0.021108247,0.020491778,0.011115201,0.979191108,0.030586628,0.969513662,0.030490273,0.999472016,0.021002913,0.020491778
7681,0.010605378,0.021109155,0.020492283,0.030283741,0.979701435,0.030586022,0.969722817,0.030490576,0.999475649,0.999975382,0.020492283
7682,0.010605277,0.021112989,0.020492081,0.979205839,0.979610428,0.030586123,0.010417613,0.030490979,0.99948705,0.999985471,0.020492081
7683,0.010605176,0.021116319,0.020492787,0.979389065,0.979104137,0.030586931,0.020607202,0.030491282,0.020889809,0.989176184,0.020492787
7684,0.010604874,0.999779948,0.020493191,0.010910586,0.979796075,0.030586224,0.020300683,0.030491686,0.020901009,0.98918698,0.020493191
7685,0.010604773,0.999781058,0.0204942,0.979611336,0.979086279,0.030586325,0.968998895,0.030491887,0.999567059,0.01080283,0.0204942
7686,0.010604672,0.999788827,0.020494402,0.989176184,0.999185071,0.030586426,0.020388866,0.030492089,0.999576644,0.989597118,0.020494402
7687,0.010604571,0.999794981,0.020494704,0.989481492,0.979194337,0.03058683,0.999986884,0.03049219,0.999579772,0.011017837,0.020494704
7688,0.010604369,0.021188559,0.020495612,0.988789554,0.989687217,0.030587031,0.999476254,0.030492291,0.999582799,1.45E-05,0.020495612
7689,0.010604268,0.02118866,0.020495209,0.979104137,0.99976895,0.030587132,0.999999697,0.030492795,0.999585019,0.000107453,0.020495209
7690,0.010603966,0.021194008,0.030277788,0.97920029,0.979203014,0.030587839,0.999582093,0.0304933,0.020989594,0.00031681,0.030277788
7691,0.010603764,0.02119542,0.02049763,0.979288876,0.011206107,0.030587233,0.999379597,0.030493401,0.020999684,0.000627466,0.02049763
7692,0.01060336,0.021197337,0.020498236,0.979299672,0.979193328,0.03058804,0.968995768,0.030493704,0.021003316,0.000823202,0.020498236
7693,0.010603158,0.021202382,0.030278091,0.999184667,0.979294526,0.030588242,0.001128511,0.030493804,0.999668257,0.979493087,0.030278091
7694,0.010602553,0.021203391,0.020499547,0.979108576,0.979205436,0.030588343,0.020485523,0.030494006,0.999668358,0.97961063,0.020499547
7695,0.01060215,0.021204097,0.030278293,0.97940097,0.979309963,0.030587939,0.030373033,0.030494107,0.999671486,0.979813933,0.030278293
7696,0.010602049,0.021206317,0.020499043,0.979509533,0.979202005,0.030588545,0.999673302,0.030494511,0.999680869,0.969607393,0.020499043
7697,0.010601948,0.021211362,0.020499749,0.979306129,0.020290392,0.030589049,0.030579464,0.030494914,0.999681071,0.998966734,0.020499749
7698,0.010601746,0.999873074,0.020501061,0.979296947,0.979288876,0.03058915,2.02E-06,0.030495217,0.999685208,0.999266594,0.020501061
7699,0.010601645,0.999886291,0.020504895,0.979697299,0.979197162,0.030589554,0.969206436,0.030495621,0.999687024,0.999468081,0.020504895
7700,0.010601544,0.999888107,0.030279403,0.979193328,0.999185273,0.030589655,0.999373341,0.030495721,0.999688739,0.999468687,0.030279403
7701,0.010601241,0.99989063,0.030279907,0.979394715,0.999999697,0.030589856,0.030381105,0.030495923,0.021090389,0.99946899,0.030279907
7702,0.010601141,0.999894565,0.03028142,0.000108967,0.989481492,0.030589957,0.999371929,0.030497437,0.021096846,0.999478776,0.03028142
7703,0.010600838,0.021296214,0.999176091,0.979508121,0.989298872,0.030590361,0.030372226,0.030571796,0.021099166,0.999574727,0.999176091
7704,0.010600737,0.021297022,0.999176192,0.999270529,0.99997972,0.030590563,0.02110633,0.030573007,0.02110179,0.999577956,0.999176192
7705,0.010600434,0.021302974,0.999177403,0.999178614,0.999992736,0.030590664,0.030373638,0.030574722,0.02111652,0.021307313,0.999177403
7706,0.010600333,0.021319723,0.999178815,0.979591964,0.979207958,0.030590765,0.020803544,0.030575731,0.999771675,0.999972153,0.999178815
7707,0.010600031,0.021320227,0.999179017,0.99976895,0.999376267,0.030590865,0.03059591,0.03057785,0.999780049,0.999973666,0.999179017
7708,0.010599728,0.999974776,0.999179219,0.999687125,0.999180329,0.030591168,0.020588739,0.030580978,0.999788827,0.999984967,0.999179219
7709,0.010599425,0.999977904,0.99917932,1.12E-05,0.97920029,0.030591269,0.969010902,0.030580877,0.99979478,0.988884698,0.99917932
7710,0.010599324,0.999983251,0.999179723,0.979394109,5.04E-07,0.03059137,0.020281614,0.030582693,0.021195118,0.010311572,0.999179723
7711,0.010599224,0.99998426,0.999179925,0.979097276,0.979591964,0.030591471,0.021107339,0.030583702,0.021196127,0.01039925,0.999179925
7712,0.010599022,0.99998648,0.999180228,0.979107467,0.97919575,0.030591572,7.37E-06,0.030583803,0.021200768,0.98948351,0.999180228
7713,0.01059882,0.999993038,0.99918043,0.000818763,0.979195851,0.030591975,0.021191788,0.030584408,0.021212875,0.989484923,0.99918043
7714,0.010598719,0.999996771,0.999181136,0.999286874,0.979600742,0.030592076,0.010316919,0.03058461,0.999870854,0.989698114,0.999181136
7715,0.010598416,0.999996872,0.999181237,0.979694978,0.978997087,0.030592278,0.999781865,0.030585518,0.999875798,0.98970437,0.999181237
7716,0.010598316,0.999996973,0.999181943,0.979107366,0.989176184,0.030592379,0.998975815,0.030584812,0.999878018,0.989785691,0.999181943
7717,0.010598215,0.999997579,0.99918386,0.999888511,0.979308853,0.03059248,0.021113594,0.030585821,0.999878522,0.011202071,0.99918386
7718,0.010598114,0.030577951,0.999183961,0.999184365,0.999367893,0.030592581,0.999285159,0.030586628,0.999879531,0.000622926,0.999183961
7719,0.010598013,0.030581785,0.999184667,0.979095964,0.979499645,0.030592682,0.999991727,0.030586022,0.999880641,0.979494197,0.999184667
7720,0.010597912,0.030582289,0.99918497,0.97970305,0.979294929,0.030592782,0.030486843,0.030586123,0.99988276,0.97960165,0.99918497
7721,0.01059771,0.030584105,0.020585207,0.979294929,0.979194842,0.030592883,0.999885181,0.030586931,0.999887704,0.979798497,0.020585207
7722,0.010597508,0.010107663,0.02058551,0.979202005,0.979093039,0.030592984,0.9994815,0.030586224,0.999891336,0.998974402,0.02058551
7723,0.010597407,0.010112506,0.020586519,0.979696088,0.979102825,0.030593287,0.030593993,0.030586325,0.021292986,0.999178109,0.020586519
7724,0.010597307,0.010193121,0.020587124,0.979497728,0.979090718,0.030593388,2.03E-05,0.030586426,0.021306708,0.99927174,0.020587124
7725,0.010597105,0.010494293,0.020587831,0.979614565,0.979201501,0.030593489,0.020589041,0.03058683,0.999971245,0.999376267,0.020587831
7726,0.010597004,0.010522644,0.020588537,0.99998759,0.989289691,0.03059359,0.011005427,0.030587031,0.999977198,0.020803948,0.020588537
7727,0.010596903,0.010596903,0.959529494,0.979610428,0.979096873,0.030593691,0.999378386,0.030587132,0.99998648,0.999671688,0.959529494
7728,0.010596701,0.010610322,0.9595301,0.99937546,0.979107467,0.030593791,0.999771977,0.030587839,0.999988498,0.021197943,0.9595301
7729,0.0105966,0.010611331,0.020589848,0.979102825,0.999687125,0.030593892,0.968909603,0.030587233,0.999991928,0.999873175,0.020589848
7730,0.010596499,0.010615064,0.020591261,0.979602659,0.999885181,0.030593993,0.020399157,0.03058804,0.99999667,0.021310542,0.020591261
7731,0.010596399,0.010700825,0.020593682,0.979197162,0.979508827,0.030594094,0.989785994,0.030588242,0.999996872,0.999973162,0.020593682
7732,0.010596298,0.010701027,0.020595196,0.999780856,0.979296947,0.030594195,0.02070164,0.030588343,0.03047645,0.988982365,0.020595196
7733,0.010596096,0.010898075,0.020596709,0.97909657,0.979388156,0.030594397,0.999573719,0.030587939,0.030480688,0.988990134,0.020596709
7734,0.010595995,0.010910586,0.020599433,0.97949793,0.000814929,0.030594498,0.978985888,0.030588545,0.030583399,0.989487143,0.020599433
7735,0.010595894,0.010916034,0.020599534,0.999885181,0.979097276,0.030594599,0.030495621,0.030589049,0.010093538,0.011108945,0.020599534
7736,0.010595793,0.989578352,0.020599938,0.000810591,0.979108576,0.030594699,0.999686216,0.03058915,0.01010847,0.989885375,0.020599938
7737,0.010595692,0.989599237,0.020600241,0.979797689,0.979397842,0.0305948,0.030390589,0.030589554,0.010209971,0.978993253,0.020600241
7738,0.01059549,0.011007546,0.020600745,0.979194842,0.979693263,0.030594901,0.020898285,0.030589655,0.9888736,0.000515876,0.020600745
7739,0.01059539,0.011010875,0.020602763,0.979205436,0.999996872,0.030595002,0.021308625,0.030589856,0.988879654,0.000614955,0.020602763
7740,0.010595289,0.011022478,0.020602864,0.979701435,0.979105247,0.030595103,0.010917951,0.030589957,0.0102922,0.000829962,0.020602864
7741,0.010595188,0.989704975,0.020603267,0.999279307,0.999286874,0.030595204,0.999180632,0.030590361,0.988974798,0.979602659,0.020603267
7742,0.010594986,0.0111151,0.020603469,0.979491675,0.979095964,0.030595305,0.000726141,0.030590563,0.988982365,0.998980052,0.020603469
7743,0.010594885,0.011121557,0.020604579,0.979090718,0.979300479,0.030595406,0.99998981,0.030590664,0.988993564,0.999078627,0.020604579
7744,0.010594683,0.989787103,0.020605084,0.989092239,0.979096973,0.030595809,0.000826936,0.030590765,0.010395416,0.99916691,0.020605084
7745,0.010594482,0.989804558,0.020605487,0.989695693,0.99886372,0.03059591,0.020703456,0.030590865,0.010408431,0.999184869,0.020605487
7746,0.010594381,0.011201567,0.020606193,0.97950015,0.999984664,0.030596011,0.01090766,0.030591168,0.010410348,0.99927517,0.020606193
7747,0.01059428,0.011202273,0.020607505,0.979093039,0.999178614,0.030596213,0.020900403,0.030591269,0.989077307,0.999382926,0.020607505
7748,0.010594078,0.011215188,0.020607909,0.979300479,0.989400373,0.030596314,0.01071949,0.03059137,0.010600434,0.999483619,0.020607909
7749,0.010593977,0.011222957,0.020608211,0.979105247,0.979306129,0.030596415,0.020492787,0.030591471,0.010615468,0.999577048,0.020608211
7750,0.010525268,0.011225883,0.020608312,0.979299369,0.999267805,0.030596616,0.021304589,0.030591572,0.989278996,0.999976189,0.020608312
7751,0.010525066,0.989903133,0.020608817,0.979004251,0.999184869,0.030596818,0.020195349,0.030591975,0.010710713,0.999986278,0.020608817
7752,0.01052446,4.64E-06,0.020609018,0.999184869,0.999183759,0.030596919,0.021308423,0.030592076,0.989391494,0.989076197,0.020609018
7753,0.010524359,1.40E-05,0.020609523,0.979511147,0.021212875,0.03059702,0.999789735,0.030592278,0.989400373,0.98938201,0.020609523
7754,0.010524158,1.51E-05,0.020610935,0.979188586,0.979488951,0.030597121,0.969004747,0.030592379,0.010800106,0.989397245,0.020610935
7755,0.010524057,1.61E-05,0.020611137,0.979087388,0.97961063,0.030597222,0.021209041,0.03059248,0.010817056,0.9895838,0.020611137
7756,0.010523956,2.23E-05,0.999265182,0.978997794,0.988876122,0.030597323,0.999785295,0.030592581,0.010818166,0.989593789,0.999265182
7757,0.01052325,0.000117644,0.999265484,0.979392798,0.97970305,0.030597424,0.030582895,0.030592682,0.01090766,0.01100805,0.999265484
7758,0.010523149,0.00021531,0.999266291,0.978996684,0.989595201,0.030597525,0.01100008,0.030592782,0.010912805,0.979003343,0.999266291
7759,0.010523048,0.000304905,0.999266493,0.979001426,0.97909657,0.030597625,0.000208146,0.030592883,0.989586827,0.000505181,0.999266493
7760,0.010522846,0.000309243,0.999266998,0.979085471,0.979694978,0.030597928,0.999482308,0.030592984,0.989588038,0.979488951,0.999266998
7761,0.010522644,0.000310958,0.999267704,0.989686007,0.979614565,0.03059813,0.020989594,0.030593287,0.989590257,0.020202008,0.999267704
7762,0.010522442,0.000320947,0.999268713,0.978997087,0.978887515,0.030598231,0.010999171,0.030593388,0.011017232,0.998981162,0.999268713
7763,0.010522039,0.00052304,0.999269318,0.979709003,0.999992332,0.030598332,0.021004729,0.030593489,0.011019855,0.999070151,0.999269318
7764,0.010521837,0.000813718,0.999269419,0.97939189,0.979206646,0.030598433,0.001128914,0.03059359,0.989701847,0.999085185,0.999269419
7765,0.010521635,0.000823404,0.999270025,0.999387971,0.97961285,0.958719307,0.979186972,0.030593691,0.01121317,0.999269318,0.999270025
7766,0.010521534,0.001015609,0.999270226,0.999890932,0.978996684,0.95872526,0.999486949,0.030593791,0.011216903,0.99927285,0.999270226
7767,0.010521333,0.001025396,0.999270731,0.010719793,0.97910222,0.020183948,0.99967986,0.030593892,0.989884164,0.020695586,0.999270731
7768,0.010520828,0.001026405,0.999270832,0.979594285,0.979089205,0.020186773,0.020804755,0.030593993,0.989897281,0.999472218,0.999270832
7769,0.010520425,0.001036293,0.999271639,0.979312283,0.979098285,0.0201898,0.999971245,0.030594094,0.030370713,0.999675723,0.999271639
7770,0.010520223,0.001135573,0.999272446,0.999367893,0.979396934,0.020195349,0.030582794,0.030594195,6.15E-06,0.999974877,0.999272446
7771,0.010520122,0.979813631,0.999274363,0.979294526,0.030488356,0.020197064,0.989479172,0.030594397,7.16E-06,0.030475341,0.999274363
7772,0.010519416,0.96922147,0.999274464,0.979492078,0.999780957,0.020197669,0.020899092,0.030594498,7.26E-06,0.010695881,0.999274464
7773,0.010519012,0.030281622,0.999274867,0.98940007,0.979389065,0.020198073,0.021103505,0.030594599,2.08E-05,0.989697811,0.999274867
7774,0.010518911,0.030374345,0.999274968,0.988782189,0.989803448,0.020198578,0.020494099,0.030594699,2.22E-05,0.011101176,0.999274968
7775,0.01051881,0.030379087,0.99927517,0.999780957,0.978905273,0.020198981,0.030480083,0.0305948,0.978683001,0.011107634,0.99927517
7776,0.010518709,0.030380701,0.99927628,0.979703352,0.999184667,0.02019999,0.021193604,0.030594901,0.000111489,0.011120851,0.99927628
7777,0.010518608,0.030381105,0.999277087,0.999183759,0.011115201,0.020200394,0.989190108,0.030595002,0.000117038,0.989897583,0.999277087
7778,0.010518306,0.030381508,0.999277188,0.999267805,0.979511147,0.020200999,0.010192919,0.030595103,0.000203505,0.978802461,0.999277188
7779,0.010518205,0.030390791,0.999278298,0.979096873,0.979390376,0.020201604,0.020686102,0.030595204,0.000228325,0.000313582,0.999278298
7780,0.010518104,0.030485733,0.999278802,0.999984664,0.978899825,0.020203118,0.030279302,0.030595305,0.000231453,0.000528589,0.999278802
7781,0.010518003,0.030582693,0.999279408,0.979600742,0.978997794,0.020204127,0.030474735,0.030595406,0.000305813,0.979701435,0.999279408
7782,0.010517801,0.03058461,0.99927971,0.989289691,0.010797886,0.998876231,0.01121549,0.030595809,0.0003156,0.969217737,0.99927971
7783,0.0105177,0.030586426,0.999280114,0.979397842,0.979491776,0.020280403,0.968709831,0.03059591,0.978990731,0.969413877,0.999280114
7784,0.010517499,0.030589352,0.999280316,0.978994767,0.979107366,0.020281412,0.998977328,0.030596011,0.979005865,0.969618593,0.999280316
7785,0.010517398,0.030593489,0.999283141,0.979499645,0.978901439,0.020281715,0.99998759,0.030596213,0.00042608,0.999064501,0.999283141
7786,0.010517196,0.03059591,0.999283242,0.979090516,0.999779141,0.020283128,0.030271028,0.030596314,0.979100404,0.999086597,0.999283242
7787,0.010516893,0.020197064,0.999283645,0.989382716,0.000810691,0.020286962,0.989792047,0.030596415,0.000525663,0.999176293,0.999283645
7788,0.010516691,0.020200394,0.999284251,0.979200694,0.989092239,0.020287668,0.989583497,0.030596616,0.979205738,0.999378588,0.999284251
7789,0.010516086,0.998862207,0.999284553,0.979086279,2.03E-05,0.02029019,0.999579369,0.030596818,0.000726141,0.020799004,0.999284553
7790,0.010515985,0.02028343,0.999285058,0.979195851,0.979090516,0.0202913,0.999583102,0.030596919,0.979392091,0.999570591,0.999285058
7791,0.010515884,0.020296042,0.999285663,0.979201501,0.979697803,0.020294428,0.999983151,0.03059702,0.000826936,0.999584817,0.999285663
7792,0.010515683,0.02029695,0.999285966,0.979098285,0.979794057,0.020294529,0.978898513,0.030597121,0.000932068,0.999680566,0.999285966
7793,0.010515582,0.998966431,0.99928647,0.979298057,0.979398246,0.020297656,0.020287567,0.030597222,0.001009253,0.999769354,0.99928647
7794,0.010515279,0.020381904,0.999287479,0.000814929,0.99998759,0.02029806,0.021314981,0.030597323,0.001025194,0.99978015,0.999287479
7795,0.010514976,0.020391388,0.020685598,0.99958068,0.988785619,0.020299573,0.000923593,0.030597424,0.968697522,0.999782369,0.020685598
7796,0.010514875,0.020405311,0.0206859,0.97961285,0.979394715,0.020299977,0.020593884,0.030597525,0.968704181,0.988877232,0.0206859
7797,0.010514774,0.999072775,0.020686102,0.978993253,0.978998702,0.998978034,0.999570591,0.030597625,0.968710537,0.010300171,0.020686102
7798,0.010514573,0.020491778,0.020686809,0.999180632,0.979491675,0.020380794,0.021203795,0.030597928,0.968802856,0.010317323,0.020686809
7799,0.010514169,0.020494099,0.020687313,0.978904466,0.97879893,0.020382913,0.010999474,0.03059813,0.030270019,0.988978228,0.020687313
7800,0.010513967,0.020497933,0.020687414,0.979104339,0.979104339,0.020383014,0.000217631,0.030598231,0.969221369,0.988999618,0.020687414
7801,0.010513866,0.999171652,0.020688927,0.979494096,0.9788971,0.020383619,0.020798701,0.030598332,0.969306928,0.010498833,0.020688927
7802,0.010513564,0.999178614,0.020689432,0.979206646,0.999270529,0.020383922,0.020284137,0.030598433,0.030373638,0.011105212,0.020689432
7803,0.010513463,0.999180833,0.020691046,0.979304111,0.97939189,0.020385738,0.999586532,0.958719307,0.969315807,0.000318727,0.020691046
7804,0.010513261,0.020586115,0.020691551,0.979096973,0.978903961,0.020386646,0.969415087,0.95872526,0.969420334,0.979312183,0.020691551
7805,0.010512958,0.020586519,0.020691752,0.979488951,0.979298057,0.020387655,0.030485329,0.020183948,0.969523953,0.000707779,0.020691752
7806,0.010512555,0.020586922,0.020691954,0.988888331,0.979104541,0.020388361,0.030472011,0.020186773,0.03059359,0.0007215,0.020691954
7807,0.010512252,0.020596709,0.02069266,0.989400373,0.978887414,0.020388563,0.03027456,0.0201898,0.969604972,0.001128914,0.02069266
7808,0.010511546,0.020603267,0.020692761,0.020988384,0.97909435,0.020389874,0.03047867,0.020195349,0.969611126,0.969406814,0.020692761
7809,0.010511344,0.999271134,0.020693367,0.979291196,0.97929382,0.020390783,0.021212875,0.020197064,0.969714746,0.969408832,0.020693367
7810,0.010511142,0.999271437,0.020693972,0.979697803,0.979614161,0.020391388,0.020701943,0.020197669,0.969716864,0.969511543,0.020693972
7811,0.010510739,0.999271942,0.020695586,0.979089205,0.979304111,0.020391792,0.978682396,0.020198073,0.020198981,0.020296042,0.020695586
7812,0.010510537,0.999273051,0.020695687,0.989074785,0.97898609,0.020393406,0.010810901,0.020198578,0.020281614,0.998968147,0.020695687
7813,0.010510234,0.999284755,0.020695889,0.988774117,0.978993253,0.020399157,0.999792762,0.020198981,0.020291098,0.999081149,0.020695889
7814,0.010510133,0.999286571,0.020697806,0.979388156,0.979291196,0.020400065,0.989695693,0.02019999,0.02029806,0.999082864,0.020697806
7815,0.010510032,0.999286874,0.020698512,0.999998487,0.979392798,0.02040178,0.999870854,0.020200394,0.020393406,0.999085084,0.020698512
7816,0.010509932,0.020699521,0.020699219,0.979396934,0.979196052,0.020403294,0.020391287,0.020200999,0.020493595,0.999184365,0.020699219
7817,0.01050973,0.020700732,0.020699521,0.979000215,0.988888331,0.020403697,0.020292713,0.020201604,0.999176798,0.999265787,0.020699521
7818,0.010509427,0.999371121,0.020699723,0.97920372,0.979710415,0.020404202,0.020692055,0.020203118,0.999180632,0.999568876,0.020699723
7819,0.010509124,0.999371424,0.020700429,0.979095662,0.999377276,0.020404807,0.020700732,0.020204127,0.999180732,0.999571196,0.020700429
7820,0.010509023,0.999375763,0.02070053,0.97949006,0.999991727,0.020405311,0.9790887,0.998876231,0.999180833,0.999684501,0.02070053
7821,0.010508923,0.999377478,0.020700631,0.97898609,0.97949006,0.999069546,0.02079073,0.020280403,0.999183457,0.999770767,0.020700631
7822,0.010508822,0.020792748,0.020700732,0.978990227,0.989686007,0.999073279,0.999379294,0.020281412,0.999184264,0.999789836,0.020700732
7823,0.01050862,0.020794161,0.020701136,0.979710415,0.999373038,0.030270524,0.010806462,0.020281715,0.999184365,0.02131488,0.020701136
7824,0.010508519,0.02081101,0.020702245,0.978988612,0.979494096,0.999089422,0.021291472,0.020283128,0.999265383,0.030481899,0.020702245
7825,0.010508317,0.999467678,0.020702447,0.979794057,0.979208765,0.030273551,0.979195245,0.020286962,0.999271639,0.9888736,0.020702447
7826,0.010508216,0.999469393,0.020702649,0.999271841,0.97900415,0.030274358,0.000820478,0.020287668,0.999274767,0.989492389,0.020702649
7827,0.010507712,0.999470402,0.020704263,0.978905273,0.979193227,0.030274459,0.021092709,0.02029019,0.999279206,0.979087388,0.020704263
7828,0.010507611,0.999471209,0.020705071,0.979088296,0.988774117,0.020482193,0.020381198,0.0202913,0.999280619,0.001125988,0.020705071
7829,0.01050751,0.999472117,0.020705777,0.979813025,0.979703352,0.020482698,0.999684501,0.020294428,0.999281022,0.969304506,0.020705777
7830,0.010507207,0.999477969,0.020705979,0.979196052,0.989074785,0.020483202,0.020903329,0.020294529,0.999283746,0.96961718,0.020705979
7831,0.010507006,0.999480189,0.02070618,0.97909435,0.979295737,0.020483404,0.999777224,0.020297656,0.999284755,0.998866243,0.02070618
7832,0.010506905,0.999482913,0.020708905,0.97961063,0.978904668,0.020483707,0.030383829,0.02029806,0.020703456,0.998971073,0.020708905
7833,0.010506804,0.99948372,0.999365269,0.999370415,0.979312283,0.020484413,0.999184466,0.020299573,0.999366077,0.999066519,0.999365269
7834,0.010506703,0.020885874,0.99936537,0.979398246,0.979197868,0.020486835,0.999572003,0.020299977,0.999372231,0.999173468,0.99936537
7835,0.010506602,0.020886782,0.999365875,0.978904668,0.989789424,0.020487137,0.99997972,0.998978034,0.999373038,0.999284251,0.999365875
7836,0.010506501,0.020896367,0.999365976,0.97919575,0.999786506,0.020489357,0.998961689,0.020380794,0.999374148,0.020685093,0.999365976
7837,0.010505997,0.020896569,0.999366581,0.999180329,0.979098386,0.020490971,0.999466064,0.020382913,0.999375561,0.999369305,0.999366581
7838,0.010505593,0.020897376,0.999367489,0.999373038,0.999789735,0.020491778,0.969311973,0.020383014,0.999377478,0.999476658,0.999367489
7839,0.010505391,0.020905246,0.99936759,0.030474735,0.97920372,0.020492283,0.030383526,0.020383619,0.999379597,0.999568573,0.99936759
7840,0.010504786,0.020905953,0.999367893,0.999377276,0.9789872,0.020492081,0.011207015,0.020383922,0.999380101,0.999586532,0.999367893
7841,0.010504584,0.02090787,0.999369305,0.999373341,0.99958068,0.020492787,0.000125513,0.020385738,0.999387063,0.999788322,0.999369305
7842,0.010504382,0.999567362,0.999369406,0.979390376,0.979000215,0.020493191,0.0101005,0.020386646,0.020792547,0.999893657,0.999369406
7843,0.01050418,0.999567665,0.999370112,0.979391486,0.979087388,0.020494402,0.010911494,0.020387655,0.02080314,0.021313871,0.999370112
7844,0.010503878,0.99957281,0.999371323,0.999993038,0.979201299,0.020494704,0.999586028,0.020388361,0.999466164,0.989385541,0.999371323
7845,0.010503676,0.999576846,0.999371727,0.97910222,0.999780856,0.020495612,0.99988387,0.020388563,0.999469696,0.989806072,0.999371727
7846,0.010503474,0.999581992,0.999371828,0.979614161,0.979813025,0.030277788,0.020989796,0.020389874,0.999471512,0.989905151,0.999371828
7847,0.010503272,0.020989292,0.999372332,0.979288674,0.979090819,0.02049763,0.020888699,0.020390783,0.999474438,0.978790152,0.999372332
7848,0.010502768,0.02099918,0.999372937,0.97929382,0.978994767,0.020498236,0.030381508,0.020391388,0.999482005,0.000208449,0.999372937
7849,0.010502667,0.021000188,0.999373341,0.978998702,0.000810591,0.030278091,0.969519413,0.020391792,0.999485133,0.000312371,0.999373341
7850,0.010502465,0.021004628,0.999373543,0.979197868,0.979003948,0.020499547,0.999283746,0.020393406,0.020895863,0.000524755,0.999373543
7851,0.010502364,0.999674412,0.999373946,0.010618696,0.978990227,0.030278293,0.000819671,0.020399157,0.999569784,0.979405006,0.999373946
7852,0.010502163,0.999678246,0.999374451,0.999467274,0.979200694,0.020499043,0.999882457,0.020400065,0.999576039,0.979614161,0.999374451
7853,0.010502062,0.999686116,0.999374854,0.999580176,0.011112275,0.020499749,0.999182246,0.02040178,0.999579671,0.96971414,0.999374854
7854,0.010501961,0.021087362,0.999375157,0.988785619,0.989695693,0.020501061,0.010405001,0.020403294,0.999582093,0.999066015,0.999375157
7855,0.010501759,0.021093113,0.999375561,0.979090819,0.999580176,0.020504895,0.969710407,0.020403697,0.999586028,0.999567665,0.999375561
7856,0.010501456,0.021102597,0.999375863,0.979288775,0.979603366,0.030279403,0.020794262,0.020404202,0.999587238,0.999581286,0.999375863
7857,0.010501355,0.021106532,0.999376166,0.988876122,0.978998903,0.030279907,0.011116109,0.020404807,0.020996859,0.02110633,0.999376166
7858,0.010501255,0.021109357,0.999376469,0.97898841,0.979298864,0.03028142,0.999792055,0.020405311,0.9996731,0.999781159,0.999376469
7859,0.010501154,0.021113292,0.999376671,0.979208765,0.979391486,0.999176091,0.030573411,0.999069546,0.999681979,0.02131821,0.999376671
7860,0.010500952,0.999773592,0.999376872,0.97900415,0.979003343,0.999176192,0.010695982,0.999073279,0.021104009,0.988783904,0.999376872
7861,0.01050075,0.999778737,0.999378386,0.979101615,0.999890932,0.999177403,0.021108752,0.030270524,0.021106128,0.989189401,0.999378386
7862,0.010500044,0.999779544,0.999378487,0.979193227,0.999679356,0.999178815,0.979510441,0.999089422,0.999773289,0.010607396,0.999378487
7863,0.010499842,0.999789432,0.999378688,0.978998903,0.978802764,0.999179017,0.030478771,0.030273551,0.999777325,0.010815946,0.999378688
7864,0.01049964,0.99979488,0.999378789,0.978901439,0.979001426,0.999179723,9.99E-06,0.030274358,0.999782369,0.989780545,0.999378789
7865,0.010499237,0.999795788,0.999378991,0.979201299,0.979709003,0.999179925,0.968903852,0.030274459,0.999788928,0.011218517,0.999378991
7866,0.010498934,0.021190981,0.999379193,0.978988713,0.9797989,0.99918043,0.999283948,0.020482193,0.999791854,0.989885678,0.999379193
7867,0.010498833,0.021194512,0.999380202,0.979191209,0.988876929,0.999184667,0.999976794,0.020482698,0.999792762,3.43E-06,0.999380202
7868,0.01049853,0.021201979,0.999380807,0.979196153,0.979701839,0.99918497,0.999184365,0.020483202,0.021196227,1.05E-05,0.999380807
7869,0.010498329,0.021204703,0.99938111,0.979305927,0.978988612,0.02058551,0.020610027,0.020483404,0.021203694,0.978694402,0.99938111
7870,0.010498228,0.021207326,0.999382321,0.999178916,0.97909092,0.020587831,0.989491481,0.020483707,0.999880339,0.000115222,0.999382321
7871,0.010497925,0.021210958,0.999382422,0.99946899,0.000220052,0.020588537,0.999485435,0.020484413,0.999882457,0.000124706,0.999382422
7872,0.010497824,0.021214893,0.999382724,0.979804853,0.979196153,0.959529494,0.011207923,0.020486835,0.999884173,0.978898513,0.999382724
7873,0.010497723,0.999870854,0.999382926,0.9797989,0.978996381,0.9595301,0.021196227,0.020487137,0.99989063,0.979096973,0.999382926
7874,0.010497521,0.999883063,0.999383027,0.979693263,0.979305927,0.020589848,0.010710713,0.020489357,0.021296517,0.979388156,0.999383027
7875,0.010497421,0.999885181,0.999383229,0.979093644,0.989704975,0.020591261,0.020999079,0.020490971,0.021310138,0.979392091,0.999383229
7876,0.010497219,0.999892849,0.999383733,0.979603366,0.999180632,0.020595196,0.0202913,0.020491778,0.021317705,0.020196761,0.999383733
7877,0.010496916,0.021290463,0.999383834,0.999788827,0.979085471,0.020596709,0.020590151,0.020492283,0.999974474,0.998860895,0.999383834
7878,0.010496815,0.021293995,0.999386155,0.979104541,0.979000013,0.020599433,0.999569481,0.020492081,0.999975281,0.999269419,0.999386155
7879,0.010496613,0.021297425,0.999386457,0.978894477,0.999271841,0.020599938,0.969604972,0.020492787,0.999976189,0.020691752,0.999386457
7880,0.010496512,0.021302066,0.999388374,0.989595201,0.978992345,0.020600241,0.000217429,0.020493191,0.999987893,0.999375763,0.999388374
7881,0.010496311,0.021305699,0.999388576,0.979003948,0.999788827,0.020600745,0.020298766,0.020494402,0.99999546,0.999473227,0.999388576
7882,0.01049621,0.021308725,0.999389787,0.978992345,0.999286168,0.020602763,0.999979821,0.020494704,0.030474231,0.999476052,0.999389787
7883,0.010496008,0.999973666,0.02078508,0.978888625,0.979189999,0.020602864,0.999888511,0.020495612,0.030474533,0.999580479,0.02078508
7884,0.010495907,0.999976794,0.020789116,0.978905374,0.999993038,0.020603267,0.000318526,0.030277788,0.030571695,0.999771675,0.020789116
7885,0.010495403,0.999978509,0.02078952,0.9789872,0.979288775,0.020603469,0.010523149,0.02049763,0.0305722,0.999775509,0.02078952
7886,0.010495302,0.999980325,0.020789621,0.989803448,0.99946899,0.020604579,0.989398859,0.020498236,0.030575832,0.999792156,0.020789621
7887,0.010494999,0.999981637,0.020790125,0.979098083,1.77E-05,0.020605487,0.021106835,0.030278091,0.030579767,0.99997629,0.020790125
7888,0.010494898,0.999988498,0.020792143,0.979295737,0.979604677,0.020606193,0.020583593,0.020499547,0.010107159,0.999980729,0.020792143
7889,0.010494797,0.999990819,0.020792345,0.978899825,0.978802864,0.020607505,0.999683896,0.030278293,0.010112506,0.988875315,0.020792345
7890,0.010494696,0.999991727,0.020793354,0.979105852,0.979101514,0.020607909,0.999388273,0.020499043,0.010205329,0.989390082,0.020793354
7891,0.010494293,0.999992332,0.020793555,0.999786506,0.000108967,0.020608211,0.010615468,0.020499749,0.010306426,0.989884366,0.020793555
7892,0.01049399,0.999992736,0.020794161,0.978903961,0.978904466,0.020608817,0.021300351,0.020501061,0.010316919,0.989904848,0.020794161
7893,0.010493889,0.999994047,0.020795271,0.97879893,0.999373341,0.020610935,0.010305417,0.020504895,0.988993362,5.25E-06,0.020795271
7894,0.010493687,0.999995258,0.020795372,0.97909092,0.999279307,0.020611137,0.988773512,0.030279403,0.010501154,1.30E-05,0.020795372
7895,0.010493587,0.030471103,0.020795977,0.978887414,0.979093644,0.999266291,0.999088413,0.030279907,0.010507712,1.52E-05,0.020795977
7896,0.010493486,0.030475341,0.020797793,0.979604677,0.999184365,0.999266493,0.999890731,0.03028142,0.989183449,1.98E-05,0.020797793
7897,0.010493082,0.030475542,0.020798398,0.999679356,0.97898841,0.999266998,0.999382926,0.999176091,0.010610827,0.000211072,0.020798398
7898,0.010418722,0.030475845,0.020799508,0.978996381,0.979004251,0.999267704,0.020988586,0.999176192,0.010616073,0.000229738,0.020799508
7899,0.010418622,0.030478468,0.020799609,0.978887213,0.978898109,0.999268713,0.999072775,0.999177403,0.98928283,0.979294929,0.020799609
7900,0.01041842,0.030481899,0.020801627,0.989704975,0.978894477,0.999269419,0.999368296,0.999178815,0.989291305,0.001023075,0.020801627
7901,0.010418319,0.030571897,0.020802737,0.978887515,0.979206949,0.999270025,0.010622026,0.999179017,0.98929413,0.030270927,0.020802737
7902,0.010417613,0.030576437,0.020803342,0.978896192,0.979208362,0.999270226,0.999273556,0.999179723,0.01070022,0.969410547,0.020803342
7903,0.010417411,0.030577547,0.020803948,0.978697934,0.979288674,0.999270832,0.030473121,0.999179925,0.010702237,0.998973696,0.020803948
7904,0.0104162,0.030577749,0.020804149,0.979701839,0.978905374,0.999271639,0.011015819,0.99918043,0.010705769,0.999176999,0.020804149
7905,0.010416099,0.030578254,0.020805966,0.978796205,0.979603971,0.999272446,0.999472016,0.999184667,0.010709805,0.99956827,0.020805966
7906,0.010415696,0.010103425,0.020806066,0.999789735,0.978988713,0.999274363,0.030270625,0.99918497,0.989398254,0.999993038,0.020806066
7907,0.010415494,0.010302189,0.020806268,0.97889367,0.978886506,0.999274464,0.030494511,0.02058551,0.010811709,0.0104162,0.020806268
7908,0.010414989,0.988982365,0.020807479,1.77E-05,0.999998487,0.999274867,0.010310866,0.020587831,0.010813525,0.989291507,0.020807479
7909,0.010414888,0.010392389,0.020808387,0.030372226,0.97960165,0.999274968,0.000117644,0.020588537,0.989487143,0.989295442,0.020808387
7910,0.010414182,0.010417613,0.020808488,0.99999546,0.979495105,0.99927628,0.00111943,0.959529494,0.989491481,0.010712226,0.020808488
7911,0.010414081,0.010507611,0.020808791,0.979189999,0.978995574,0.999277087,0.999992736,0.9595301,0.989496526,0.989477961,0.020808791
7912,0.01041398,0.010515582,0.020809396,0.978698236,0.030474735,0.999278802,0.96891485,0.020589848,0.010897974,0.989482501,0.020809396
7913,0.010413577,0.010600434,0.020809497,0.979491776,0.979804853,0.999280316,0.011026413,0.020591261,0.010909879,0.989486234,0.020809497
7914,0.010413476,0.98929413,0.020810001,0.979098386,0.979105852,0.999283141,0.010300574,0.020595196,0.989578352,5.55E-06,0.020810001
7915,0.01041287,0.010697697,0.020810607,0.979000013,0.979101615,0.999284251,0.98978781,0.020596709,0.989579966,7.37E-06,0.020810607
7916,0.010412669,0.010702237,0.020811313,0.978886406,0.988882882,0.999285058,0.999378083,0.020599433,0.010999171,2.19E-05,0.020811313
7917,0.010412467,0.01070365,0.02081212,0.999789836,0.999283746,0.999285966,0.99938333,0.020599938,0.989687217,0.000112599,0.02081212
7918,0.010412366,0.010710713,0.999466366,0.989789424,0.978888625,0.999287479,0.999688033,0.020600241,0.989692161,0.000310958,0.999466366
7919,0.010412265,0.010717372,0.999466871,0.979101514,0.989298772,0.020685598,0.999368902,0.020600745,0.989695592,0.000314389,0.999466871
7920,0.010412063,0.010810901,0.999467779,0.978799131,0.978993859,0.0206859,0.02130136,0.020602763,0.011121254,0.979494096,0.999467779
7921,0.01041166,0.010816753,0.99946909,0.979298864,0.98940007,0.020686102,0.989687924,0.020602864,0.989798,0.979498737,0.99946909
7922,0.010410752,0.010817661,0.999469292,0.978893367,0.979493087,0.020687313,0.999681374,0.020603267,0.01121771,0.030591168,0.999469292
7923,0.010410348,0.989490674,0.999469595,0.988876929,0.978890643,0.020687414,2.22E-06,0.020603469,0.011219627,0.969624243,0.999469595
7924,0.010410247,0.010899689,0.999469696,0.979003343,0.97930734,0.020688927,0.020789217,0.020604579,0.011220333,0.020189093,0.999469696
7925,0.010410146,0.989586827,0.999469998,0.979496013,0.979396531,0.020689432,0.968601873,0.020605487,0.989886586,0.998861803,0.999469998
7926,0.010409945,0.989586928,0.999471613,0.978888524,0.999271134,0.020691046,0.020698008,0.020606193,0.989888907,0.998869169,0.999471613
7927,0.010409541,0.011006537,0.999471915,0.97979325,0.999789836,0.020691551,0.02058551,0.020607505,0.989892438,0.998962194,0.999471915
7928,0.010409137,0.011006739,0.99947242,0.98917911,0.979191209,0.020691752,0.999275675,0.020607909,0.989894658,0.998963707,0.99947242
7929,0.010409036,0.011013599,0.999472824,0.97908981,0.97908981,0.020691954,0.968808002,0.020608211,0.989906462,0.020400065,0.999472824
7930,0.010408431,0.011019451,0.999475749,0.979396531,0.97939986,0.02069266,0.999670679,0.020608817,3.33E-06,0.020686809,0.999475749
7931,0.010408229,0.011023184,0.999476456,0.978696824,0.979101917,0.020692761,0.010896662,0.020610935,4.54E-06,0.020699723,0.999476456
7932,0.010408128,0.011024597,0.999476557,0.978995574,0.999370415,0.020693972,0.988879149,0.020611137,1.08E-05,0.999365169,0.999476557
7933,0.010408028,0.011026413,0.999477162,0.979205738,0.979392495,0.020695586,0.99938111,0.999266291,1.12E-05,0.999366783,0.999477162
7934,0.010407826,0.98968187,0.99947807,0.978800645,0.97890497,0.020695687,0.03059359,0.999266493,1.41E-05,0.999369911,0.99947807
7935,0.010407725,0.989689437,0.999478171,0.978994161,0.988771898,0.020695889,0.999384137,0.999266998,2.18E-05,0.999377478,0.999478171
7936,0.010407523,0.011108239,0.999478776,0.979798093,0.979205738,0.020697806,0.03058915,0.999267704,0.000122789,0.999470402,0.999478776
7937,0.01040722,0.989803549,0.999479079,0.978898109,0.020988384,0.020699219,0.010414182,0.999268713,0.000202194,0.999570994,0.999479079
7938,0.010406918,0.011209134,0.999479684,0.979206949,0.97979325,0.020699521,0.03057785,0.999269419,0.000226711,0.021104716,0.999479684
7939,0.010406514,0.011216096,0.999480996,0.978999509,0.979095662,0.020699723,0.999574223,0.999270025,0.978993758,0.999776719,0.999480996
7940,0.010406312,0.011218517,0.999481097,0.979089608,0.979304212,0.020700429,0.02108716,0.999270226,0.97900304,0.021291271,0.999481097
7941,0.010406111,0.011220434,0.9994814,0.97890497,0.010618696,0.02070053,0.021190476,0.999270832,0.000419017,0.99997074,0.9994814
7942,0.010405909,0.011225277,0.999482812,0.978802864,0.97930744,0.020700631,0.999671486,0.999271639,0.000420934,0.999993543,0.999482812
7943,0.010405808,0.989897281,0.999483317,0.979099193,0.030372226,0.020701136,0.010501456,0.999272446,0.979088296,0.988773008,0.999483317
7944,0.010405505,0.989906462,0.999483518,0.97939986,0.969620207,0.020702245,0.000917741,0.999274363,0.979088902,0.988976715,0.999483518
7945,0.010405404,0.030370511,0.999484225,0.978993859,0.969721304,0.020702447,0.030573814,0.999274464,0.979092635,0.98908215,0.999484225
7946,0.010405202,3.03E-06,0.99948483,0.979603971,0.000507805,0.020702649,0.99886372,0.999274867,0.979197868,0.989277785,0.99948483
7947,0.010405001,7.97E-06,0.999485435,0.97879338,0.978791867,0.020704263,1.58E-05,0.999274968,0.97920029,0.989390283,0.999485435
7948,0.0104049,8.07E-06,0.999485637,0.988771898,0.979496013,0.020705071,0.999772482,0.99927628,0.000623329,0.01079839,0.999485637
7949,0.010404799,0.000209862,0.999485738,0.97960165,0.978995776,0.020705777,0.03058128,0.999277087,0.979291095,0.989884467,0.999485738
7950,0.010404093,0.000416797,0.99948594,0.979291398,0.000309243,0.020705979,0.021098258,0.999278802,0.979301891,5.15E-06,0.99948594
7951,0.010403487,0.000614552,0.999486041,0.979493087,0.999582597,0.02070618,0.011124382,0.999280316,0.000718473,0.979308853,0.999486041
7952,0.010403386,0.000623329,0.999487352,0.97959035,0.999995359,0.020708905,2.02E-07,0.999283141,0.000807766,0.969101506,0.999487352
7953,0.010402781,0.000728563,0.999487857,0.978891248,0.999782067,0.999366581,0.999569683,0.999284251,0.979496013,0.030481293,0.999487857
7954,0.010402377,0.000818763,0.020885572,0.9788971,0.969718479,0.999367489,0.999472319,0.999285058,0.97961285,0.998966431,0.020885572
7955,0.010402075,0.00083087,0.020885874,0.999981435,0.978994161,0.99936759,0.999570187,0.999285966,0.001110955,0.020609725,0.020885874
7956,0.010401671,0.001009253,0.020886782,0.978893468,0.978683506,0.999367893,0.988976513,0.999287479,0.96869732,0.02080536,0.020886782
7957,0.010401469,0.030270019,0.020887186,0.000309243,0.99999546,0.999369305,0.030284548,0.020685598,0.968700044,0.999576443,0.020887186
7958,0.010401167,0.030270625,0.020887287,0.999977299,0.979301387,0.999372937,0.030286667,0.0206859,0.968700751,0.021116319,0.020887287
7959,0.01040036,0.030279302,0.020888397,0.010798592,0.020483202,0.999373341,0.020789116,0.020686102,0.968801747,0.02119542,0.020888397
7960,0.010399451,0.030283943,0.020888498,0.99987035,0.979001829,0.999373543,0.999087505,0.020687313,0.968810726,0.999889419,0.020888498
7961,0.01039925,0.030286263,0.020888699,0.978904567,0.999378285,0.999373946,0.999786506,0.020687414,0.968912832,0.99999889,0.020888699
7962,0.010399048,0.030287777,0.020889204,0.979101917,0.999483216,0.999374854,0.999276986,0.020688927,0.030270927,0.98888712,0.020889204
7963,0.010398947,0.030289795,0.020889507,0.999582597,0.969702739,0.999375157,0.03047645,0.020689432,0.030271028,0.989278391,0.020889507
7964,0.010398745,0.030377674,0.020889708,0.969702739,0.979088296,0.999375561,0.020795674,0.020691046,0.969213903,0.9893922,0.020889708
7965,0.010398039,0.030377775,0.020890213,0.999283746,0.988778456,0.999375863,0.999481198,0.020691551,0.96922147,0.000113002,0.020890213
7966,0.010397837,0.030383223,0.020892231,0.988882882,0.979099193,0.999376166,0.999882659,0.020691752,0.030281219,0.978793279,0.020892231
7967,0.010397736,0.030387865,0.020892735,0.978683909,0.978886406,0.999376872,0.021088573,0.020691954,0.030289694,0.000427593,0.020892735
7968,0.010397534,0.030470498,0.020893442,0.011112275,0.978693393,0.999378386,0.021093012,0.02069266,0.969303094,0.000529194,0.020893442
7969,0.01039703,0.969413372,0.02089435,0.978795903,0.978790454,0.999378487,0.021096745,0.020692761,0.969310056,0.000726747,0.02089435
7970,0.010396929,0.030483311,0.020894551,0.969623436,0.978893367,0.999378991,0.999976088,0.020693972,0.030372932,0.979797689,0.020894551
7971,0.010396727,0.030485027,0.020895056,0.978801351,0.999281829,0.999380202,0.020792143,0.020695586,0.969315201,0.96879761,0.020895056
7972,0.010396626,0.030485531,0.020895258,0.978886506,0.978889432,0.99938111,0.020896973,0.020695687,0.030388874,0.969606082,0.020895258
7973,0.010396525,0.030486136,0.020896771,0.97930744,0.999788928,0.999382321,0.999376267,0.020695889,0.030390589,0.969617685,0.020896771
7974,0.010396425,0.030488053,0.020898184,0.989090222,0.98917911,0.999383027,0.010611331,0.020697806,0.969410547,0.998876635,0.020898184
7975,0.010395819,0.030489062,0.020898789,0.978989722,0.999467274,0.999383229,0.979795772,0.020699219,0.03047867,0.020388563,0.020898789
7976,0.010395718,0.030494511,0.020899193,0.979304212,0.978999509,0.999388374,0.000936709,0.020699521,0.030485228,0.999285865,0.020899193
7977,0.010395617,0.030583803,0.020900302,0.979495105,0.978791968,0.999388576,0.998870581,0.020699723,0.03057785,0.999379092,0.020900302
7978,0.010395416,0.030586022,0.020900403,0.969715149,0.96971636,0.999389787,0.020900302,0.020700429,0.030591572,0.021003014,0.020900403
7979,0.010395315,0.030590664,0.020901715,0.999286168,0.97889367,0.02078508,1.11E-06,0.02070053,0.03059248,0.999778435,0.020901715
7980,0.010395214,0.0202913,0.02090232,0.999576443,0.999177403,0.020789116,0.020184654,0.020700631,0.969624545,0.969221167,0.02090232
7981,0.010395012,0.998976117,0.020902421,0.999576644,0.979609621,0.02078952,0.999684703,0.020701136,0.969721909,0.988879654,0.020902421
7982,0.010394911,0.998982776,0.020903329,0.000220052,0.978989722,0.020789621,0.999890529,0.020702245,0.020183948,0.988987107,0.020903329
7983,0.010394709,0.020395222,0.020903531,0.979301387,0.978796205,0.020790125,0.988981658,0.020702447,0.020187076,0.988992656,0.020903531
7984,0.010394407,0.020397543,0.020903632,0.978683506,0.979303102,0.020792143,0.021313871,0.020702649,0.020194643,0.989299276,0.020903632
7985,0.010394205,0.020403294,0.020904338,0.978783291,0.979309458,0.020792345,0.020806874,0.020704263,0.020199486,0.98939896,0.020904338
7986,0.010393902,0.9990756,0.020904439,0.978791867,0.979307945,0.020793354,0.03048876,0.020705071,0.020203118,0.989484822,0.020904439
7987,0.0103937,0.030273853,0.020905751,0.979001829,0.999475548,0.020793555,0.020496823,0.020705777,0.99887381,0.989697912,0.020905751
7988,0.010393398,0.020485019,0.020907466,0.969724431,0.978901136,0.020794161,0.969218645,0.020705979,0.998876231,0.000103922,0.020907466
7989,0.010392591,0.020486229,0.020908071,0.978793683,0.011112577,0.020795271,0.021104009,0.02070618,0.020283128,0.978799131,0.020908071
7990,0.010392389,0.020493595,0.999567059,0.999483216,0.978887213,0.020795977,0.000317012,0.020708905,0.998970366,0.000204312,0.999567059
7991,0.010317323,0.030277284,0.99956716,0.999378285,0.979798093,0.020798398,0.999581891,0.999366581,0.998981061,0.978896192,0.99956716
7992,0.010317121,0.030279907,0.999568371,0.978802764,0.999178916,0.020799508,0.021193402,0.999367489,0.020391993,0.000417907,0.999568371
7993,0.01031702,0.999177504,0.999569481,0.978790454,0.999981435,0.020799609,0.999176091,0.99936759,0.020488651,0.979604879,0.999569481
7994,0.010316919,0.999179421,0.999569582,0.978792472,0.979089608,0.020801627,0.02049309,0.999367893,0.02050318,0.969218645,0.999569582
7995,0.010316617,0.999180531,0.999570793,0.999271134,0.978690972,0.020802737,0.999985976,0.999369305,0.020503785,0.9693038,0.999570793
7996,0.010316516,0.999180732,0.999571802,0.978900127,0.999877513,0.020803342,0.010811305,0.999372937,0.03028142,0.96940974,0.999571802
7997,0.010316112,0.999184869,0.999572003,0.978999105,0.978887314,0.020803948,0.030582996,0.999373341,0.999176596,0.020281412,0.999572003
7998,0.01031591,0.020587831,0.999572205,0.969610117,0.97879338,0.020804149,0.020702145,0.999373543,0.999178614,0.999085488,0.999572205
7999,0.010315507,0.020591967,0.999572609,0.979609621,0.999977299,0.020805966,0.999992635,0.999373946,0.999179421,0.999178311,0.999572609
8000,0.010315406,0.020595398,0.99957271,0.969721304,0.96971414,0.020806066,0.999473832,0.999374854,0.999182649,0.999366077,0.99957271
8001,0.010315305,0.020602561,0.99957281,0.969724331,0.989090222,0.020806268,0.0201898,0.999375157,0.999184062,0.999870955,0.99957281
8002,0.010314901,0.020606193,0.999573214,0.989298772,0.021210756,0.020807479,0.020283128,0.999375561,0.999184869,0.999882256,0.999573214
8003,0.010314397,0.999265081,0.999573618,0.99897309,0.969723624,0.020808387,0.999269924,0.999375863,0.020583593,0.999998688,0.999573618
8004,0.010313993,0.999266392,0.999573719,0.999877513,0.978698236,0.020808488,0.999875697,0.999376166,0.020584703,0.030577648,0.999573719
8005,0.010313892,0.999281527,0.999574021,0.978889432,0.978696925,0.020808791,0.010709502,0.999376872,0.020607909,0.989280005,0.999574021
8006,0.010313792,0.999282939,0.999574324,0.978986392,0.978685826,0.020809396,0.99989063,0.999378386,0.999265787,0.010909879,0.999574324
8007,0.010313691,0.999283746,0.999574627,0.979309458,0.978998601,0.020810001,0.99957281,0.999378487,0.999283343,0.011110761,0.999574627
8008,0.01031359,0.020705979,0.999574727,0.978698337,0.978792472,0.020810607,0.02078841,0.999378991,0.999283645,0.989894456,0.999574727
8009,0.010313388,0.020706887,0.999574828,0.978798021,0.999381514,0.020811313,0.000512345,0.999380202,0.999286571,0.000209155,0.999574828
8010,0.010313287,0.999368498,0.99957503,0.96971636,0.999686015,0.02081212,0.021322447,0.99938111,0.020688927,0.000407616,0.99957503
8011,0.01031248,0.999372231,0.999575232,0.969519816,0.999778838,0.999467779,0.000623733,0.999382321,0.020696898,0.979495711,0.999575232
8012,0.010312278,0.999372332,0.999575535,0.000507805,0.969722514,0.999469292,0.030477157,0.999383027,0.999373139,0.00102691,0.999575535
8013,0.010312177,0.999374451,0.999575636,0.978696622,0.979193934,0.999469595,0.030490878,0.999383229,0.99937657,0.999167213,0.999575636
8014,0.010311975,0.99937657,0.999576745,0.979193934,0.978792876,0.999469696,0.999385045,0.999388374,0.999378184,0.999388879,0.999576745
8015,0.010311875,0.999380807,0.99957725,0.999177403,0.978801351,0.999469998,0.020990301,0.999388576,0.999381715,0.99947918,0.99957725
8016,0.010311774,0.999383229,0.999577754,0.999686923,0.020997061,0.999471613,0.999782975,0.999389787,0.999383531,0.999578259,0.999577754
8017,0.010311673,0.999387063,0.999578057,0.978683102,0.978696824,0.99947242,0.999266897,0.02078508,0.999384742,0.999587238,0.999578057
8018,0.010311572,0.999388879,0.999578662,0.020483202,0.979195043,0.999472824,0.999473126,0.020789116,0.999387971,0.999681575,0.999578662
8019,0.010311269,0.020799912,0.999578763,0.978893569,0.978694201,0.999475749,0.010907962,0.02078952,0.020802031,0.999785901,0.999578763
8020,0.010311168,0.020802031,0.999579167,0.969718479,0.978888524,0.999476557,0.968910108,0.020789621,0.020803948,0.999791954,0.999579167
8021,0.010311067,0.020803342,0.999579671,0.969718277,0.979098083,0.999478171,0.988974798,0.020790125,0.999467274,0.999877312,0.999579671
8022,0.010310967,0.999469898,0.999580781,0.978792876,0.999285159,0.999478776,0.011108542,0.020792143,0.999473126,0.999885585,0.999580781
8023,0.010310866,0.999477162,0.9995829,0.979088196,0.999281325,0.999479079,0.000406203,0.020792345,0.999475144,0.999892042,0.9995829
8024,0.010310563,0.999487857,0.999583404,0.978906383,0.999476355,0.999480996,0.999683391,0.020793354,0.999567766,0.021293995,0.999583404
8025,0.010310462,0.020888699,0.999583808,0.999782067,0.979088196,0.999481097,1.92E-06,0.020793555,0.99957503,0.999972456,0.999583808
8026,0.010310159,0.020903329,0.999584615,0.999995359,0.999182246,0.999483317,0.999274565,0.020794161,0.999575837,0.999999395,0.999584615
8027,0.010310058,0.020903531,0.999584716,0.969621519,0.999686923,0.999483518,0.021111173,0.020795271,0.999576846,0.010197561,0.999584716
8028,0.010309857,0.999570086,0.999585321,0.96971414,0.969621519,0.99948483,0.020202512,0.020795977,0.999578158,0.98889166,0.999585321
8029,0.010309756,0.999571095,0.999585422,0.979208362,0.978697934,0.999485435,0.030578455,0.020798398,0.020988485,0.989485326,0.999585422
8030,0.010309554,0.999572407,0.999585523,0.978887314,0.978686936,0.999485637,0.00052082,0.020799508,0.020992319,0.98949592,0.999585523
8031,0.010309251,0.999573012,0.999586028,0.969525467,0.978904567,0.999485738,0.0007215,0.020799609,0.030376766,0.010911897,0.999586028
8032,0.01030915,0.999573618,0.030372226,0.979392495,0.978683102,0.020885572,0.020788107,0.020801627,0.020996556,0.989903032,0.030372226
8033,0.01030905,0.999576644,0.999586532,0.978890643,0.979405006,0.020885874,0.999285865,0.020802737,0.021003215,3.03E-07,0.999586532
8034,0.010308949,0.999580075,0.999586936,0.969516487,0.979291398,0.020886782,0.999387164,0.020803342,0.99967421,3.83E-06,0.999586936
8035,0.010308848,0.020988283,0.999587037,0.969620207,0.978695613,0.020887287,0.01061123,0.020803948,0.999674513,3.93E-06,0.999587037
8036,0.010308545,0.020996657,0.030372428,0.978690972,0.99987035,0.020888397,0.969710306,0.020804149,0.999678246,2.04E-05,0.030372428
8037,0.010308444,0.020998675,0.999587541,0.989398759,0.978698337,0.020888498,0.020604983,0.020805966,0.999681575,0.979002132,0.999587541
8038,0.010308343,0.02100039,0.999587945,0.979307945,0.978684111,0.020888699,0.999383229,0.020806066,0.999682382,0.979096873,0.999587945
8039,0.010308242,0.021001803,0.999588046,0.978783089,0.97960609,0.020889204,0.999880137,0.020806268,0.999683896,0.979101211,0.999588046
8040,0.010308141,0.021005435,0.030374647,0.978802461,0.978891248,0.020889507,0.01121428,0.020807479,0.999684501,0.00091199,0.030374647
8041,0.010308041,0.999668257,0.030374849,0.978695613,0.978783089,0.020890213,0.99967421,0.020808387,0.999687932,0.97959035,0.030374849
8042,0.010307637,0.999674714,0.03037495,0.978989419,0.978800645,0.020892231,0.999778939,0.020808488,0.99969005,0.001017627,0.03037495
8043,0.010307536,0.999678448,0.030375051,0.969707178,0.978999105,0.020892735,0.020799609,0.020808791,0.999690555,0.979711222,0.030375051
8044,0.010307233,0.99968319,0.030375152,0.978905172,0.02029806,0.020893442,0.030576437,0.020809396,0.021092003,0.96881345,0.030375152
8045,0.010307032,0.999685208,0.020987476,0.978786318,0.978893569,0.02089435,0.010200991,0.020810001,0.021097754,0.968911722,0.020987476
8046,0.01030683,0.999688537,0.020987577,0.978783896,0.978889029,0.020895056,0.030379087,0.020810607,0.021098864,0.99887381,0.020987577
8047,0.010306729,0.02109059,0.020987879,0.999881347,0.979099092,0.020895258,0.998978034,0.020811313,0.021111879,0.020393002,0.020987879
8048,0.010306628,0.021096644,0.020988081,0.969708187,0.999569683,0.020896771,0.999267704,0.02081212,0.999775105,0.030277788,0.020988081
8049,0.010306527,0.021100882,0.020988283,0.99988165,0.978690467,0.020898184,0.02068812,0.999467779,0.999775609,0.999176091,0.020988283
8050,0.010306426,0.02110966,0.020988485,0.978998601,0.97868855,0.020898789,0.989687217,0.999469292,0.999776114,0.99918275,0.020988485
8051,0.010306325,0.021111173,0.020989191,0.978690467,0.999576443,0.020899193,0.979499746,0.999469595,0.999778031,0.999267704,0.020989191
8052,0.010306124,0.021114704,0.020989292,0.979001628,0.999576644,0.020900302,0.020603267,0.999469696,0.999779141,0.999276179,0.020989292
8053,0.010305821,0.999771372,0.020989594,0.978793481,0.979207252,0.020900403,1.40E-05,0.999469998,0.999783883,0.999277793,0.020989594
8054,0.010305518,0.99977904,0.020989796,0.978694402,0.978696622,0.020901715,0.969703647,0.999471613,0.999787919,0.999376166,0.020989796
8055,0.010305417,0.999779443,0.020992319,0.999281829,0.969618593,0.02090232,0.999285966,0.99947242,0.999789432,0.999487352,0.020992319
8056,0.010305115,0.999780957,0.02099242,0.978686936,0.999279004,0.020902421,0.011102589,0.999472824,0.021210655,0.999668055,0.02099242
8057,0.01030461,0.999782369,0.020993126,0.97930734,0.969712526,0.020903329,0.020988081,0.999475749,0.999872872,0.999788524,0.020993126
8058,0.010303702,0.999784589,0.020993429,0.979690741,0.978893468,0.020903531,0.030376564,0.999476557,0.999875899,0.999880238,0.020993429
8059,0.010302895,0.999785396,0.020993529,0.978995776,0.99897309,0.020903632,0.999971346,0.999478171,0.999876908,0.999887805,0.020993529
8060,0.010302794,0.999789836,0.030376363,0.969722514,0.978685322,0.020904338,0.988982365,0.999478776,0.999883063,0.99989174,0.030376363
8061,0.010302491,0.999789937,0.030376564,0.978685322,0.978786318,0.020904439,0.010522644,0.999479079,0.999883567,0.999972254,0.030376564
8062,0.01030239,0.999792762,0.030376665,0.999476355,0.978989419,0.020905751,0.010616779,0.999480996,0.999889318,0.999985673,0.030376665
8063,0.01030229,0.999793569,0.020994942,0.978791968,0.969725037,0.020907466,0.020795271,0.999481097,0.999891437,0.01060558,0.020994942
8064,0.010302189,0.021188358,0.030376766,0.988790765,0.979002132,0.020908071,0.021297425,0.999483317,0.999892547,0.989399162,0.030376766
8065,0.010302088,0.021190577,0.020995547,0.979303102,0.97959035,0.999567059,0.969212087,0.999483518,0.021313266,0.989399263,0.020995547
8066,0.010301987,0.021191385,0.020995749,0.999374249,0.989398759,0.999569481,0.999582597,0.99948483,0.999981536,0.010906146,0.020995749
8067,0.010301886,0.021196026,0.020996455,0.96971071,0.969621619,0.999570793,0.011211858,0.999485435,0.999981637,0.989586827,0.020996455
8068,0.010301785,0.021197136,0.020998574,0.999792358,0.010798592,0.999571802,0.02029806,0.999485637,0.99998194,0.989704067,0.020998574
8069,0.010301684,0.021201171,0.020998675,0.999475548,0.978799131,0.999572003,0.999688739,0.999485738,0.999982444,1.07E-05,0.020998675
8070,0.010301583,0.021214187,0.020998776,0.978889029,0.978798021,0.999572205,0.021293692,0.020885572,0.999993543,0.978792472,0.020998776
8071,0.010301482,0.999872469,0.020998978,0.989585515,0.99988165,0.999572609,0.0102922,0.020885874,0.999995863,0.97900415,0.020998978
8072,0.010301381,0.999874688,0.02099918,0.999672797,0.969718277,0.99957271,0.999270529,0.020886782,0.999997377,0.000628071,0.02099918
8073,0.010301281,0.999875798,0.020999684,0.979099092,0.96971071,0.99957281,0.020989695,0.020887287,0.030477157,0.000724224,0.020999684
8074,0.01030118,0.999876,0.021000188,0.969722313,0.969724431,0.999573214,0.999870955,0.020888397,0.030574218,0.001031551,0.021000188
8075,0.010301079,0.999876908,0.021000592,0.979287867,0.988790765,0.999573719,0.999882256,0.020888498,0.030581079,0.001113477,0.021000592
8076,0.010300776,0.999880137,0.021000794,0.988778456,0.969711517,0.999574021,0.999998991,0.020888699,0.010193121,0.97981575,0.021000794
8077,0.010300675,0.999880339,0.021001803,0.999975483,0.969714645,0.999574627,0.021312963,0.020889204,0.988876929,0.968806589,0.021001803
8078,0.010300574,0.999887502,0.02100261,0.978693393,0.978900127,0.999574727,0.969001922,0.020889507,0.010301785,0.96940641,0.02100261
8079,0.010300272,0.021291069,0.021002913,0.978685826,0.969622729,0.99957503,0.999075903,0.020890213,0.010309857,0.999068335,0.021002913
8080,0.010300171,0.02130923,0.021003014,0.978901136,0.979690741,0.999575232,0.989598732,0.020892231,0.010316617,0.020686102,0.021003014
8081,0.01030007,0.021310239,0.021003316,0.020183544,0.978683909,0.999575535,0.011204392,0.020892735,0.010395617,0.999470503,0.021003316
8082,0.010299767,0.02131488,0.021003417,0.969712526,0.978795903,0.999576745,0.02039391,0.020893442,0.989081444,0.999573012,0.021003417
8083,0.010299666,0.021322447,0.021003922,0.979508222,0.969606082,0.99957725,0.999275574,0.02089435,0.010493889,0.999583404,0.021003922
8084,0.010299464,0.021322548,0.021004527,0.978984879,0.999374249,0.999577754,0.020798499,0.020895056,0.010494999,0.999585725,0.021004527
8085,0.010299364,0.999971346,0.021004628,0.978793279,0.999473126,0.999578057,0.020885572,0.020895258,0.010501456,0.999669064,0.021004628
8086,0.010299263,0.999972052,0.021004729,0.969723624,0.978896192,0.999578662,0.999884475,0.020896771,0.010519416,0.999681474,0.021004729
8087,0.010299162,0.999979417,0.021005031,0.96950781,0.978783291,0.999578763,0.999994955,0.020898184,0.010601645,0.999782067,0.021005031
8088,0.010299061,0.999990011,0.021005132,0.978694201,0.969722313,0.999579167,0.030370813,0.020898789,0.010606185,0.999786607,0.021005132
8089,0.010298456,0.999992231,0.021005435,0.969417004,0.978783896,0.9995829,0.969204519,0.020899193,0.010606387,0.999788423,0.021005435
8090,0.010298355,0.99999546,0.030378885,2.12E-06,0.978792674,0.999583404,0.020987577,0.020900302,0.010718078,0.999794679,0.030378885
8091,0.010298153,0.999999294,0.021007453,0.999269924,0.978906383,0.999583808,0.020993227,0.020900403,0.989382918,0.999976996,0.021007453
8092,0.010298052,0.030479276,0.021007554,0.969714645,0.979795772,0.999585321,0.010104535,0.020901715,0.010797886,0.989077509,0.021007554
8093,0.010297951,0.030573411,0.021008361,0.978696925,0.999792358,0.999585523,0.011019451,0.02090232,0.010812818,0.989684291,0.021008361
8094,0.01029785,0.030574823,0.021009773,0.978700456,0.978793279,0.999586028,0.000228325,0.020902421,0.989593789,0.989687318,0.021009773
8095,0.010297749,0.03058128,0.021011993,0.979002132,0.969623436,0.030372226,0.969221369,0.020903329,0.011023285,0.989793258,0.021011993
8096,0.010297648,0.030581381,0.021012094,0.979405006,0.969610117,0.999586532,0.999680465,0.020903531,0.011023588,0.989892741,0.021012094
8097,0.010297245,0.030582794,0.99966856,0.999878321,0.978891652,0.999586936,0.010103325,0.020903632,0.0110249,0.978683102,0.99966856
8098,0.010297043,0.030582895,0.999668661,0.969622729,0.969715149,0.999587037,0.021201171,0.020904338,0.989685805,0.978696824,0.999668661
8099,0.010295933,0.010103325,0.999668963,0.969602449,1.82E-06,0.030372428,0.030370713,0.020904439,0.989704975,0.000207844,0.999668963
8100,0.010295328,0.010104535,0.999669165,0.978995372,0.999881347,0.999587541,0.000516583,0.020905751,0.011118026,0.978887515,0.999669165
8101,0.010294521,0.030278797,0.99966967,0.979795772,0.999975483,0.999587945,0.999184062,0.020907466,0.011125088,0.00042608,0.99966967
8102,0.010294319,0.010408229,0.999670174,0.969717772,0.999781663,0.030374647,0.021308322,0.020908071,0.011204997,0.000711512,0.999670174
8103,0.010294218,0.010414182,0.999670679,0.96931389,0.978786822,0.030374849,0.989888604,0.999567059,0.989882247,0.968811029,0.999670679
8104,0.010294117,0.010501154,0.999671385,0.969721909,0.978700456,0.03037495,0.030377775,0.999569481,0.989885274,0.030281219,0.999671385
8105,0.010293613,0.010510133,0.99967199,0.96940641,0.969725743,0.030375051,0.021293389,0.999570793,0.030375858,0.999165699,0.99967199
8106,0.010293512,0.010519416,0.999672293,0.969421343,0.978793683,0.030375152,0.999584918,0.999571802,6.05E-07,0.999467375,0.999672293
8107,0.010293411,0.010521333,0.999672394,0.999788928,0.978984879,0.020987577,0.021115411,0.999572003,4.74E-06,0.999477061,0.999672394
8108,0.01029331,0.010525066,0.999672797,0.999890731,0.978787024,0.020987879,0.030279403,0.999572205,6.66E-06,0.020903228,0.999672797
8109,0.010292503,0.010596399,0.999673201,0.978695411,0.969622628,0.020988081,0.999584313,0.999572609,1.56E-05,0.999680264,0.999673201
8110,0.010292301,0.010598114,0.999673302,0.969624243,0.978694402,0.020988283,0.000930757,0.99957271,1.75E-05,0.999688234,0.999673302
8111,0.0102922,0.010613752,0.999673504,0.969617079,0.978700759,0.020988485,0.03028586,0.99957281,0.978783896,0.999782571,0.999673504
8112,0.010292099,0.010615468,0.999674714,0.999281325,0.978786217,0.020989191,0.030488356,0.999573214,0.000213191,0.999786809,0.999674714
8113,0.010291595,0.010704054,0.999675623,0.969710003,0.969519816,0.020989292,0.999873175,0.999573719,0.97889821,0.999872267,0.999675623
8114,0.010291494,0.989391696,0.999676228,0.020695889,0.969508415,0.020989594,0.03038625,0.999574021,0.000311059,0.021296416,0.999676228
8115,0.010211181,0.010796171,0.999676833,0.969508415,0.988974798,0.020989796,0.020482698,0.999574627,0.000424566,0.999975483,0.999676833
8116,0.01021098,0.010805453,0.999677136,0.969607393,0.999269924,0.020992319,0.020787603,0.999574727,0.000507805,0.9890878,0.999677136
8117,0.010210677,0.010898781,0.999677439,0.999976189,0.999878321,0.02099242,0.999672797,0.99957503,0.000508612,0.989181632,0.999677439
8118,0.010210475,0.010911191,0.99967754,0.978684111,0.969724331,0.020993126,0.00021531,0.999575232,0.000729168,0.989283133,0.99967754
8119,0.010209971,0.010911998,0.999677842,0.011112577,0.978905172,0.020993429,0.999387063,0.999575535,0.97940208,2.52E-06,0.999677842
8120,0.010209365,0.011002198,0.999678347,0.979207252,0.969516487,0.030376363,0.999892547,0.999576745,0.979510441,0.978700759,0.999678347
8121,0.010209063,0.011007647,0.999678448,0.969618593,0.97900304,0.030376564,0.010519416,0.99957725,0.001026405,0.000523746,0.999678448
8122,0.010208962,0.01100805,0.999679154,0.969621317,0.989797092,0.030376665,0.0110249,0.999577754,0.979690741,0.001026203,0.999679154
8123,0.010208861,0.01101027,0.999679356,0.999381514,0.979001628,0.020994942,0.030593489,0.999578057,0.0011273,0.968901834,0.999679356
8124,0.010208558,0.011010472,0.999679557,0.978700759,0.969605779,0.030376766,0.020788309,0.999578662,0.968698127,0.968904559,0.999679557
8125,0.010207953,0.011013297,0.999680667,0.978786822,0.978793481,0.020995547,0.999677035,0.999578763,0.968705089,0.020295639,0.999680667
8126,0.010207852,0.01102157,0.99968097,0.978786217,0.978695411,0.020995749,0.030472919,0.999579167,0.96879993,0.99938565,0.99968097
8127,0.010207751,0.01102601,0.999681172,0.969712829,0.989585515,0.020996455,0.02050318,0.9995829,0.968914951,0.999678347,0.999681172
8128,0.01020765,0.989695693,0.999681474,0.999781663,0.979287867,0.020998574,0.999779141,0.999583404,0.968995768,0.999685006,0.999681474
8129,0.010207347,0.989702957,0.999681777,0.999279004,2.12E-06,0.020998675,0.968900725,0.999583808,0.969205125,0.999685409,0.999681777
8130,0.010206338,0.011103295,0.999682584,0.969203208,0.999672797,0.020998776,0.999184264,0.999585321,0.03028929,0.999690555,0.999682584
8131,0.010206237,0.011204392,0.999682988,0.97868855,0.979092635,0.020998978,0.01080404,0.999585523,0.030292418,0.02108716,0.999682988
8132,0.010206137,0.011217609,0.999683492,0.969621619,0.011023285,0.02099918,0.999880339,0.999586028,0.030382921,0.021098561,0.999683492
8133,0.010205935,0.011220132,0.999683593,0.999688941,0.978986392,0.020999684,0.999972153,0.030372226,0.03038504,0.999772986,0.999683593
8134,0.010205834,0.011221847,0.999683694,0.978787024,0.979590955,0.021000188,0.989585515,0.999586532,0.969407924,0.999884475,0.999683694
8135,0.010205531,0.989888604,0.999684098,0.999372029,0.978691174,0.021000592,1.73E-05,0.999586936,0.969415087,0.999888208,0.999684098
8136,0.010205329,0.989892438,0.9996844,0.969622628,0.978995372,0.021000794,0.988979237,0.999587037,0.030487751,0.021291472,0.9996844
8137,0.010205128,2.72E-06,0.999684804,0.03048654,0.979005865,0.021001803,1.96E-05,0.030372428,0.030491887,0.99997064,0.999684804
8138,0.010205027,4.94E-06,0.999684905,0.021210756,0.969716663,0.02100261,0.030269717,0.999587541,0.030495621,0.99998426,0.999684905
8139,0.010204926,6.36E-06,0.999685409,0.969606082,0.979088902,0.021002913,0.999785396,0.999587945,0.969510433,0.999991828,0.999685409
8140,0.010204522,7.16E-06,0.999686015,0.969504279,0.97889821,0.021003014,0.021203694,0.030374647,0.969515377,0.010493889,0.999686015
8141,0.01020422,8.98E-06,0.999686923,0.969624545,0.020183544,0.021003316,0.989805063,0.030374849,0.030593993,0.010618293,0.999686923
8142,0.010204119,1.08E-05,0.999687125,0.999182246,0.969716864,0.021003417,0.030283842,0.03037495,0.020202512,0.989483409,0.999687125
8143,0.010203412,1.96E-05,0.999687427,0.969711517,0.999790239,0.021003922,1.63E-05,0.030375051,0.020386646,0.989599237,0.999687427
8144,0.010203312,2.08E-05,0.999687932,0.978891652,2.02E-06,0.021004527,0.020381298,0.030375152,0.020388563,0.978685826,0.999687932
8145,0.010203211,2.20E-05,0.999688335,0.978790152,0.999688941,0.021004628,0.03027466,0.020987577,0.020399157,0.979205436,0.999688335
8146,0.010202908,0.000217631,0.999688739,0.978693999,0.969717772,0.021004729,0.999277087,0.020987879,0.020400569,0.000625448,0.999688739
8147,0.010202504,0.000313178,0.999689042,0.978802965,0.978802965,0.021005031,0.010702237,0.020988081,0.020404101,0.000815434,0.999689042
8148,0.010202202,0.000729168,0.999690454,0.999685308,0.978985384,0.021005132,0.979003847,0.020988283,0.030273551,0.979606695,0.999690454
8149,0.010201798,0.000807766,0.02108716,0.969303699,0.969726954,0.021005435,0.999686822,0.020988485,0.020482698,0.979701637,0.02108716
8150,0.010201697,0.000814929,0.021087362,0.969618492,0.969707178,0.030378885,0.999381816,0.020989191,0.020487238,0.968995768,0.021087362
8151,0.010201596,0.001110955,0.021087463,0.969605779,0.969525467,0.021007453,0.00112841,0.020989292,0.020489357,0.998972586,0.021087463
8152,0.010201495,0.001118119,0.021087564,0.969309349,0.020695889,0.021007554,0.020793555,0.020989594,0.020494099,0.020586822,0.021087564
8153,0.010201395,0.030270927,0.021087664,0.979195043,0.999670073,0.021008361,0.02131266,0.020989796,0.030277284,0.999265383,0.021087664
8154,0.010201294,0.969213096,0.021087765,0.999569683,0.999176091,0.021009773,0.011215692,0.020992319,0.999178815,0.999373139,0.021087765
8155,0.010201193,0.030283842,0.021087866,0.999285159,0.999981738,0.021011993,0.000420631,0.02099242,0.999183558,0.999375964,0.021087866
8156,0.010200991,0.030284851,0.021087967,0.978984778,0.969721909,0.021012094,0.000627466,0.020993126,0.020582988,0.999384439,0.021087967
8157,0.01020089,0.03028586,0.021088068,0.969607595,0.979508222,0.99966856,0.999379092,0.020993429,0.020599433,0.999771775,0.021088068
8158,0.010200486,0.030291914,0.021088169,0.969725743,0.969515982,0.999668661,0.020903632,0.030376363,0.020599938,0.999795587,0.021088169
8159,0.010200083,0.03037273,0.021088573,0.02029806,0.978984778,0.999668963,0.999585019,0.030376564,0.999265081,0.99999667,0.021088573
8160,0.01019978,0.030377876,0.021088673,0.999184264,0.999268511,0.999670174,0.999790037,0.030376665,0.999267704,0.010606387,0.021088673
8161,0.010199578,0.030378481,0.021088976,0.010620916,0.969708187,0.999670679,2.12E-06,0.020994942,0.999269419,0.010707888,0.021088976
8162,0.010199074,0.03038504,0.021089178,0.989797092,0.978790152,0.999672293,0.020199385,0.030376766,0.999271235,0.989782866,0.021089178
8163,0.010198872,0.030386149,0.021089581,0.999790239,0.969510736,0.999672797,0.999872368,0.020995547,0.999282031,0.989797092,0.021089581
8164,0.010198368,0.0304933,0.021089884,0.969400962,0.979109484,0.999673201,0.999990112,0.020995749,0.999285764,0.989894658,0.021089884
8165,0.010198065,0.969514671,0.021089985,0.969515074,0.999576745,0.999673302,0.989699224,0.020996455,0.020693972,0.000319333,0.021089985
8166,0.010197964,0.030586123,0.021090086,0.011023285,0.978898513,0.999674714,0.979498838,0.020998574,0.02069488,0.000511538,0.021090086
8167,0.010197561,0.030586931,0.021090187,0.978793582,0.999477969,0.999676228,0.999376771,0.020998675,0.020696797,0.969301782,0.021090187
8168,0.01019746,0.030587132,0.021090288,0.999670073,0.020495612,0.999676833,0.999998789,0.020998776,0.999365269,0.969403384,0.021090288
8169,0.010197157,0.030594195,0.021090389,0.979092635,0.969608301,0.999677136,0.999268915,0.020998978,0.999366985,0.030487246,0.021090389
8170,0.010196753,0.020194643,0.02109049,0.969309551,0.999882962,0.999677439,0.999790643,0.02099918,0.99937102,0.969517092,0.02109049
8171,0.010196652,0.020198073,0.02109059,0.969510736,0.999372029,0.999677842,0.999780654,0.020999684,0.999376267,0.969722514,0.02109059
8172,0.010194937,0.99887381,0.021090792,0.969515982,0.010620916,0.999678347,8.98E-06,0.021000188,0.999376771,0.020288677,0.021090792
8173,0.010194534,0.020280403,0.021090893,0.969707078,0.021098359,0.999679154,0.979085875,0.021000592,0.999381917,0.020289484,0.021090893
8174,0.010194433,0.020281412,0.021090994,0.978792674,0.969607595,0.999679356,0.020608817,0.021000794,0.999382018,0.999274968,0.021090994
8175,0.010194332,0.020291098,0.021091095,0.010697092,0.999388273,0.999679557,0.020891424,0.021001803,0.999386155,0.999278197,0.021091095
8176,0.010193928,0.020391287,0.021091196,0.978801048,0.999992937,0.999680667,0.999877312,0.02100261,0.020792244,0.999280013,0.021091196
8177,0.010193827,0.020406119,0.021091297,0.020495612,0.020807479,0.99968097,0.999978308,0.021002913,0.020808488,0.020703456,0.021091297
8178,0.010193727,0.020406219,0.021091398,0.979088902,0.9790887,0.999681172,0.01041842,0.021003014,0.020811313,0.999466669,0.021091398
8179,0.010193525,0.020498337,0.021091599,0.969423361,0.969607393,0.999682988,0.989190713,0.021003316,0.999477061,0.020902522,0.021091599
8180,0.010193424,0.020503785,0.0210917,1.82E-06,0.010697092,0.999683593,0.010916841,0.021003417,0.999478776,0.999575938,0.0210917
8181,0.010193121,0.020504189,0.021091801,0.999887502,0.999891033,0.999685409,0.021209445,0.021003922,0.999479281,0.999680465,0.021091801
8182,0.010192919,0.0205055,0.021091902,0.030478065,0.999367186,0.999686015,0.000726343,0.021004527,0.999483518,0.999680667,0.021091902
8183,0.010192718,0.999172459,0.021092003,0.969310157,0.969421343,0.999686923,0.99928304,0.021004628,0.999485435,0.999886796,0.021092003
8184,0.010192617,0.999176192,0.021092104,0.020402083,0.999894565,0.999687125,0.021098359,0.021004729,0.999488462,0.999971648,0.021092104
8185,0.010192516,0.999176999,0.021092306,0.979590955,0.999575333,0.999687427,0.999779948,0.021005031,0.020891323,0.99998083,0.021092306
8186,0.010192415,0.999179118,0.021092407,0.999684703,0.999371929,0.999687932,0.999995157,0.021005132,0.020903632,0.98898751,0.021092407
8187,0.010192314,0.999181035,0.021092507,0.98978781,0.999988195,0.999688739,0.979817061,0.021005435,0.020905246,0.010519416,0.021092507
8188,0.010192112,0.999181439,0.021092608,0.969725037,0.979301891,0.999689042,0.020299573,0.030378885,0.999571196,0.010618696,0.021092608
8189,0.010191305,0.999182649,0.021092709,0.999686015,0.978802461,0.999690454,0.999270832,0.021007453,0.99957392,9.99E-06,0.021092709
8190,0.010191002,0.999182952,0.02109281,0.999778838,0.969602449,0.02108716,0.021188559,0.021007554,0.999575535,0.000109976,0.02109281
8191,0.010190901,0.999183457,0.021092911,0.969613649,0.969502765,0.021087362,0.000810187,0.021008361,0.999580579,0.978802764,0.021092911
8192,0.010113212,0.999184062,0.021093012,0.999880137,0.98978781,0.021087463,0.001009556,0.021009773,0.999584212,0.00020744,0.021093012
8193,0.010113111,0.020582584,0.021093113,0.96962172,0.999880137,0.021087564,0.030279907,0.021011993,0.999584918,0.000305409,0.021093113
8194,0.01011301,0.020587124,0.021093415,0.999585019,0.999976189,0.021087664,0.999580176,0.021012094,0.020989191,0.000618386,0.021093415
8195,0.010112809,0.020588133,0.021093617,0.011210345,0.000933582,0.021087765,0.030579363,0.99966856,0.02100604,0.979591964,0.021093617
8196,0.010112506,0.999266998,0.021093718,0.97900304,0.969712223,0.021087866,5.04E-07,0.999668661,0.021007554,0.979597514,0.021093718
8197,0.010111497,0.999270832,0.021093819,0.978798122,0.030478065,0.021087967,0.030484926,0.999668963,0.999670679,0.968998694,0.021093819
8198,0.010110791,0.999271336,0.021094021,0.969608301,0.020902522,0.021088068,0.011113082,0.999670174,0.999671082,0.96951689,0.021094021
8199,0.01011069,0.999272648,0.021094122,0.999979821,0.969512754,0.021088169,0.98968187,0.999670679,0.999672293,0.998870783,0.021094122
8200,0.010110589,0.999276784,0.021094223,0.969220562,0.999684703,0.021088573,0.020904641,0.999672293,0.999677136,0.020591967,0.021094223
8201,0.010110387,0.999279307,0.021094324,0.978783997,0.011210345,0.021088673,0.010311572,0.999672797,0.999682282,0.99927961,0.021094324
8202,0.010109782,0.999279509,0.021094525,0.969512754,0.978693999,0.021088976,0.011013599,0.999673201,0.999683593,0.999476254,0.021094525
8203,0.010109681,0.999283645,0.021094828,0.999369305,0.969617079,0.021089178,0.999379496,0.999673302,0.999686216,0.999567766,0.021094828
8204,0.010109479,0.999285764,0.021094929,0.9790887,0.969524155,0.021089581,0.989387156,0.999674714,0.999688537,0.999578158,0.021094929
8205,0.010108975,0.020691954,0.02109503,0.999268511,0.969400962,0.021089884,0.001133656,0.999676228,0.021105321,0.999581992,0.02109503
8206,0.01010847,0.020692761,0.021095332,0.97960609,0.979089003,0.021089985,0.011202273,0.999676833,0.021108651,0.999686015,0.021095332
8207,0.010108268,0.020694577,0.021095534,0.979001123,0.999388576,0.021090086,0.968799022,0.999677136,0.021108752,0.999778838,0.021095534
8208,0.010107764,0.020696797,0.021095635,0.989687924,0.969525366,0.021090187,0.010696285,0.999677439,0.99976885,0.999881247,0.021095635
8209,0.010107663,0.020705071,0.021095736,0.020807479,0.999266998,0.021090288,0.030587839,0.999677842,0.999769152,0.999986884,0.021095736
8210,0.010107259,0.999367893,0.021095837,0.999477969,0.969515074,0.021090389,0.999264274,0.999678347,0.999770968,0.010414182,0.021095837
8211,0.010107159,0.999369305,0.021095938,0.999882962,0.978689862,0.02109049,0.999377579,0.999679154,0.999774399,0.989396236,0.021095938
8212,0.010106553,0.999369608,0.02109614,0.978898513,0.999981032,0.02109059,0.030375858,0.999679356,0.999777224,0.989489362,0.02109614
8213,0.010106452,0.99937435,0.021096241,0.969311165,0.999892547,0.021090792,0.979290086,0.999679557,0.999791349,0.01090766,0.021096241
8214,0.010105948,0.999376267,0.021096341,0.001128813,0.978801048,0.021090893,0.999485133,0.999680667,0.999792358,0.989592881,0.021096341
8215,0.010105746,0.999378184,0.021096442,0.969502765,0.969624243,0.021090994,0.999981637,0.99968097,0.999793367,0.979090516,0.021096442
8216,0.010105645,0.999379496,0.021096543,0.969415491,0.999286571,0.021091095,0.030291005,0.999681172,0.021209041,0.00051295,0.021096543
8217,0.010105443,0.999383531,0.021096644,0.999087505,0.96962172,0.021091196,0.021313669,0.999682988,0.02121338,0.000817451,0.021096644
8218,0.010105242,0.999387971,0.021096745,0.979301891,0.969525567,0.021091297,0.999286571,0.999683593,0.999871561,0.00082633,0.021096745
8219,0.010104636,0.020789116,0.021096846,0.969716663,0.969504279,0.021091398,0.000824514,0.999685409,0.999874688,0.979701335,0.021096846
8220,0.010104535,0.020792244,0.021096947,0.999682382,0.96930834,0.021091599,0.999271437,0.999686015,0.999880742,0.969018772,0.021096947
8221,0.010104233,0.020792345,0.021097149,0.979005865,0.969507608,0.0210917,0.010207953,0.999686923,0.999884475,0.969303699,0.021097149
8222,0.01010393,0.020793354,0.021097249,0.969317118,0.020699723,0.021091801,0.030378481,0.999687125,0.999890125,0.998966129,0.021097249
8223,0.010103829,0.02080314,0.021097552,0.969601844,0.999771372,0.021091902,0.011120851,0.999687427,0.999892244,0.020482193,0.021097552
8224,0.010103425,0.020803544,0.021097754,0.969611126,0.969621317,0.021092003,0.020203118,0.999687932,0.999894161,0.999368902,0.021097754
8225,0.010103325,0.020805966,0.021097855,0.999388576,0.999277592,0.021092104,0.02111652,0.999688739,0.021291472,0.999375157,0.021097855
8226,0.010103022,0.999470806,0.021098057,0.020902522,0.999890731,0.021092306,0.021311954,0.999689042,0.021291876,0.99958744,0.021098057
8227,0.010102921,0.999477868,0.021098258,0.999771372,0.999994047,0.021092407,0.021198346,0.999690454,0.021293692,0.999687629,0.021098258
8228,0.010102719,0.999480794,0.021098359,0.999981738,0.99979145,0.021092507,0.010508822,0.02108716,0.021299342,0.999872469,0.021098359
8229,0.010102114,0.999482005,0.02109846,0.999992937,0.969621418,0.021092608,0.030289694,0.021087362,0.021300351,0.999973061,0.02109846
8230,0.01010171,0.020889809,0.021098561,0.969524659,0.969710003,0.021092709,0.999981435,0.021087463,0.999978308,0.988980549,0.021098561
8231,0.010101508,0.020895863,0.021098763,0.979109484,0.020699521,0.02109281,0.021307111,0.021087564,0.999984664,0.989084874,0.021098763
8232,0.010101408,0.020898285,0.021098864,0.978985384,0.969613649,0.021092911,0.99958512,0.021087664,0.99998759,0.989697206,0.021098864
8233,0.010101307,0.020898789,0.021099166,0.969525366,0.979510441,0.021093012,0.01009152,0.021087765,0.999990011,0.011111669,0.021099166
8234,0.010100903,0.999570793,0.021099267,0.969406309,0.969311165,0.021093113,0.999372534,0.021087866,0.999990617,0.011112275,0.021099267
8235,0.0101005,0.999572205,0.021099469,0.978683001,0.969707078,0.021093415,0.020696898,0.021087967,0.99999213,7.16E-06,0.021099469
8236,0.010100399,0.999573214,0.021099671,0.969712223,0.969624545,0.021093617,0.999380807,0.021088068,0.999992231,0.000115424,0.021099671
8237,0.010100096,0.999575232,0.021099772,0.998870581,0.96931389,0.021093718,0.999995359,0.021088169,0.999992534,0.000407515,0.021099772
8238,0.010099995,0.999580579,0.021100075,0.969308946,0.02110179,0.021093819,0.001126089,0.021088573,0.99999435,0.979692859,0.021100075
8239,0.010099692,0.030374849,0.021100175,0.979089003,0.030370612,0.021094021,0.010521333,0.021088673,0.999995359,0.969300269,0.021100175
8240,0.010099491,0.020993126,0.021100276,0.9992673,0.021296416,0.021094122,0.030277284,0.021088976,0.999997175,0.96930834,0.021100276
8241,0.01009939,0.020997061,0.021100377,0.969614859,0.969605274,0.021094223,0.011101883,0.021089178,0.999999798,0.969724431,0.021100377
8242,0.010099188,0.999671688,0.021100478,0.020997061,0.96951689,0.021094324,0.999269419,0.021089581,0.969214004,0.020483404,0.021100478
8243,0.010099087,0.999677439,0.021100579,0.999677035,0.999887502,0.021094525,0.999791954,0.021089884,0.010313892,0.99917821,0.021100579
8244,0.010098683,0.999679658,0.02110068,0.9697209,0.969611126,0.021094828,0.999893253,0.021089985,0.030276981,0.020596205,0.02110068
8245,0.010098583,0.999688335,0.021100781,0.978689862,0.969310157,0.021094929,0.021196732,0.021090086,0.988976715,0.999384742,0.021100781
8246,0.010098482,0.999688739,0.021100882,0.969726954,0.96940641,0.02109503,0.999271639,0.021090187,0.988984685,0.989189099,0.021100882
8247,0.010098179,0.021087564,0.021100983,0.969621418,0.999682382,0.021095332,0.999477969,0.021090288,0.010522644,0.989291305,0.021100983
8248,0.010097775,0.021088976,0.021101588,0.969517496,0.999685308,0.021095534,0.00083087,0.021090389,0.989176184,0.989490068,0.021101588
8249,0.010097473,0.021098258,0.021101689,0.969524155,0.978889331,0.021095635,0.999878522,0.02109049,0.989186173,0.98969206,0.021101689
8250,0.010097069,0.021105624,0.02110179,0.978691174,0.969510938,0.021095736,0.999990213,0.02109059,0.989187283,0.989801027,0.02110179
8251,0.010096867,0.021113594,0.021101891,0.969525265,0.999184264,0.021095837,0.999680163,0.021090792,0.010598114,0.000404993,0.021101891
8252,0.010096766,0.999774601,0.021102092,0.969716864,0.999585019,0.021095938,0.011215188,0.021090893,0.010610625,0.979090819,0.021102092
8253,0.010096464,0.999775105,0.021102193,0.969525567,0.010408229,0.02109614,0.999992937,0.021090994,0.01062142,0.979098285,0.021102193
8254,0.010096363,0.999777224,0.021102395,0.97889821,0.969601844,0.021096241,0.000729673,0.021091095,0.010707888,0.979391486,0.021102395
8255,0.01009606,0.999778435,0.021102597,0.999367186,8.78E-06,0.021096341,0.999181741,0.021091196,0.010810901,0.000811801,0.021102597
8256,0.010095858,0.999781562,0.021102799,0.999894565,0.969309349,0.021096442,0.999268511,0.021091297,0.010811305,0.001132547,0.021102799
8257,0.010095152,0.999781865,0.0211029,0.999988195,0.96950781,0.021096543,0.001118119,0.021091398,0.989479172,0.979798799,0.0211029
8258,0.01009374,0.999782168,0.021103303,0.999184062,0.969525265,0.021096644,0.010697092,0.021091599,0.010897671,0.979802028,0.021103303
8259,0.010093639,0.999782975,0.021103404,0.999371929,0.030588242,0.021096745,0.999470806,0.0210917,0.010901606,0.969003436,0.021103404
8260,0.010093538,0.021202987,0.021103505,0.969523953,0.969524659,0.021096846,0.011212262,0.021091801,0.989581782,0.969110284,0.021103505
8261,0.010093437,0.021210756,0.021103707,0.969101001,0.999668963,0.021096947,0.99948483,0.021091902,0.011013499,0.969309349,0.021103707
8262,0.010093336,0.999870955,0.021103808,0.020699521,0.969618492,0.021097149,0.010715757,0.021092003,0.989683484,0.96971071,0.021103808
8263,0.010093235,0.999871561,0.021103909,0.02110179,0.999871561,0.021097249,0.020691954,0.021092104,0.989686007,0.999265282,0.021103909
8264,0.010093033,0.99988276,0.021104009,0.978889331,0.978682396,0.021097552,0.989298872,0.021092306,0.989689033,0.999272648,0.021104009
8265,0.010092327,0.999891033,0.021104413,0.999680465,0.969318026,0.021097754,9.38E-06,0.021092407,0.011101883,0.020790125,0.021104413
8266,0.010092226,0.999892547,0.021104615,0.999575333,0.969417004,0.021097855,0.021105624,0.021092507,0.011108945,0.999475447,0.021104615
8267,0.010092125,0.999893051,0.021104716,0.969211481,0.999790037,0.021098057,0.969208454,0.021092608,0.011109651,0.999668257,0.021104716
8268,0.010092024,0.021291271,0.02110522,0.999473126,0.999075499,0.021098258,0.030390791,0.021092709,0.989802641,0.9996731,0.02110522
8269,0.01009152,0.021297223,0.021105321,0.969315201,0.978793582,0.021098359,0.021215801,0.02109281,0.989804558,0.999676329,0.021105321
8270,0.010091419,0.021301057,0.021105422,0.999176091,0.969309551,0.02109846,0.030485027,0.021092911,0.011210446,0.999983151,0.021105422
8271,0.010091217,0.021307616,0.021105624,0.021098359,0.999369305,0.021098561,0.998963909,0.021093012,0.01121428,0.030271735,0.021105624
8272,0.010091015,0.021309129,0.021105725,0.978682396,0.978683001,0.021098763,0.020388058,0.021093113,0.030369603,0.011024193,0.021105725
8273,0.010090814,0.021311046,0.021105826,0.969507608,0.979001123,0.021098864,0.999180127,0.021093415,5.95E-06,0.000209256,0.021105826
8274,0.010090713,0.02131145,0.021105926,0.969318026,0.999474135,0.021099166,0.999772179,0.021093617,2.23E-05,0.979098083,0.021105926
8275,0.010090511,0.021312055,0.021106128,0.999576745,0.969602651,0.021099267,6.96E-06,0.021093718,0.000216016,0.979099193,0.021106128
8276,0.010090107,0.02131266,0.02110633,0.988974798,0.9697209,0.021099469,0.999275876,0.021093819,0.000220052,0.979291095,0.02110633
8277,0.010089704,0.021316393,0.021106431,0.969114319,0.999570793,0.021099671,0.020688927,0.021094021,0.978898513,0.979291398,0.021106431
8278,0.010089502,0.021319622,0.021106532,0.969420334,0.010704356,0.021099772,0.02029695,0.021094122,0.000316407,0.000706265,0.021106532
8279,0.001136683,0.999971245,0.021106633,0.969201593,0.969315201,0.021100075,0.030577951,0.021094223,0.979003847,0.000929949,0.021106633
8280,0.001136582,0.999976391,0.021106734,0.969605274,0.999676833,0.021100175,0.010719793,0.021094324,0.00040812,0.968898303,0.021106734
8281,0.001136482,0.999980225,0.021106835,0.969510837,0.989391191,0.021100276,0.97919807,0.021094525,0.979195043,0.969513662,0.021106835
8282,0.001135775,0.99998194,0.021106935,0.969199374,0.969608604,0.021100377,0.999791248,0.021094828,0.979200492,0.020292713,0.021106935
8283,0.001135573,0.999983453,0.021107137,0.969101506,0.999683896,0.021100478,0.999668358,0.021094929,0.000606278,0.020296547,0.021107137
8284,0.001135069,0.999986884,0.021107339,0.968697522,0.999581891,0.021100579,0.020506408,0.02109503,0.000729673,0.998968348,0.021107339
8285,0.001134867,0.999987186,0.02110744,0.030588242,0.969712829,0.02110068,0.999179118,0.021095332,0.979607805,0.999066721,0.02110744
8286,0.001134766,0.99998759,0.021107743,0.969617685,0.969423361,0.021100781,0.021000592,0.021095534,0.00111146,0.999180833,0.021107743
8287,0.001134665,0.999995359,0.021108045,0.999790037,0.969517496,0.021100882,0.011117622,0.021095635,0.97981131,0.999281325,0.021108045
8288,0.001133858,0.999998487,0.021108247,0.021296416,0.978783997,0.021100983,6.15E-06,0.021095736,0.979813631,0.999283141,0.021108247
8289,0.001133757,0.999999798,0.021108348,0.999994047,0.979294223,0.021101588,0.999366077,0.021095837,0.968609945,0.99937657,0.021108348
8290,0.001133656,0.030472415,0.021108651,0.030370612,0.969406309,0.021101689,0.020602561,0.021095938,0.96869954,0.999575535,0.021108651
8291,0.001133354,0.030476652,0.021108752,0.969299563,0.969617584,0.02110179,0.020296648,0.02109614,0.968706703,0.999770565,0.021108752
8292,0.001132547,0.0305722,0.021108852,0.96930834,0.969408025,0.021101891,0.020503785,0.021096241,0.968801343,0.999894262,0.021108852
8293,0.001132042,0.030578455,0.021108953,0.96951689,0.969617685,0.021102092,0.999578662,0.021096341,0.968802554,0.021311046,0.021108953
8294,0.001131739,0.030579464,0.021109054,0.999388273,0.969523953,0.021102193,0.020599433,0.021096442,0.969101607,0.010209365,0.021109054
8295,0.001131235,0.01009152,0.021109155,0.999277592,0.999990919,0.021102395,0.989704975,0.021096543,0.969204116,0.989190511,0.021109155
8296,0.001131033,0.010207953,0.021109256,0.999891033,0.96942326,0.021102597,0.020996859,0.021096644,0.969208353,0.989483006,0.021109256
8297,0.001130932,0.010408431,0.021109357,0.989391191,0.010897671,0.021102799,0.999990718,0.021096745,0.030280613,0.011102488,0.021109357
8298,0.001130226,0.010494999,0.021109458,0.969406915,0.030372428,0.0211029,0.999284251,0.021096846,0.030287071,0.989795074,0.021109458
8299,0.001130125,0.010495907,0.021109559,0.969218342,0.9992673,0.021103303,0.010408431,0.021096947,0.969318026,0.989885274,0.021109559
8300,0.001130024,0.989196363,0.02110966,0.969110284,0.020189093,0.021103404,1.36E-05,0.021097149,0.030381811,0.989885577,0.02110966
8301,0.001129923,0.010618696,0.021109861,8.78E-06,0.989689033,0.021103505,0.02060014,0.021097249,0.030388066,0.978888524,0.021109861
8302,0.001129722,0.010620916,0.021109962,0.969300773,0.969110284,0.021103707,0.000122789,0.021097552,0.030485329,0.000309344,0.021109962
8303,0.00112952,0.01062142,0.021110063,0.969510938,0.969714746,0.021103808,0.000620303,0.021097754,0.969513662,0.000406002,0.021110063
8304,0.001129419,0.010622026,0.021110164,0.969300269,0.969415491,0.021103909,0.999686418,0.021097855,0.969524659,0.979298864,0.021110164
8305,0.001129318,0.010695276,0.021110265,0.999676833,0.999677035,0.021104009,0.030474231,0.021098057,0.030589856,0.000918548,0.021110265
8306,0.001129217,0.010695982,0.021110467,0.999570086,0.99948483,0.021104413,0.999999193,0.021098258,0.030594699,0.979590047,0.021110467
8307,0.001128914,0.010705769,0.021110568,0.969015846,0.969614859,0.021104615,0.03049552,0.021098359,0.969608604,0.979710415,0.021110568
8308,0.001128813,0.010709502,0.021110769,0.969417509,0.978798122,0.021104716,0.030389681,0.02109846,0.969712324,0.979796479,0.021110769
8309,0.001128713,0.989398759,0.021110971,0.969611429,0.999582093,0.02110522,0.968997483,0.021098561,0.969713737,0.969004848,0.021110971
8310,0.001128511,0.010908164,0.021111072,0.999990919,0.010494293,0.021105321,0.011220333,0.021098763,0.020188993,0.969116035,0.021111072
8311,0.00112841,0.010998768,0.021111173,0.969617584,0.969515781,0.021105422,0.011206107,0.021098864,0.998966431,0.969420637,0.021111173
8312,0.001128208,0.011006436,0.021111274,0.999570793,0.020903632,0.021105624,0.020382913,0.021099166,0.020382913,0.969525366,0.021111274
8313,0.001127905,0.0110137,0.021111476,0.969602651,0.969303699,0.021105725,0.999877513,0.021099267,0.020397543,0.030592682,0.021111476
8314,0.001127805,0.011015819,0.021111778,0.02058551,9.38E-06,0.021105826,0.01122336,0.021099469,0.02040178,0.969607595,0.021111778
8315,0.001127401,0.011027826,0.021111879,0.968998492,0.969211481,0.021105926,0.010914521,0.021099671,0.999063089,0.969708187,0.021111879
8316,0.0011273,0.989685805,0.021112081,0.969298856,0.999466164,0.021106128,0.011117017,0.021099772,0.9990756,0.999275473,0.021112081
8317,0.001127098,0.011102488,0.021112182,0.969608604,0.030277788,0.02110633,0.97909546,0.021100075,0.020483707,0.999466265,0.021112182
8318,0.001126997,0.011111669,0.021112384,0.969714746,0.999279206,0.021106431,0.968899917,0.021100175,0.999172459,0.999471007,0.021112384
8319,0.001126796,0.011111871,0.021112586,0.969015745,0.969203208,0.021106532,0.01062142,0.021100276,0.999177403,0.999579671,0.021112586
8320,0.001126392,0.011113486,0.021112787,0.969316816,0.999183658,0.021106633,0.000309243,0.021100377,0.999180127,0.999689546,0.021112787
8321,0.001126291,0.011117622,0.021112888,0.969404493,0.999999798,0.021106734,0.999791854,0.021100478,0.999181842,0.999878119,0.021112888
8322,0.001126089,0.989801229,0.021112989,0.969198567,0.969308946,0.021106835,0.020897074,0.021100579,0.999183658,0.99987943,0.021112989
8323,0.001125988,0.011207923,0.021113292,0.969303094,0.02058551,0.021106935,0.969525164,0.02110068,0.020582584,0.999985774,0.021113292
8324,0.001125787,0.01121317,0.021113393,0.969108871,0.969417509,0.021107137,0.021090389,0.021100781,0.020608817,0.999999294,0.021113393
8325,0.001125686,0.011215894,0.021113494,0.969213903,0.969406915,0.021107339,0.999792358,0.021100882,0.99926498,0.988876929,0.021113494
8326,0.001125585,0.011219627,0.021113594,0.968807296,0.969220562,0.02110744,0.020393406,0.021100983,0.999266392,0.989081444,0.021113594
8327,0.001125484,0.011219829,0.021113695,0.999474135,0.999484326,0.021107743,0.020802031,0.021101588,0.999268511,0.989496627,0.021113695
8328,0.001125181,0.989894456,0.021114099,0.979510441,0.021088976,0.021108045,0.030478872,0.021101689,0.999274968,0.989688428,0.021114099
8329,0.001124879,3.83E-06,0.0211142,0.99979145,0.979296039,0.021108247,0.969221974,0.02110179,0.999275574,0.989783572,0.0211142
8330,0.001124677,4.74E-06,0.021114402,0.969010801,0.969611429,0.021108348,0.958719307,0.021101891,0.999276784,0.011219829,0.021114402
8331,0.001124576,5.95E-06,0.021114603,0.999466164,0.969302287,0.021108651,0.010100096,0.021102092,0.999279307,0.978683001,0.021114603
8332,0.001124374,6.66E-06,0.021114704,0.969206638,0.999988498,0.021108752,0.938428613,0.021102193,0.999280215,0.000108159,0.021114704
8333,0.001124172,1.75E-05,0.021115007,0.99948483,0.969300773,0.021108852,0.938525976,0.021102395,0.999281224,0.000231453,0.021115007
8334,0.001123971,2.22E-05,0.02111531,0.969302287,0.969304305,0.021108953,0.020997061,0.021102597,0.999282233,0.978993758,0.02111531
8335,0.001123567,0.978691779,0.021115411,0.969524054,0.969301782,0.021109054,0.999990919,0.021102799,0.999287479,0.979005865,0.021115411
8336,0.001123365,0.000122789,0.021115713,0.999266998,0.969404493,0.021109155,0.999378184,0.0211029,0.020695687,0.97909435,0.021115713
8337,0.001123163,0.000620303,0.021116319,0.020988081,0.96961718,0.021109256,0.010798592,0.021103303,0.999365471,0.000609406,0.021116319
8338,0.001122962,0.000715749,0.02111642,0.969098277,0.969408832,0.021109357,0.000807766,0.021103404,0.999368801,0.000625852,0.02111642
8339,0.00112276,0.000917741,0.02111652,0.969411556,0.010408431,0.021109458,0.021316595,0.021103505,0.999373341,0.969208757,0.02111652
8340,0.001122659,0.969221066,0.021116823,0.969304506,0.968998492,0.021109559,0.999365269,0.021103707,0.999374249,0.969421343,0.021116823
8341,0.001121953,0.969221974,0.021117227,0.969406814,0.999470907,0.02110966,0.99976885,0.021103808,0.999382623,0.999170239,0.021117227
8342,0.00112165,0.030288584,0.021117328,0.9694052,0.969206638,0.021109861,0.999783883,0.021103909,0.999388374,0.999365976,0.021117328
8343,0.001121549,0.030291005,0.021117428,0.969301782,0.96940187,0.021109962,0.021108651,0.021104009,0.020806066,0.999576644,0.021117428
8344,0.001121448,0.030372932,0.021117529,0.969408025,0.989385642,0.021110063,0.020902522,0.021104413,0.020810607,0.999585624,0.021117529
8345,0.001120338,0.030373638,0.021117731,0.000933582,0.969309248,0.021110164,0.000715648,0.021104615,0.999471007,0.999674109,0.021117731
8346,0.001120237,0.030390992,0.021117933,0.968801343,0.969221167,0.021110265,0.999365169,0.021104716,0.999477868,0.999780654,0.021117933
8347,0.001120036,0.030391093,0.021118034,0.999889318,0.969315807,0.021110467,0.000424566,0.02110522,0.999478575,0.021197236,0.021118034
8348,0.001119531,0.030481293,0.021118135,0.010408229,0.969406814,0.021110568,0.999388072,0.021105321,0.999483417,0.999887603,0.021118135
8349,0.00111943,0.030484926,0.021118236,0.999683896,0.969214004,0.021110769,0.021094122,0.021105422,0.020885572,0.021314073,0.021118236
8350,0.001119128,0.030488356,0.021118337,0.969523751,0.999466064,0.021110971,0.020699521,0.021105624,0.020892231,0.999982848,0.021118337
8351,0.001118926,0.030495621,0.021118437,0.969113613,0.969420637,0.021111072,0.99999435,0.021105725,0.020898184,0.999987287,0.021118437
8352,0.001118825,0.03057785,0.021118538,0.999686418,0.969299563,0.021111173,0.999587844,0.021105826,0.999567665,0.999987388,0.021118538
8353,0.001118724,0.030580877,0.999769152,0.969217737,4.44E-06,0.021111274,2.23E-05,0.021105926,0.999569481,0.030474735,0.999769152
8354,0.001118119,0.030584408,0.999769354,0.969015947,0.969614557,0.021111476,0.010412669,0.021106128,0.999570086,0.989082352,0.999769354
8355,0.001118018,0.030585821,0.999769455,0.969410951,0.969110586,0.021111778,0.999874688,0.02110633,0.999570288,0.989185265,0.999769455
8356,0.001117917,0.03058683,0.999769556,0.969309248,0.969420334,0.021111879,0.999992534,0.021106431,0.999574223,0.989191621,0.999769556
8357,0.001117816,0.030587839,0.999769858,0.999466064,0.969510837,0.021112081,0.999266796,0.021106532,0.999575333,0.989191823,0.999769858
8358,0.001117715,0.030587939,0.99977006,0.968904559,0.978687138,0.021112182,0.010908164,0.021106633,0.999580277,0.989480584,0.99977006
8359,0.001117513,0.030588545,0.99977117,0.96921249,0.969300269,0.021112384,0.989496425,0.021106734,0.999585422,0.010911191,0.99977117
8360,0.001117412,0.020197669,0.999771574,0.999582093,0.020988081,0.021112586,0.030372932,0.021106835,0.020987577,0.989691859,0.999771574
8361,0.001117311,0.020199183,0.999772583,0.969221167,0.969306323,0.021112787,0.999371727,0.021106935,0.030376564,0.01122447,0.999772583
8362,0.00111711,0.020199486,0.999773087,0.999871561,0.969710407,0.021112888,0.010897267,0.021107137,0.021000592,0.989899803,0.999773087
8363,0.001117009,0.020281614,0.999773793,0.999668963,0.021003014,0.021112989,0.011101176,0.021107339,0.999680465,1.96E-05,0.999773793
8364,0.001116908,0.020283128,0.999774399,0.96940187,1.24E-05,0.021113292,0.010607295,0.02110744,0.999681172,0.978694201,0.999774399
8365,0.001116504,0.02029806,0.999774802,0.969408832,0.969410951,0.021113393,0.99938222,0.021107743,0.999681374,0.979088196,0.999774802
8366,0.001116,0.998978034,0.999774903,0.969216122,0.999893657,0.021113494,0.030381811,0.021108045,0.999686015,0.979394715,0.999774903
8367,0.001115798,0.998981061,0.999775609,0.010704356,0.020705979,0.021113594,0.999574727,0.021108247,0.021087765,0.979508222,0.999775609
8368,0.001115596,0.020380794,0.999776013,0.969099891,0.969015947,0.021113695,0.999584212,0.021108348,0.021092709,0.97950913,0.999776013
8369,0.001115193,0.020388563,0.999777123,0.968700044,0.9694052,0.021114099,0.999181842,0.021108651,0.021095736,0.000921878,0.999777123
8370,0.001115092,0.020395121,0.999777526,0.020189093,0.969524054,0.0211142,0.020195551,0.021108752,0.021096745,0.979697803,0.999777526
8371,0.001114991,0.020487238,0.999779343,0.030372428,0.968697522,0.021114402,0.020483202,0.021108852,0.02110068,0.968805278,0.999779343
8372,0.00111489,0.020499043,0.999780654,0.010897671,0.969304506,0.021114603,0.979606695,0.021108953,0.021106835,0.968808708,0.999780654
8373,0.001114789,0.02050318,0.999780856,2.02E-06,0.989578352,0.021114704,0.010695276,0.021109054,0.021107339,0.969707178,0.999780856
8374,0.001114688,0.999177806,0.999781461,0.969115227,0.969115227,0.021115007,0.999381715,0.021109155,0.021110769,0.998970165,0.999781461
8375,0.001114184,0.999180329,0.999781562,0.989689033,0.010393902,0.02111531,0.969514671,0.021109256,0.021117529,0.998976117,0.999781562
8376,0.001113982,0.999180632,0.99978247,0.969306323,0.010522644,0.021115411,1.82E-06,0.021109357,0.021118437,0.999179118,0.99978247
8377,0.001113881,0.999182347,0.999782773,0.969306928,0.020391287,0.021115713,0.020490467,0.021109458,0.999778838,0.999266493,0.999782773
8378,0.001113477,0.999182851,0.999782874,0.989578352,0.96921249,0.021116319,0.020393809,0.021109559,0.999781461,0.999277592,0.999782874
8379,0.001113276,0.99918386,0.999782975,0.021003014,0.999585826,0.02111642,0.020492283,0.02110966,0.999781865,0.999387769,0.999782975
8380,0.001113175,0.999184365,0.999784085,0.999892547,0.969217737,0.02111652,0.999272143,0.021109861,0.999793569,0.999484326,0.999784085
8381,0.001113074,0.020611137,0.999784993,0.96950448,0.96950448,0.021116823,0.020686203,0.021109962,0.999795082,0.999484729,0.999784993
8382,0.001112973,0.999266897,0.999785094,0.010408431,0.979195245,0.021117227,0.999891134,0.021110063,0.021193302,0.999675421,0.999785094
8383,0.001112771,0.999273556,0.999785497,0.969515781,0.969099891,0.021117328,0.020183544,0.021110164,0.021206721,0.999679255,0.999785497
8384,0.00111267,0.999275675,0.999785598,0.969420637,0.021102193,0.021117428,0.000718473,0.021110265,0.021211967,0.999683291,0.999785598
8385,0.001112468,0.999277087,0.999787515,0.999985471,0.999981637,0.021117529,0.030590664,0.021110467,0.021213682,0.021308524,0.999787515
8386,0.001112368,0.999283544,0.999787919,0.968898202,0.969411556,0.021117731,0.021118437,0.021110568,0.999872267,0.010901606,0.999787919
8387,0.001112267,0.020688927,0.99978812,0.969110586,0.969317118,0.021117933,0.99917599,0.021110769,0.999876,0.0110137,0.99978812
8388,0.001112166,0.020696898,0.999788322,0.968897799,0.969515881,0.021118034,0.0011273,0.021110971,0.999880137,0.989796991,0.999788322
8389,0.001112065,0.020697806,0.999789836,0.969421141,0.999571902,0.021118135,0.999270025,0.021111072,0.999882659,8.07E-07,0.999789836
8390,0.00111146,0.020703456,0.999789937,0.999270327,0.999177504,0.021118236,0.99979145,0.021111173,0.999886291,8.68E-06,0.999789937
8391,0.001110955,0.999365976,0.999790239,0.979294223,0.969004243,0.021118337,0.989578352,0.021111274,0.999887502,1.55E-05,0.999790239
8392,0.001110854,0.999368599,0.999790946,0.968905164,0.969198567,0.021118437,2.52E-06,0.021111476,0.999893051,0.978905374,0.999790946
8393,0.001110652,0.999368801,0.999791854,0.969300067,0.969116035,0.021118538,0.001009253,0.021111778,0.021291775,0.00040812,0.999791854
8394,0.001038311,0.99937102,0.999792055,0.969407924,0.969113613,0.999769152,0.979295333,0.021111879,0.021306909,0.979291196,0.999792055
8395,0.001037907,0.999373442,0.999792257,0.999273758,0.969311065,0.999769858,0.999179421,0.021112081,0.021308423,0.979508827,0.999792257
8396,0.001037403,0.999374249,0.999793064,0.010522644,0.969316816,0.99977006,0.999972052,0.021112182,0.021310945,0.001034678,0.999793064
8397,0.001037302,0.999378285,0.99979478,0.969614557,0.969308038,0.999771574,0.030378683,0.021112384,0.021311954,0.968903852,0.99979478
8398,0.001037201,0.999381715,0.99979488,0.978687138,0.999681676,0.999772583,0.999982142,0.021112586,0.999973666,0.969211481,0.99979488
8399,0.001036999,0.999382623,0.999794981,0.968810121,0.969722817,0.999773087,0.978687743,0.021112787,0.999974171,0.030288483,0.999794981
8400,0.001036495,0.99938333,0.999795082,0.999981032,0.989189906,0.999773793,0.999998487,0.021112888,0.999976088,0.999177302,0.999795082
8401,0.001036394,0.02078841,0.999795385,0.969304305,0.969310056,0.999774802,0.968809818,0.021112989,0.999976592,0.999183961,0.999795385
8402,0.001036293,0.020790125,0.021188156,0.999286571,0.969108871,0.999774903,0.999386558,0.021113292,0.999979619,0.999266695,0.021188156
8403,0.00103599,0.999466164,0.021188257,0.969004243,0.968807296,0.999775609,0.99918275,0.021113393,0.999982646,0.999267805,0.021188257
8404,0.00103488,0.999469998,0.021188358,0.979801019,0.999574223,0.999779343,0.020988485,0.021113494,0.999983453,0.999367691,0.021188358
8405,0.001034678,0.999470503,0.021188459,0.969014231,0.999572407,0.999780654,0.999382119,0.021113594,0.999990819,0.9993687,0.021188459
8406,0.001034477,0.999475245,0.021188559,0.969105239,0.969101001,0.999780856,0.999987893,0.021113695,0.999992332,0.999371727,0.021188559
8407,0.001034376,0.99947807,0.02118866,0.969116035,0.969298856,0.999781461,0.010713639,0.021114099,0.999995157,0.999381917,0.02118866
8408,0.001034174,0.999478474,0.021188761,0.968912731,0.969101506,0.99978247,0.988786326,0.0211142,0.999998487,0.999577653,0.021188761
8409,0.001033569,0.999479583,0.021188963,0.969208757,0.96920008,0.999782975,0.999471007,0.021114402,0.030479982,0.999583808,0.021188963
8410,0.001033468,0.999487958,0.021189064,0.969214004,0.968997281,0.999784085,0.999773289,0.021114603,0.030578556,0.021005839,0.021189064
8411,0.001033165,0.020891424,0.021189165,0.96940974,0.969421141,0.999784993,0.011112275,0.021114704,0.988790765,0.99966856,0.021189165
8412,0.001032963,0.020892735,0.021189266,0.021105321,0.969403384,0.999785094,0.020294529,0.021115007,0.010301281,0.999678952,0.021189266
8413,0.001032358,0.020908273,0.021189669,0.969011205,0.969015846,0.999787919,0.010394911,0.02111531,0.988998003,0.999684299,0.021189669
8414,0.001032055,0.999569784,0.021189871,0.96942326,0.969199374,0.99978812,0.999367489,0.021115411,0.010392591,0.999892446,0.021189871
8415,0.001031752,0.999569885,0.021189972,0.969000611,0.969003436,0.999788322,0.999981738,0.021115713,0.989093854,0.021292582,0.021189972
8416,0.001031652,0.999569985,0.021190174,0.021088976,0.96940974,0.999789836,0.999283141,0.021116319,0.989185366,0.999993442,0.021190174
8417,0.001031551,0.999573719,0.021190275,0.99926498,0.968913841,0.999789937,0.999999798,0.02111642,0.01059549,0.010294218,0.021190275
8418,0.001031248,0.999575333,0.021190376,0.999075499,1.31E-06,0.999790239,0.999378991,0.02111652,0.010622026,0.989091432,0.021190376
8419,0.001030945,0.999575535,0.021190476,0.999585826,0.969098277,0.999791854,0.999976592,0.021116823,0.989291204,0.989094257,0.021190476
8420,0.001030744,0.999579268,0.021190577,0.968805278,0.999379798,0.999792257,0.020183948,0.021117227,0.010695982,0.989196363,0.021190577
8421,0.001029735,0.999579772,0.021190678,0.999893657,0.969114319,0.99979478,0.999871863,0.021117328,0.010709502,0.989283032,0.021190678
8422,0.001029432,0.999582799,0.021190779,0.969008884,0.021105321,0.99979488,0.030571897,0.021117428,0.010717372,0.989398254,0.021190779
8423,0.001028726,0.999584313,0.021190981,0.968809011,0.001118825,0.999794981,0.021302874,0.021117529,0.989484116,0.01080172,0.021190981
8424,0.001028322,0.999584918,0.021191082,0.999571902,0.96891152,0.999795082,0.9999774,0.021117731,0.010898781,0.989490371,0.021191082
8425,0.001028221,0.020992319,0.021191183,0.969315807,0.968898202,0.021188156,0.999374047,0.021117933,0.010898882,0.010900294,0.021191183
8426,0.00102812,0.020995547,0.021191385,0.968794179,0.969202502,0.021188257,0.030489062,0.021118034,0.989599237,0.989906361,0.021191385
8427,0.001028019,0.021004729,0.021191485,0.968903852,0.969201593,0.021188358,0.999274767,0.021118135,0.011017837,0.978887314,0.021191485
8428,0.001027212,0.99966967,0.021191586,0.969722817,0.968905164,0.021188459,0.020808387,0.021118236,0.011018846,0.000821992,0.021191586
8429,0.00102691,0.999670073,0.021191687,0.969515881,0.999870854,0.021188559,0.021205409,0.021118337,0.011117925,0.000917741,0.021191687
8430,0.001026708,0.999670376,0.021191788,0.969003436,0.969015745,0.02118866,0.969013122,0.021118437,0.011120851,0.001127401,0.021191788
8431,0.001026506,0.999672394,0.021191889,0.969308038,0.968904559,0.021188761,0.021110769,0.021118538,0.011124988,0.968912731,0.021191889
8432,0.001026405,0.999676833,0.02119199,0.969108467,0.969000812,0.021188963,0.999885585,0.999769152,0.989803549,0.969106853,0.02119199
8433,0.001026203,0.99968097,0.021192091,0.969000812,0.968801343,0.021189064,0.010197561,0.999769858,0.98980476,0.969299563,0.021192091
8434,0.001026001,0.999681474,0.021192595,0.96922036,0.969010801,0.021189165,0.000216117,0.99977006,0.011206107,0.969602651,0.021192595
8435,0.001025699,0.021090792,0.021192797,0.969113209,0.969300067,0.021189266,0.020611137,0.999771574,0.01121549,0.969613649,0.021192797
8436,0.001025598,0.021092104,0.021193201,1.24E-05,0.020194643,0.021189669,0.999284957,0.999772583,1.29E-05,0.969722313,0.021193201
8437,0.001025396,0.021098864,0.021193302,0.999183658,0.969523751,0.021189871,0.998975714,0.999773087,1.48E-05,0.020483001,0.021193302
8438,0.001025194,0.02110179,0.021193402,0.978689458,0.968903751,0.021189972,0.989094257,0.999773793,0.000117644,0.999173771,0.021193402
8439,0.001024791,0.021111879,0.021193503,0.969310056,0.020804452,0.021190174,0.999483216,0.999774802,0.978997491,0.020696293,0.021193503
8440,0.001024589,0.02111652,0.021193604,0.010494293,0.968700044,0.021190275,0.021095534,0.999774903,0.9790887,0.999386256,0.021193604
8441,0.001024286,0.999774399,0.021193806,0.020699723,0.030580675,0.021190376,0.969422251,0.999775609,0.000612735,0.99948372,0.021193806
8442,0.001024185,0.999775509,0.021193907,0.999988498,0.968900321,0.021190476,0.030595809,0.999779343,0.000623935,0.999682786,0.021193907
8443,0.001023782,0.999776215,0.021194008,0.999088413,0.969713535,0.021190577,0.999787818,0.999780654,0.979312283,0.978791463,0.021194008
8444,0.00102358,0.999779141,0.021194109,0.968900321,0.999467577,0.021190678,0.010309857,0.999780856,0.000924198,0.000213191,0.021194109
8445,0.001023479,0.999783883,0.021194411,0.968913841,0.999995863,0.021190779,0.01121771,0.999781461,0.979606695,0.978886506,0.021194411
8446,0.001023075,0.999784085,0.021194512,0.999995762,0.020195551,0.021190981,0.999985168,0.99978247,0.001128511,0.9789872,0.021194512
8447,0.001022975,0.999785094,0.021194714,0.968997281,0.999471209,0.021191082,0.989490371,0.999782975,0.968703273,0.000517692,0.021194714
8448,0.001022773,0.999786607,0.021194815,0.96920008,0.020486229,0.021191183,0.020586115,0.999784085,0.968704887,0.000934591,0.021194815
8449,0.001022672,0.999787919,0.021194916,0.968908796,0.969218342,0.021191385,0.020687313,0.999784993,0.968708721,0.97981131,0.021194916
8450,0.001022067,0.99978812,0.021195118,0.979195245,0.979109384,0.021191485,0.999485335,0.999785094,0.968802655,0.968800031,0.021195118
8451,0.001021663,0.999790239,0.021195219,0.999484326,0.969006967,0.021191586,0.99897309,0.999787919,0.968900725,0.968898202,0.021195219
8452,0.001021461,0.999794275,0.021195319,0.968703273,0.969019276,0.021191687,0.999385751,0.99978812,0.96891485,0.96921249,0.021195319
8453,0.001021158,0.021196127,0.02119542,0.968705089,0.969413877,0.021191788,0.999980325,0.999788322,0.968998694,0.969300773,0.02119542
8454,0.001021058,0.021198649,0.021195521,0.969009388,0.999779948,0.021191889,0.969418619,0.999789836,0.968998996,0.969617079,0.021195521
8455,0.001020856,0.021200768,0.021196026,0.969096663,0.020506408,0.02119199,1.37E-05,0.999789937,0.969001922,0.998979649,0.021196026
8456,0.001020452,0.021202685,0.021196127,0.969100194,0.969004848,0.021192091,0.010704356,0.999790239,0.969004747,0.020397543,0.021196127
8457,0.00102025,0.021205005,0.021196227,0.969202502,0.968911722,0.021192595,0.001015609,0.999791854,0.969096663,0.99968319,0.021196227
8458,0.001020049,0.021207023,0.02119653,0.969311065,0.969105239,0.021192797,0.001016114,0.999792257,0.96909979,0.999879733,0.02119653
8459,0.001019948,0.021212875,0.021196631,0.969713535,0.989785994,0.021193201,0.020204127,0.99979478,0.969115833,0.999985875,0.021196631
8460,0.001019847,0.02121338,0.021196732,0.020804452,0.001016114,0.021193302,0.030492089,0.99979488,0.96911664,0.99998759,0.021196732
8461,0.001019645,0.999870552,0.021196833,0.999467577,0.969515377,0.021193402,1.10E-05,0.999794981,0.030283741,0.999995561,0.021196833
8462,0.001019544,0.99987257,0.021196934,0.968898908,0.999179623,0.021193503,0.99948826,0.999795082,0.030291813,0.010718078,0.021196934
8463,0.001019141,0.999875697,0.021197035,0.969005857,0.96890133,0.021193604,0.999576745,0.021188156,0.969305515,0.989796083,0.021197035
8464,0.00101904,0.999893253,0.021197136,0.969403384,0.969407924,0.021193806,0.999870753,0.021188257,0.969311973,0.989903133,0.021197136
8465,0.001018838,0.021289354,0.021197236,0.96879761,0.969108467,0.021193907,0.999976895,0.021188358,0.030484018,0.978696622,0.021197236
8466,0.001018636,0.021290665,0.021197337,0.968804773,0.96900394,0.021194008,0.020906961,0.021188459,0.96950448,0.000221565,0.021197337
8467,0.001018434,0.021291775,0.021197438,0.968805581,0.969213903,0.021194109,1.89E-05,0.021188559,0.969511543,0.978889331,0.021197438
8468,0.001018333,0.021293389,0.02119764,0.969515377,0.999976895,0.021194411,0.999181035,0.02118866,0.969514671,0.97898841,0.02119764
8469,0.001018233,0.021303479,0.021197741,0.969001014,0.969216122,0.021194512,0.000830971,0.021188761,0.030581886,0.000729471,0.021197741
8470,0.001018132,0.021308524,0.021197943,0.979101312,0.969303094,0.021194714,0.010801014,0.021188963,0.969523751,0.001127098,0.021197943
8471,0.001018031,0.021314376,0.021198044,0.968901834,0.969000611,0.021194815,0.989801431,0.021189064,0.030591168,0.968913841,0.021198044
8472,0.001017829,0.021319017,0.021198145,0.96891152,0.020604176,0.021194916,0.999479583,0.021189165,0.030592682,0.969110485,0.021198145
8473,0.001017728,0.02132164,0.021198245,0.030580675,0.010394911,0.021195118,0.02089435,0.021189266,0.030595305,0.969114319,0.021198245
8474,0.001017627,0.99997074,0.021198346,9.38E-06,0.968810121,0.021195219,0.010910586,0.021189669,0.969617584,0.969205226,0.021198346
8475,0.001017526,0.999972153,0.021198447,0.968811029,0.968910511,0.021195319,0.000719785,0.021189871,0.020186773,0.969305515,0.021198447
8476,0.00101682,0.999974474,0.021198649,0.020604176,0.969725239,0.02119542,0.000818763,0.021189972,0.99887724,0.969515377,0.021198649
8477,0.001016719,0.999974574,0.02119875,0.988775126,0.979101312,0.021195521,6.66E-06,0.021190174,0.020281715,0.969712829,0.02119875
8478,0.001016618,0.999982242,0.021198952,0.968999904,0.968805278,0.021196026,0.968796702,0.021190275,0.020289787,0.020889809,0.021198952
8479,0.001016416,0.999984664,0.021199053,0.989189906,0.979801019,0.021196127,0.021194512,0.021190376,0.020395121,0.020893038,0.021199053
8480,0.001016215,0.999987893,0.021199254,0.969725239,0.020494099,0.021196227,0.020383619,0.021190476,0.020400065,0.999583909,0.021199254
8481,0.001016114,0.999990718,0.021199456,0.96961718,0.96922036,0.02119653,0.968995969,0.021190577,0.020492283,0.999680163,0.021199456
8482,0.001015609,0.999991928,0.021199557,0.969413877,0.969011205,0.021196631,0.030580675,0.021190678,0.020494704,0.999779443,0.021199557
8483,0.001015508,0.99999213,0.021199759,0.999177504,0.968794179,0.021196732,0.020887287,0.021190779,0.020498337,0.999790744,0.021199759
8484,0.001014903,0.999995157,0.021200062,0.030277788,0.968898908,0.021196833,0.999886796,0.021190981,0.99917599,0.999973364,0.021200062
8485,0.0010146,0.999997175,0.021200162,0.999279206,0.969306928,0.021196934,0.999272547,0.021191082,0.999176091,0.988979741,0.021200162
8486,0.001013995,0.999997478,0.021200263,1.31E-06,0.030595809,0.021197035,0.98917911,0.021191183,0.999179623,0.010513261,0.021200263
8487,0.001013793,0.999998285,0.021200667,0.001118825,0.02098798,0.021197136,0.989599439,0.021191385,0.999185071,0.010604874,0.021200667
8488,0.001013692,0.999999193,0.021200768,0.968903751,0.969005857,0.021197236,0.999891033,0.021191485,0.959529494,0.989277281,0.021200768
8489,0.00101339,0.030475442,0.021200869,0.999581891,0.968903852,0.021197337,0.98929413,0.021191586,0.020607505,0.989289691,0.021200869
8490,0.001013289,0.03047645,0.02120097,0.969100598,0.978689458,0.021197438,0.989599237,0.021191687,0.999265888,0.011019855,0.02120097
8491,0.001012986,0.030478267,0.02120107,0.969006967,0.030478872,0.02119764,0.999281325,0.021191788,0.999266493,0.000625751,0.02120107
8492,0.001012885,0.030480083,0.021201171,0.020506408,0.968900018,0.021197741,0.999472521,0.021191889,0.999268915,0.000716355,0.021201171
8493,0.001012179,0.030582996,0.021201272,0.96900394,0.969096663,0.021197943,0.999880439,0.02119199,0.999270226,0.001117009,0.021201272
8494,0.001012078,0.010093538,0.021201373,0.999995863,0.9693038,0.021198044,1.76E-05,0.021192091,0.999273556,0.979804853,0.021201373
8495,0.001011775,0.010209971,0.021201474,0.979296039,0.969410547,0.021198145,0.010800408,0.021192595,0.999273758,0.968609945,0.021201474
8496,0.00101117,0.010308545,0.021201575,0.969107862,1.58E-05,0.021198245,0.011216398,0.021192797,0.999275675,0.968997281,0.021201575
8497,0.001010766,0.010308848,0.021201676,0.96881345,0.969009388,0.021198346,0.020604176,0.021193201,0.999277592,0.969703647,0.021201676
8498,0.001010665,0.010313892,0.021201777,0.969714846,0.999377579,0.021198447,0.999183356,0.021193302,0.999278802,0.998964817,0.021201777
8499,0.001010565,0.010493889,0.021201878,0.969410547,0.968705089,0.021198649,0.999265081,0.021193402,0.99927961,0.020489357,0.021201878
8500,0.001010464,0.010496311,0.021201979,0.96922147,0.999972859,0.02119875,0.010597407,0.021193503,0.020688322,0.02058551,0.021201979
8501,0.001010161,0.010610827,0.021202079,0.969514267,0.969314798,0.021198952,0.011124685,0.021193604,0.020691046,0.99926841,0.021202079
8502,0.001009757,0.01061799,0.02120218,0.989385642,0.969100194,0.021199053,0.989597824,0.021193806,0.020694577,0.999377982,0.02120218
8503,0.001009656,0.010714042,0.021202382,0.969004848,0.968806589,0.021199254,9.69E-06,0.021193907,0.999366783,0.999472117,0.021202382
8504,0.001009556,0.010811709,0.021202584,0.020494099,0.969110485,0.021199456,0.99968319,0.021194008,0.99936759,0.999474034,0.021202584
8505,0.001009455,0.010817056,0.021202685,0.999379496,0.969106853,0.021199557,0.988775126,0.021194109,0.999368902,0.999673806,0.021202685
8506,0.001009253,0.010818166,0.021202786,0.968911722,0.021290665,0.021199759,0.010494293,0.021194411,0.999373442,0.999682282,0.021202786
8507,0.001009152,0.010897974,0.021202887,0.969314798,0.968703273,0.021200062,0.999365774,0.021194512,0.999376973,0.99977006,0.021202887
8508,0.000936709,0.010916942,0.021202987,0.968914951,0.999987893,0.021200162,0.010512958,0.021194714,0.99938111,0.969214004,0.021202987
8509,0.000936104,0.011016929,0.021203189,1.48E-05,0.999984866,0.021200263,0.010898882,0.021194815,0.999383027,0.988778759,0.021203189
8510,0.0009357,0.011017232,0.021203391,0.020195551,0.010599224,0.021200667,0.999484124,0.021194916,0.02078841,0.988890449,0.021203391
8511,0.0009356,0.011019855,0.021203492,0.020391287,0.969208757,0.021200768,0.99968208,0.021195118,0.020807479,0.988974394,0.021203492
8512,0.000934591,0.011023487,0.021203593,0.021102193,0.968912832,0.021200869,0.010599224,0.021195219,0.999466366,0.01061799,0.021203593
8513,0.00093449,0.011024496,0.021203694,0.969019276,0.968898303,0.02120097,0.999883971,0.021195319,0.999468687,0.989385844,0.021203694
8514,0.000933783,0.98968298,0.021203795,0.999572407,0.968912731,0.02120107,0.979097579,0.02119542,0.999471714,0.989394521,0.021203795
8515,0.000933582,0.011105212,0.021203996,0.030478872,0.999991121,0.021201171,0.999272648,0.021195521,0.999472924,0.97879338,0.021203996
8516,0.00093338,0.011110761,0.021204097,0.969115833,0.969014231,0.021201272,0.999892849,0.021196026,0.999473227,0.97889821,0.021204097
8517,0.000932875,0.011121254,0.021204198,0.9693038,0.979498838,0.021201373,0.989781554,0.021196127,0.999475749,0.979306129,0.021204198
8518,0.000932573,0.011207015,0.021204299,0.999669165,0.999266796,0.021201474,4.44E-06,0.021196227,0.9994815,0.97939986,0.021204299
8519,0.000932169,0.011216903,0.0212044,0.99948826,0.999371222,0.021201575,0.021303681,0.02119653,0.999483317,0.979691043,0.0212044
8520,0.000932068,0.989888907,0.021204703,0.968806589,0.968808708,0.021201676,0.010616376,0.021196631,0.999486848,0.969415491,0.021204703
8521,0.000931866,0.030278696,0.021204904,0.969510433,0.988775126,0.021201777,0.02090232,0.021196732,0.020885774,0.969718277,0.021204904
8522,0.000931362,0.030370713,0.021205005,0.999779948,0.968897799,0.021201878,0.999274464,0.021196833,0.0209,0.020204026,0.021205005
8523,0.000930757,8.58E-06,0.021205106,0.968910511,0.969714846,0.021201979,0.001135573,0.021196934,0.02090232,0.999584413,0.021205106
8524,0.000930454,1.56E-05,0.021205207,0.999268915,0.96922147,0.021202079,0.021203391,0.021197035,0.020904439,0.999587339,0.021205207
8525,0.000930353,1.58E-05,0.021205409,0.020705979,0.968809011,0.02120218,0.021118236,0.021197136,0.020904641,0.021298131,0.021205409
8526,0.000930252,2.11E-05,0.021205611,0.010599224,0.968908796,0.021202382,0.010509427,0.021197236,0.020907466,0.999979922,0.021205611
8527,0.000930151,0.0003156,0.021205813,0.969710407,0.000729673,0.021202584,0.999991323,0.021197337,0.999570591,0.999983958,0.021205813
8528,0.000929949,0.000316407,0.021206014,0.96890133,0.96879761,0.021202685,0.010603764,0.021197438,0.99957271,0.989277382,0.021206014
8529,0.000929647,0.000321956,0.021206115,0.999999798,0.988976513,0.021202786,0.000508612,0.02119764,0.999573819,0.989384532,0.021206115
8530,0.000928739,0.000610718,0.021206216,0.999470907,0.969212087,0.021202887,0.999079938,0.021197741,0.999574727,0.989477759,0.021206216
8531,0.000928638,0.000718473,0.021206317,0.999681676,0.969008884,0.021202987,0.000827743,0.021197943,0.999574828,0.989585011,0.021206317
8532,0.000928537,0.000719785,0.021206418,0.020194643,0.968813551,0.021203189,0.020200394,0.021198044,0.999579268,0.989597623,0.021206418
8533,0.000928436,0.000726141,0.021206721,0.020903632,0.96881345,0.021203391,0.999479987,0.021198145,0.999587339,0.011102589,0.021206721
8534,0.000928335,0.979510441,0.021206821,0.010394911,0.968901834,0.021203492,0.999883769,0.021198245,0.020991915,0.989797395,0.021206821
8535,0.000928133,0.00111146,0.021207023,0.010393902,0.020191515,0.021203593,0.999980729,0.021198346,0.999668963,0.978786318,0.021207023
8536,0.000927931,0.001126089,0.021207124,0.968903953,0.968811029,0.021203694,0.020806066,0.021198447,0.999670174,0.9796072,0.021207124
8537,0.00092773,0.030271028,0.021207326,0.999266291,0.010809892,0.021203795,0.02110179,0.021198649,0.999671688,0.968908796,0.021207326
8538,0.000927326,0.969221369,0.021207528,0.969212087,1.48E-05,0.021203996,0.999782067,0.02119875,0.999673806,0.969000812,0.021207528
8539,0.000926721,0.030291813,0.021207629,1.58E-05,0.999379496,0.021204097,0.010404093,0.021198952,0.999675925,0.969304406,0.021207629
8540,0.000926014,0.030381407,0.02120773,0.001016114,0.998979346,0.021204198,0.010705769,0.021199053,0.999680163,0.969316816,0.02120773
8541,0.000925813,0.030382416,0.02120783,0.999571701,0.968804773,0.021204299,0.999979619,0.021199254,0.999681676,0.020391287,0.02120783
8542,0.000925611,0.030390589,0.021207931,0.968813551,0.969107862,0.0212044,0.999584817,0.021199456,0.999681878,0.020600947,0.021207931
8543,0.000925006,0.969422251,0.021208133,0.968900018,0.969115833,0.021204703,0.979701637,0.021199557,0.999689042,0.020792748,0.021208133
8544,0.000924804,0.030483513,0.021208234,0.999373946,0.969513662,0.021204904,0.021290968,0.021199759,0.0210917,0.999574223,0.021208234
8545,0.0009244,0.030581886,0.021208335,0.969208858,0.968805581,0.021205005,2.18E-05,0.021200062,0.021109458,0.999585321,0.021208335
8546,0.000924198,0.969525164,0.021208436,0.999180531,0.978802057,0.021205106,0.999275271,0.021200162,0.999774601,0.999677136,0.021208436
8547,0.000923593,0.030588242,0.021208638,0.999266796,0.000830971,0.021205207,0.999784186,0.021200263,0.999774802,0.021092003,0.021208638
8548,0.000922483,0.03059248,0.021208738,0.999377579,1.10E-05,0.021205409,0.010809892,0.021200667,0.999779443,0.999877816,0.021208738
8549,0.000922382,0.03059359,0.02120894,0.979109384,0.979817061,0.021205611,0.030597323,0.021200768,0.999780654,0.999986177,0.02120894
8550,0.00092218,0.0305948,0.021209041,3.53E-06,0.030390791,0.021205813,0.999371424,0.021200869,0.999784993,0.010708997,0.021209041
8551,0.000921878,0.020183948,0.021209243,0.969311973,0.968908292,0.021206014,0.969312074,0.02120097,0.999786405,0.989694078,0.021209243
8552,0.000921777,0.020195349,0.021209344,0.969415087,0.98968298,0.021206115,0.999683492,0.02120107,0.999789331,0.011225277,0.021209344
8553,0.000921373,0.020200999,0.021209445,0.00041145,0.999976088,0.021206216,0.010193121,0.021201171,0.021209445,2.12E-06,0.021209445
8554,0.000920768,0.020289787,0.021209647,0.968808708,0.999688739,0.021206317,0.021088976,0.021201272,0.999870047,8.37E-06,0.021209647
8555,0.000920465,0.020400569,0.021209747,0.968898303,0.969415087,0.021206418,0.999279206,0.021201373,0.999871863,1.58E-05,0.021209747
8556,0.000920263,0.020403697,0.021209848,0.968908292,0.999378083,0.021206721,0.999668963,0.021201474,0.999872469,0.000105032,0.021209848
8557,0.000920163,0.020404101,0.02121005,0.99988276,0.999381816,0.021206821,0.011025606,0.021201575,0.999872771,0.978887213,0.02121005
8558,0.00091986,0.999088111,0.021210151,0.969110485,0.96920795,0.021207023,0.000311059,0.021201676,0.999873377,0.979003847,0.021210151
8559,0.000919759,0.020482698,0.021210252,0.999981637,0.969113209,0.021207124,0.010497219,0.021201777,0.99987711,0.979093644,0.021210252
8560,0.000919658,0.03028142,0.021210555,0.968912832,0.968999904,0.021207326,0.020905549,0.021201878,0.999886392,0.979701234,0.021210555
8561,0.000919355,0.999177302,0.021210655,0.969513662,0.999180531,0.021207528,0.999484628,0.021201979,0.999886796,0.968807296,0.021210655
8562,0.000918851,0.999177403,0.021210756,0.999987893,0.99948826,0.021207629,0.020697806,0.021202079,0.999887603,0.968914951,0.021210756
8563,0.000918649,0.999178815,0.021210958,0.999574223,0.96900162,0.02120773,1.64E-05,0.02120218,0.999893657,0.969108871,0.021210958
8564,0.000918548,0.999180127,0.021211059,0.010809892,9.69E-06,0.02120783,0.989398759,0.021202382,0.021297123,0.969220562,0.021211059
8565,0.000918447,0.020582988,0.021211261,0.969106853,0.969000308,0.021207931,0.999476355,0.021202584,0.021303782,0.969308946,0.021211261
8566,0.000918145,0.020584703,0.021211362,0.979817061,0.011013297,0.021208133,0.021197337,0.021202685,0.021304589,0.998975815,0.021211362
8567,0.000917741,0.020599938,0.021211463,4.44E-06,0.968903953,0.021208234,0.010194332,0.021202786,0.02131821,0.020388765,0.021211463
8568,0.000917338,0.020600241,0.021211664,0.98968298,0.999985168,0.021208335,0.03059248,0.021202887,0.999976391,0.020507014,0.021211664
8569,0.000917136,0.020607909,0.021211866,0.999179623,0.999268915,0.021208436,0.010606185,0.021202987,0.999980225,0.999180632,0.021211866
8570,0.000917035,0.99926498,0.021211967,0.000830971,0.999787818,0.021208638,0.999377982,0.021203189,0.999984159,0.999185273,0.021211967
8571,0.000916833,0.999268108,0.021212169,0.011013297,0.968914951,0.021208738,0.010192415,0.021203391,0.99998537,0.020582584,0.021212169
8572,0.000916631,0.999270025,0.021212572,0.01109936,0.969100598,0.02120894,0.999075499,0.021203492,0.99998981,0.999578864,0.021212572
8573,0.000916228,0.99927285,0.021212875,0.999471209,0.969001014,0.021209041,0.99978247,0.021203593,0.999990718,0.999585523,0.021212875
8574,0.000915925,0.999274565,0.021213077,0.999972859,0.969517092,0.021209243,0.011023588,0.021203694,0.999994148,0.999893858,0.021213077
8575,0.000915824,0.999277592,0.021213279,0.989785994,0.999479785,0.021209344,0.010907155,0.021203795,0.999994955,0.988778456,0.021213279
8576,0.000915622,0.999277894,0.02121338,0.020204127,0.969510433,0.021209445,0.020195752,0.021203996,0.030472314,0.988785922,0.02121338
8577,0.000915219,0.999281022,0.021213481,0.999379798,0.969311973,0.021209647,0.979692859,0.021204097,0.030472818,0.989291911,0.021213481
8578,0.000914916,0.999281325,0.021213682,0.999984866,0.98929413,0.021209747,0.021289454,0.021204198,0.030482,0.989595806,0.021213682
8579,0.000914311,0.999285159,0.021213783,0.999991121,3.53E-06,0.021209848,0.969622528,0.021204299,0.030486439,0.011217508,0.021213783
8580,0.000914109,0.999287479,0.021213884,0.020486229,0.00041145,0.02121005,0.020695687,0.0212044,0.030575227,1.41E-06,0.021213884
8581,0.000914008,0.020686809,0.021213985,0.02098798,0.999266291,0.021210151,0.020995547,0.021204703,0.030578859,0.979200492,0.021213985
8582,0.000913907,0.02069488,0.021214187,0.001015609,1.89E-05,0.021210252,0.999888612,0.021204904,0.030579363,0.979290086,0.021214187
8583,0.000913403,0.020695889,0.021214288,0.969000308,0.020204127,0.021210555,0.979100404,0.021205005,0.988775126,0.979305927,0.021214288
8584,0.000912999,0.020696494,0.021214389,0.96900162,0.001015609,0.021210655,0.000912999,0.021205106,0.010193727,0.969311165,0.021214389
8585,0.000912797,0.020701943,0.021214691,0.96920795,0.999997579,0.021210756,0.989578654,0.021205207,0.010308545,0.969417509,0.021214691
8586,0.000912595,0.999365269,0.021214893,0.999870854,0.99988276,0.021210958,0.979610327,0.021205409,0.010614459,0.96950781,0.021214893
8587,0.000912495,0.999370415,0.021214994,0.969517092,0.969514267,0.021211059,0.010620916,0.021205611,0.989298872,0.969512754,0.021214994
8588,0.00091199,0.999372534,0.021215196,0.988976513,0.979300378,0.021211261,0.969213096,0.021205813,0.010703953,0.030580877,0.021215196
8589,0.000911788,0.999375561,0.021215297,0.030595809,0.969010902,0.021211362,0.020599938,0.021206014,0.989381203,0.969604972,0.021215297
8590,0.000911385,0.999377982,0.021215801,0.021290665,0.001135573,0.021211463,0.010301684,0.021206115,0.989391696,0.020298968,0.021215801
8591,0.000910578,0.020792547,0.021215902,0.979300378,0.999087707,0.021211664,0.001110955,0.021206216,0.989399364,0.998977126,0.021215902
8592,0.000910275,0.020804452,0.021216608,0.969010902,1.37E-05,0.021211866,0.021007554,0.021206317,0.989399465,0.999069143,0.021216608
8593,0.000909669,0.999472521,0.021216709,0.999976895,0.99977571,0.021211967,0.021091297,0.021206418,0.01079839,0.999281224,0.021216709
8594,0.000909569,0.999475144,0.02121681,0.999982545,0.999480794,0.021212169,0.989905857,0.021206721,0.010817661,0.999388576,0.02121681
8595,0.000909468,0.999484628,0.021216911,0.969205226,0.969208858,0.021212572,1.61E-06,0.021206821,0.989485932,0.999389182,0.021216911
8596,0.000908963,0.020885774,0.021217012,0.978802057,0.969205226,0.021212875,0.999674513,0.021207023,0.010897267,0.999474741,0.021217012
8597,0.00090856,0.020891323,0.021217113,0.979311678,0.999183356,0.021213077,0.000720592,0.021207124,0.010908164,0.021003417,0.021217113
8598,0.000908459,0.999567059,0.021217214,0.969101607,0.999772179,0.021213279,0.000924198,0.021207326,0.989590459,0.021205005,0.021217214
8599,0.000908358,0.999570591,0.021217315,0.999680163,0.979311678,0.02121338,0.020993126,0.021207528,0.011106019,0.999885888,0.021217315
8600,0.000908156,0.999574223,0.999870047,0.999972456,0.98907539,0.021213481,0.999475144,0.021207629,0.011116109,0.999987186,0.999870047
8601,0.000832485,0.999578057,0.999870148,0.98907539,0.020402083,0.021213682,0.020495612,0.02120773,0.01122336,0.999992635,0.999870148
8602,0.00083198,0.999579671,0.99987035,0.999371222,0.999373946,0.021213783,0.999882962,0.02120783,0.989890016,0.030486439,0.99987035
8603,0.000831879,0.999583404,0.999870451,0.999180732,0.001128813,0.021213884,0.010294117,0.021207931,2.93E-06,0.988882882,0.999870451
8604,0.000831678,0.999586028,0.999870552,0.999277087,0.03048654,0.021213985,0.999874991,0.021208133,3.03E-06,0.989381102,0.999870552
8605,0.000831476,0.999587339,0.999870753,0.969208353,0.989496425,0.021214187,1.56E-05,0.021208234,4.44E-06,0.989393007,0.999870753
8606,0.000830971,0.020988485,0.999871964,0.998979346,0.989801431,0.021214288,0.999771372,0.021208335,6.05E-06,0.010898781,0.999871964
8607,0.00083087,0.020989594,0.999872065,0.999479785,0.999180732,0.021214389,0.999788322,0.021208436,7.47E-06,0.011017232,0.999872065
8608,0.000830669,0.020993227,0.999872872,1.89E-05,0.999485335,0.021214691,0.030369603,0.021208638,8.68E-06,0.989701746,0.999872872
8609,0.000830568,0.030376766,0.999872973,0.999177806,0.999981536,0.021214893,0.97909768,0.021208738,8.98E-06,0.989701847,0.999872973
8610,0.000829962,0.020996859,0.999874789,1.10E-05,0.969101607,0.021214994,0.999882861,0.02120894,1.18E-05,0.989702957,0.999874789
8611,0.00082966,0.020998574,0.999874991,0.999683492,0.999571701,0.021215196,0.99997074,0.021209041,1.51E-05,0.011106019,0.999874991
8612,0.000829357,0.020999684,0.999875496,0.999985168,0.969208353,0.021215297,0.999182347,0.021209243,1.92E-05,0.989794267,0.999875496
8613,0.00082855,0.02100604,0.999875697,1.37E-05,0.999683492,0.021215801,0.999478272,0.021209344,2.11E-05,0.989882651,0.999875697
8614,0.000828348,0.999672797,0.999876706,0.999981536,0.989687924,0.021215902,0.999996872,0.021209445,0.000121982,0.000123294,0.999876706
8615,0.000828247,0.999673806,0.999877009,0.999282838,0.01109936,0.021216608,0.999988498,0.021209647,0.978791463,0.978986392,0.999877009
8616,0.000828146,0.999674513,0.999877312,0.999389787,0.999177806,0.021216709,0.99999546,0.021209747,0.000310958,0.000405497,0.999877312
8617,0.000827743,0.999679356,0.999877413,0.999976088,0.989888604,0.02121681,0.010408229,0.021209848,0.00041145,0.00050508,0.999877413
8618,0.000827541,0.999681374,0.999879834,0.999365169,0.968794785,0.021216911,0.010201193,0.02121005,0.979089003,0.979301387,0.999879834
8619,0.00082744,0.999681676,0.999879935,0.999277491,0.999277491,0.021217012,0.030588242,0.021210151,0.979101312,0.000932068,0.999879935
8620,0.000827137,0.99968208,0.999880238,0.010510032,0.989190713,0.021217113,0.999571902,0.021210252,0.000508309,0.979592267,0.999880238
8621,0.000827036,0.999683391,0.999881751,0.999787818,0.998870581,0.021217214,0.989689033,0.021210555,0.97919807,0.001024185,0.999881751
8622,0.000826936,0.999683492,0.999882356,0.99977571,0.989598732,0.021217315,0.02069488,0.021210655,0.979300378,0.968697926,0.999882356
8623,0.000826532,0.999683896,0.999882962,0.999688739,0.999979821,0.999870047,0.989579966,0.021210756,0.000706871,0.96891152,0.999882962
8624,0.00082633,0.999684501,0.999884072,0.999274968,0.999277087,0.999870148,0.010507207,0.021210958,0.000715749,0.969423361,0.999884072
8625,0.000826128,0.021090389,0.999884173,0.999378083,0.999087505,0.99987035,0.000316205,0.021211059,0.001024791,0.969724331,0.999884173
8626,0.000825927,0.021092003,0.999885181,0.999183356,0.999366783,0.999870552,0.000320947,0.021211261,0.979692859,0.020296345,0.999885181
8627,0.000825725,0.021093012,0.999885585,0.020191515,0.999982545,0.999872872,0.999268108,0.021211362,0.001133757,0.999284654,0.999885585
8628,0.000825624,0.021095635,0.999885888,0.979290086,0.99968319,0.999872973,0.010710612,0.021211463,0.968602983,0.999478675,0.999885888
8629,0.000825422,0.021096846,0.999886493,0.999473832,0.999365169,0.999874789,0.011200356,0.021211664,0.968607423,0.999568371,0.999886493
8630,0.000825321,0.021099166,0.999886796,0.999997579,0.999479583,0.999875697,0.030276981,0.021211866,0.968693991,0.999575333,0.999886796
8631,0.000824817,0.021118437,0.9998873,0.030390791,0.999274968,0.999879935,0.01079839,0.021211967,0.968695201,0.999683492,0.9998873
8632,0.000824514,0.99976885,0.999888107,0.030488053,0.999365774,0.999880238,0.030277788,0.021212169,0.968803664,0.0210917,0.999888107
8633,0.000824413,0.99978247,0.999888208,0.999475144,6.96E-06,0.999882356,0.000310958,0.021212572,0.968996575,0.999794174,0.999888208
8634,0.000824312,0.999791248,0.999889318,0.999479583,0.999992534,0.999884173,0.999474135,0.021212875,0.969005857,0.999990415,0.999889318
8635,0.000823909,0.999791349,0.999889823,0.999779443,0.988773512,0.999885181,0.999484326,0.021213077,0.969009388,0.989395328,0.999889823
8636,0.000823606,0.999791854,0.999889924,0.999991323,0.968803966,0.999885585,0.999995863,0.021213279,0.969100194,0.98958945,0.999889924
8637,0.000823404,0.999792358,0.999890125,0.010897974,0.999473832,0.9998873,0.999472924,0.02121338,0.969206638,0.011024496,0.999890125
8638,0.000823202,0.99979478,0.999891033,0.989801431,0.010510032,0.999888107,0.020492081,0.021213481,0.96922036,0.989692161,0.999891033
8639,0.000823001,0.999795284,0.999891639,1.88E-05,0.999184062,0.999888208,0.021203492,0.021213682,0.969221066,0.98980476,0.999891639
8640,0.000822799,0.999795385,0.99989174,0.010308545,0.999680163,0.999889318,0.010911191,0.021213783,0.969221974,0.978886406,0.99989174
8641,0.000822395,0.021196227,0.999892143,0.999579268,0.98988699,0.999889823,0.989399465,0.021213884,0.030286667,0.969010902,0.999892143
8642,0.000821992,0.021203694,0.999892446,0.999475649,0.999475649,0.999889924,0.999887603,0.021213985,0.969307533,0.969304305,0.999892446
8643,0.000821386,0.021209445,0.99989295,0.999087707,0.999975281,0.999890125,1.55E-05,0.021214187,0.96931621,0.969614859,0.99989295
8644,0.000821285,0.021211059,0.999893858,0.999470402,0.989190108,0.999891033,0.010619302,0.021214288,0.030380499,0.998875424,0.999893858
8645,0.000821185,0.99987035,0.999894565,0.999584212,0.979290086,0.999892143,0.00030773,0.021214389,0.030590563,0.999271134,0.999894565
8646,0.000821084,0.999872771,0.999894968,0.989597824,1.88E-05,0.999892446,0.999271841,0.021214691,0.020199385,0.999279004,0.999894968
8647,0.000820983,0.999873175,0.02128895,0.999482913,0.988786326,0.99989295,0.999480996,0.021214893,0.998975815,0.999284755,0.02128895
8648,0.00082068,0.999873377,0.021289051,0.969221369,0.989597824,0.999893858,0.99979034,0.021214994,0.998976117,0.999479281,0.021289051
8649,0.000820478,0.99987711,0.021289354,0.999990011,0.999784186,0.999894565,0.030287071,0.021215196,0.999062887,0.999574627,0.021289354
8650,0.000820377,0.999878926,0.021289454,0.999574727,0.999990011,0.999894968,0.989890016,0.021215297,0.020492081,0.999673706,0.021289454
8651,0.000820277,0.999880742,0.021289555,0.989190108,0.999991323,0.02128895,0.030585821,0.021215801,0.020492787,0.999686116,0.021289555
8652,0.000819873,0.999882256,0.021289656,0.968995768,0.999972456,0.021289051,0.999778435,0.021215902,0.0204942,0.99988498,0.021289656
8653,0.000819772,0.999882659,0.021289757,0.999265081,0.999579268,0.021289354,0.021188358,0.021216608,0.030277788,0.999890428,0.021289757
8654,0.000819671,0.999884173,0.021289959,0.999371424,0.999680465,0.021289454,0.989383422,0.021216709,0.030279403,0.999892648,0.021289959
8655,0.000818965,0.999887603,0.021290161,0.999670376,0.010308545,0.021289555,0.999281527,0.02121681,0.020604983,0.021305194,0.021290161
8656,0.000818864,0.999889318,0.021290262,0.999885888,0.99999435,0.021289656,0.020885774,0.021216911,0.999268108,0.030482101,0.021290262
8657,0.000818763,0.999890428,0.021290363,0.988979237,0.999475144,0.021289757,0.010308848,0.021217012,0.999269217,0.989692464,0.021290363
8658,0.00081836,0.999890932,0.021290463,0.999668863,0.999779443,0.021289959,0.010614459,0.021217113,0.999271134,0.989792754,0.021290463
8659,0.000817855,0.999894161,0.021290665,0.968899009,0.020697806,0.021290161,0.03028929,0.021217214,0.999271841,0.989798,0.021290665
8660,0.000817754,0.021292986,0.021290766,0.030577951,0.968804874,0.021290262,0.020406219,0.021217315,0.999272446,0.989802238,0.021290766
8661,0.000817653,0.021296517,0.021290867,0.968804874,0.999382119,0.021290363,0.010897671,0.999870047,0.999274565,0.011219627,0.021290867
8662,0.000817451,0.021297324,0.021290968,0.988773512,0.968899009,0.021290463,0.020504996,0.999870148,0.999274867,0.978802864,0.021290968
8663,0.00081725,0.021298131,0.021291069,0.030575227,0.979499746,0.021290665,0.999674412,0.99987035,0.999280921,0.001133757,0.021291069
8664,0.000816947,0.02130136,0.021291271,0.968803966,0.999088413,0.021290766,0.999894565,0.999870552,0.999285058,0.979817061,0.021291271
8665,0.000816745,0.021303782,0.021291472,0.02029695,0.999584313,0.021290867,0.030478065,0.999872872,0.999286168,0.96890133,0.021291472
8666,0.000816644,0.021306506,0.021291674,0.000307225,0.988982365,0.021290968,0.011210345,0.999872973,0.020686102,0.969201593,0.021291674
8667,0.000816039,0.021306708,0.021291775,0.999381816,0.999282838,0.021291069,0.030272138,0.999874789,0.020687313,0.969217838,0.021291775
8668,0.000815837,0.021310138,0.021291876,1.52E-05,0.999389787,0.021291271,0.030596213,0.999875697,0.020695586,0.969406915,0.021291876
8669,0.000815434,0.021317705,0.021291977,0.979499746,0.000320846,0.021291472,0.020486229,0.999879935,0.020696494,0.969525567,0.021291977
8670,0.000814929,0.999970942,0.021292078,0.999994148,0.999570086,0.021291674,0.999577048,0.999880238,0.999370415,0.969602449,0.021292078
8671,0.000814626,0.999975281,0.02129228,0.999880339,0.011102084,0.021291775,0.010916942,0.999882356,0.99937435,0.969614557,0.02129228
8672,0.000814324,0.999976189,0.021292481,0.968802957,0.999388072,0.021291876,0.999278802,0.999884173,0.999377982,0.999167313,0.021292481
8673,0.000813718,0.999976592,0.021292582,0.999480794,0.979492179,0.021291977,0.021003014,0.999885181,0.999379092,0.999285966,0.021292582
8674,0.000813315,0.999978308,0.021292986,0.999975281,0.021306001,0.021292078,0.000307225,0.999885585,0.999382926,0.999482913,0.021292986
8675,0.000813214,0.999985471,0.021293087,0.978997491,0.999880339,0.02129228,0.999274968,0.9998873,0.999385751,0.021003215,0.021293087
8676,0.000813113,0.999992534,0.021293389,0.97919807,0.999994148,0.021292481,1.51E-05,0.999888107,0.999388273,0.021196732,0.021293389
8677,0.000813012,0.99999667,0.02129349,0.979607805,0.99967088,0.021292582,0.999266998,0.999888208,0.020804452,0.99987711,0.02129349
8678,0.000812709,0.999999596,0.021293692,0.969418619,0.988979237,0.021292986,0.999671082,0.999889318,0.020806268,0.999977904,0.021293692
8679,0.000812104,0.030474231,0.021293894,0.999883971,0.999485133,0.021293087,0.999892244,0.999889823,0.020808387,0.989482602,0.021293894
8680,0.000811902,0.030477157,0.021293995,0.999990617,0.999891336,0.021293389,0.010099188,0.999889924,0.999468485,0.989588946,0.021293995
8681,0.000811801,0.030482,0.021294197,0.999990718,0.999577048,0.02129349,0.999177403,0.999890125,0.999472622,0.989784581,0.021294197
8682,0.000810994,0.030571695,0.021294297,0.999281022,0.999479987,0.021293692,0.99937657,0.999891033,0.999481198,0.000608094,0.021294297
8683,0.000810893,0.030579767,0.021294398,0.999992534,0.999778435,0.021293894,0.021202382,0.999892143,0.999487958,0.97949793,0.021294398
8684,0.000810691,0.030582088,0.021294499,0.999888915,0.999674311,0.021293995,0.030382416,0.999892446,0.99948826,0.0009356,0.021294499
8685,0.000810591,0.030584206,0.021294701,0.000729673,0.978985888,0.021294197,0.02078508,0.99989295,0.020891424,0.979701839,0.021294701
8686,0.000810288,0.030271735,0.021294802,0.030578859,0.999469998,0.021294297,0.968914547,0.999893858,0.020894047,0.979798093,0.021294802
8687,0.000810187,0.010301785,0.021294903,0.999284251,0.989686208,0.021294398,0.969012819,0.999894565,0.020897074,0.969315807,0.021294903
8688,0.000810086,0.010306426,0.021295105,0.999791248,0.999366077,0.021294499,0.988879452,0.999894968,0.020900302,0.030380499,0.021295105
8689,0.000809279,0.010309857,0.021295306,0.001135573,0.969304406,0.021294701,0.999884072,0.02128895,0.999569985,0.969504279,0.021295306
8690,0.000809178,0.030276981,0.021295407,0.98929413,0.968802957,0.021294802,0.999990314,0.021289051,0.999572104,0.998871287,0.021295407
8691,0.000808976,0.010395416,0.021295508,0.010603764,0.999270327,0.021294903,0.999990516,0.021289354,0.999572609,0.998973898,0.021295508
8692,0.000808573,0.989076197,0.021295609,0.010604571,0.99958512,0.021295105,0.010202202,0.021289454,0.999577653,0.999371525,0.021295609
8693,0.000808472,0.010498329,0.02129571,0.968706703,0.0102922,0.021295306,0.979090415,0.021289555,0.999577754,0.999374148,0.02129571
8694,0.000808068,0.010501456,0.021296013,0.96880669,0.020393406,0.021295407,0.969511543,0.021289656,0.999578763,0.999382724,0.021296013
8695,0.000807967,0.010507712,0.021296214,0.999366783,0.999686418,0.021295508,0.030575227,0.021289757,0.999580176,0.99967986,0.021296214
8696,0.000807766,0.010606185,0.021296416,0.979498838,0.999486949,0.021295609,0.968704585,0.021289959,0.999582698,0.999680869,0.021296416
8697,0.000807665,0.010704356,0.021296517,9.69E-06,0.99917145,0.02129571,0.999988195,0.021290161,0.999583404,0.999781966,0.021296517
8698,0.00073159,0.010718078,0.021296719,0.968802049,0.999270832,0.021296013,0.030475442,0.021290262,0.999583909,0.988883689,0.021296719
8699,0.000731388,0.989400373,0.021296921,0.99968319,0.999888915,0.021296214,0.020705979,0.021290363,0.99958401,0.010410348,0.021296921
8700,0.000731287,0.010798592,0.021297022,0.999365774,0.000924198,0.021296416,0.021004527,0.021290463,0.999587037,0.01062132,0.021297022
8701,0.000730884,0.010811305,0.021297123,0.979097579,8.58E-06,0.021296517,0.999974574,0.021290665,0.030372428,0.989479374,0.021297123
8702,0.00073048,0.010813525,0.021297223,0.0102922,0.999284755,0.021296719,0.010498329,0.021290766,0.02098798,0.989597219,0.021297223
8703,0.000729673,0.989479172,0.021297324,0.010493889,0.010200991,0.021296921,0.030369704,0.021290867,0.02099242,0.030369704,0.021297324
8704,0.000729471,0.989484116,0.021297425,0.021306001,3.83E-06,0.021297022,1.17E-05,0.021290968,0.020993529,9.08E-07,0.021297425
8705,0.00072937,0.010898882,0.021297526,0.968704181,0.999487352,0.021297123,0.978800039,0.021291069,0.999669569,0.978783291,0.021297526
8706,0.000729168,0.010912805,0.021297627,0.968706603,0.96880669,0.021297223,0.969423159,0.021291271,0.999672192,0.000213595,0.021297627
8707,0.000729067,0.010914521,0.021297728,0.968800031,0.979813631,0.021297324,1.28E-05,0.021291472,0.999680667,0.979195043,0.021297728
8708,0.000728967,0.010916841,0.021297829,0.968801747,0.999573719,0.021297425,0.999878926,0.021291674,0.999681474,0.97920372,0.021297829
8709,0.000728765,0.989585515,0.02129793,0.999584313,0.968802049,0.021297526,6.36E-06,0.021291775,0.999683391,0.979703655,0.02129793
8710,0.000728563,0.011017837,0.021298031,0.989076197,0.999275876,0.021297627,0.02109059,0.021291876,0.999686418,0.968804773,0.021298031
8711,0.000728159,0.989683484,0.021298131,0.999573113,0.968906778,0.021297728,0.989801229,0.021291977,0.021088573,0.969710003,0.021298131
8712,0.000727554,0.01111066,0.021298434,0.99999213,0.01050751,0.021297829,0.978791463,0.021292078,0.021094122,0.999265888,0.021298434
8713,0.000727453,0.011118026,0.021298737,0.969710306,0.968800031,0.02129793,0.999468485,0.02129228,0.021096947,0.999370213,0.021298737
8714,0.000727251,0.011202778,0.021298838,0.020195752,0.999668863,0.021298031,0.021296416,0.021292481,0.021102193,0.999383027,0.021298838
8715,0.00072715,0.011220333,0.02129904,0.96879993,0.030577951,0.021298131,0.020294428,0.021292582,0.021117933,0.999688436,0.02129904
8716,0.000726848,0.030369603,0.02129914,0.020190607,6.66E-06,0.021298434,0.999178614,0.021292986,0.999771069,0.99968995,0.02129914
8717,0.000726747,0.030370612,0.021299342,8.58E-06,0.999273758,0.021298737,0.010209365,0.021293087,0.999782168,0.999981738,0.021299342
8718,0.000726646,0.030375858,0.021299544,0.999275271,0.989291305,0.021298838,0.999881448,0.021293389,0.999786607,0.999997478,0.021299544
8719,0.000726444,3.33E-06,0.021299746,3.83E-06,1.52E-05,0.02129904,0.999774701,0.02129349,0.021188257,0.988973082,0.021299746
8720,0.000726343,4.44E-06,0.021299948,0.999487352,0.030575227,0.02129914,0.999990819,0.021293692,0.021190476,0.988998306,0.021299948
8721,0.000726141,9.99E-06,0.021300048,0.020393406,0.968806287,0.021299342,0.999571196,0.021293894,0.021194109,0.010510032,0.021300048
8722,0.000725738,1.41E-05,0.021300149,0.96869954,0.969217838,0.021299544,0.011201567,0.021293995,0.021203492,0.989185366,0.021300149
8723,0.000725536,1.60E-05,0.02130025,0.9994702,0.999889318,0.021299746,0.999273758,0.021294197,0.999873175,0.989293727,0.02130025
8724,0.000725334,0.000508309,0.021300351,0.999470301,0.989387156,0.021299948,0.0104049,0.021294297,0.999877513,0.98948119,0.021300351
8725,0.000725133,0.000508612,0.021300452,0.999474942,0.030578859,0.021300048,0.999780856,0.021294398,0.999887199,0.989590762,0.021300452
8726,0.000724931,0.979290086,0.021300553,0.99958401,0.968706603,0.021300149,0.010316617,0.021294499,0.9998873,0.978786217,0.021300553
8727,0.000724224,0.000716052,0.021300654,0.999672999,0.999182851,0.02130025,0.021195118,0.021294701,0.999888612,0.978800645,0.021300654
8728,0.000723619,0.000729673,0.021300755,0.999995258,8.07E-06,0.021300351,0.030476047,0.021294802,0.999890932,0.978906383,0.021300755
8729,0.000723417,0.000808472,0.021301057,0.989381203,0.979097579,0.021300452,0.999883567,0.021294903,0.021303681,0.978999509,0.021301057
8730,0.000723014,0.000915925,0.021301158,0.989381304,0.000227417,0.021300553,8.58E-06,0.021295105,0.021305194,0.97909092,0.021301158
8731,0.000722711,0.979601549,0.021301259,0.011102084,0.020406219,0.021300654,0.030485733,0.021295306,0.99997074,0.969015846,0.021301259
8732,0.000722509,0.001025194,0.02130136,0.01050751,0.010493889,0.021300755,0.030575832,0.021295407,0.999972052,0.969212087,0.02130136
8733,0.000722307,0.969211885,0.021301461,0.979701637,0.001125988,0.021301057,0.989291305,0.021295508,0.999972153,0.969213096,0.021301461
8734,0.0007215,0.030281219,0.021301562,0.999485335,0.968998996,0.021301158,0.03058461,0.021295609,0.999972456,0.969309248,0.021301562
8735,0.000721399,0.030287071,0.021302066,0.000321956,0.99938222,0.021301259,4.94E-06,0.02129571,0.9999774,0.969611126,0.021302066
8736,0.000720895,0.030289694,0.021302167,0.020406219,0.968704484,0.02130136,7.47E-06,0.021296013,0.999982142,0.969725239,0.021302167
8737,0.000720693,0.030292418,0.021302369,0.000320846,0.021106835,0.021301461,0.999681172,0.021296214,0.999983958,0.998965725,0.021302369
8738,0.000720592,0.030382921,0.02130247,0.000924198,0.000307225,0.021301562,0.021104716,0.021296416,0.99998426,0.999070051,0.02130247
8739,0.000720491,0.030388066,0.021302672,0.999891336,0.99926498,0.021302066,0.030581079,0.021296517,0.999984866,0.0205055,0.021302672
8740,0.00072039,0.969412868,0.021302773,0.999469998,0.999672192,0.021302167,0.010817661,0.021296719,0.999985471,0.999181943,0.021302773
8741,0.00072029,0.03047867,0.021302874,0.968698127,0.999690252,0.021302369,0.999470907,0.021296921,0.999990314,0.9595301,0.021302874
8742,0.000719785,0.969422453,0.021302974,5.95E-06,0.999273051,0.02130247,0.01061799,0.021297022,0.999995258,0.999278802,0.021302974
8743,0.000719684,0.030484018,0.021303075,0.978993758,0.999985471,0.021302672,0.969207445,0.021297123,0.999998991,0.999377175,0.021303075
8744,0.000719583,0.030485228,0.021303378,0.979106155,0.998978034,0.021302773,0.99999213,0.021297223,0.030470397,0.99947242,0.021303378
8745,0.000719281,0.030491887,0.021303479,0.968609945,0.999285764,0.021302874,0.999782672,0.021297324,0.030473121,0.999580378,0.021303479
8746,0.000719079,0.96951235,0.02130358,0.96869732,0.999785295,0.021302974,0.999380202,0.021297425,0.030474735,0.999669569,0.02130358
8747,0.000718877,0.96952476,0.021303681,0.969713737,0.021304589,0.021303075,0.020584299,0.021297526,0.030476047,0.999684703,0.021303681
8748,0.000718776,0.030591572,0.021303782,0.020605084,0.999678246,0.021303378,0.999688941,0.021297627,0.030478065,0.021297123,0.021303782
8749,0.000718473,0.030593993,0.021303882,0.999382119,0.999371424,0.021303479,0.999375561,0.021297728,0.030271735,0.988984685,0.021303882
8750,0.000718171,0.020186773,0.021303983,0.999179421,0.989781554,0.02130358,0.020896367,0.021297829,0.010311572,0.988993665,0.021303983
8751,0.000717464,0.020190607,0.021304387,0.999875193,0.99999213,0.021303681,0.010199074,0.02129793,0.010496311,0.010494999,0.021304387
8752,0.00071696,0.020198981,0.021304589,0.999270832,0.999995762,0.021303782,0.020607909,0.021298031,0.010498329,0.989284344,0.021304589
8753,0.000716859,0.020199385,0.021304891,0.021106835,0.968907787,0.021303882,0.020988384,0.021298131,0.010513463,0.989397144,0.021304891
8754,0.000716758,0.020202512,0.021304992,0.99967088,0.999878825,0.021303983,0.999273051,0.021298434,0.01059882,0.011104708,0.021304992
8755,0.000716657,0.020203118,0.021305093,0.999486949,0.020195752,0.021304387,0.020191515,0.021298737,0.010603764,0.011217811,0.021305093
8756,0.000716456,0.998876231,0.021305194,0.999485133,0.969519413,0.021304589,0.999670174,0.021298838,0.010619302,3.13E-06,0.021305194
8757,0.000716355,0.99887724,0.021305396,0.999778435,0.010811709,0.021304891,0.999997579,0.02129904,0.98928848,0.000206229,0.021305396
8758,0.000716052,0.020386646,0.021305497,0.000716052,0.98968187,0.021304992,0.999469494,0.02129914,0.010721609,0.0002255,0.021305497
8759,0.00071585,0.020393406,0.021305699,6.96E-06,0.968698228,0.021305093,2.11E-05,0.021299342,0.989381304,0.000313178,0.021305699
8760,0.000715749,0.020399157,0.0213059,0.989686208,0.02029695,0.021305194,0.999270327,0.021299544,0.989398759,0.97939189,0.0213059
8761,0.000715648,0.999070051,0.021306001,0.968998996,1.08E-05,0.021305396,0.98988699,0.021299746,0.010798592,0.979499645,0.021306001
8762,0.000715447,0.030273551,0.021306102,0.99917145,5.95E-06,0.021305497,0.999183658,0.021299948,0.010917446,0.001026708,0.021306102
8763,0.000715346,0.020483707,0.021306304,0.99999435,0.99998537,0.021305699,0.030292418,0.021300048,0.011020057,0.969010801,0.021306304
8764,0.000715245,0.020492283,0.021306405,0.999674311,0.999971346,0.0213059,0.021291775,0.021300149,0.98968298,0.998864729,0.021306405
8765,0.000715144,0.020499245,0.021306506,0.999366077,0.030485027,0.021306001,0.010501154,0.02130025,0.011113687,0.998974503,0.021306506
8766,0.000715043,0.030279403,0.021306607,0.979813631,0.979701637,0.021306102,0.999477162,0.021300351,0.98979568,0.99897531,0.021306607
8767,0.000714639,0.999185071,0.021306708,0.999182851,0.989490371,0.021306304,0.999483417,0.021300452,0.011217508,0.020391993,0.021306708
8768,0.000714539,0.020599433,0.021306808,0.020806268,0.928443234,0.021306405,0.999483518,0.021300553,0.011223461,0.999367186,0.021306808
8769,0.000714438,0.020604983,0.021306909,7.47E-06,0.999264274,0.021306506,0.999996973,0.021300654,0.989900409,0.999376973,0.021306909
8770,0.000714337,0.020607505,0.02130701,0.989496425,0.979295333,0.021306607,0.99957503,0.021300755,0.030370612,0.999789331,0.02130701
8771,0.000713832,0.020610532,0.021307111,0.999690252,0.030488053,0.021306708,0.978691779,0.021301057,8.58E-06,0.02131145,0.021307111
8772,0.000713731,0.020610935,0.021307212,0.999784186,0.999281527,0.021306808,0.999572407,0.021301158,9.59E-06,1,0.021307212
8773,0.00071363,0.999265888,0.021307313,0.989888604,0.979291095,0.021306909,0.999578158,0.021301259,9.99E-06,0.010510133,0.021307313
8774,0.00071353,0.999268915,0.021307414,0.999469494,0.969418619,0.02130701,0.010192718,0.02130136,1.46E-05,0.000204817,0.021307414
8775,0.000713025,0.999270731,0.021307515,0.021304589,0.020691954,0.021307111,0.020895863,0.021301461,1.58E-05,0.000225601,0.021307515
8776,0.000712722,0.999271639,0.021307616,0.999573719,0.999674412,0.021307212,0.999284755,0.021301562,1.72E-05,0.978984778,0.021307616
8777,0.00071242,0.999274968,0.021307716,0.99989517,0.000716657,0.021307313,0.999679658,0.021302066,1.88E-05,0.97908981,0.021307716
8778,0.000712319,0.99927517,0.021307918,0.988982365,0.99978015,0.021307414,0.999776719,0.021302167,1.96E-05,0.979197868,0.021307918
8779,0.000712016,0.999275574,0.021308221,0.999772179,0.989076197,0.021307515,0.999792863,0.021302369,1.97E-05,0.979709003,0.021308221
8780,0.000711915,0.999277491,0.021308322,0.979492179,0.999672293,0.021307616,0.979101211,0.02130247,0.978691779,0.968801343,0.021308322
8781,0.000711613,0.999284654,0.021308423,0.968906778,6.36E-06,0.021307716,0.999268713,0.021302672,0.000108059,0.968809011,0.021308423
8782,0.000711512,0.020686203,0.021308524,0.999378991,0.988996793,0.021307918,0.999571095,0.021302773,0.000321956,0.968995969,0.021308524
8783,0.000711411,0.020693972,0.021308625,0.989490371,0.96931621,0.021308221,0.020402083,0.021302874,0.97909768,0.969019276,0.021308625
8784,0.000711209,0.02069942,0.021308725,0.030485027,0.989479172,0.021308322,0.020198981,0.021302974,0.979106155,0.969309551,0.021308725
8785,0.000711007,0.999365169,0.021308826,0.999970942,0.989590459,0.021308423,0.020600745,0.021303075,0.000627466,0.969317118,0.021308826
8786,0.000710906,0.999365774,0.021309129,0.999381715,0.969218645,0.021308524,1.29E-05,0.021303378,0.979396531,0.969404493,0.021309129
8787,0.000710402,0.999366783,0.02130923,0.989590459,0.999272547,0.021308625,0.030291813,0.021303479,0.00083087,0.969406309,0.02130923
8788,0.000710301,0.999367186,0.021309331,0.999184768,0.999478776,0.021308725,0.999477868,0.02130358,0.979817061,0.969605274,0.021309331
8789,0.000710099,0.999371626,0.021309633,0.020697806,0.999265081,0.021308826,0.999994047,0.021303681,0.968700145,0.999177605,0.021309633
8790,0.000709998,0.999373139,0.021309734,0.989291305,0.010813525,0.021309129,0.021323254,0.021303782,0.968709831,0.999179824,0.021309734
8791,0.000709494,0.999376469,0.021309835,8.07E-06,0.999669165,0.02130923,0.001128813,0.021303882,0.968809818,0.999380101,0.021309835
8792,0.000709191,0.999376771,0.021309936,0.989598732,0.978990731,0.021309331,0.030287777,0.021303983,0.968903852,0.999383431,0.021309936
8793,0.000708485,0.99938111,0.021310037,0.999487958,0.999181741,0.021309633,0.011013297,0.021304387,0.968997483,0.999782269,0.021310037
8794,0.000708081,0.999385751,0.021310138,0.999283645,0.989599439,0.021309734,0.999679356,0.021304589,0.969001014,0.021196127,0.021310138
8795,0.000707779,0.999386155,0.021310239,0.999577048,0.03028929,0.021309835,0.999475649,0.021304891,0.96900162,0.988976008,0.021310239
8796,0.000707678,0.020792143,0.02131034,0.999878825,0.999681172,0.021309936,0.999671688,0.021304992,0.969005353,0.989689437,0.02131034
8797,0.000707476,0.020803948,0.021310441,0.99978015,0.999474438,0.021310037,0.020381904,0.021305093,0.969017359,0.978783997,0.021310441
8798,0.000707375,0.020810607,0.021310542,0.969304406,0.999894161,0.021310138,0.010818166,0.021305194,0.969107862,0.000304098,0.021310542
8799,0.000706871,0.020811313,0.021310642,0.999886392,0.969004747,0.021310239,0.011023285,0.021305396,0.03028586,0.979207958,0.021310642
8800,0.000706568,0.999468485,0.021310743,0.020991915,0.999997377,0.02131034,0.999686923,0.021305497,0.969306323,0.97940208,0.021310743
8801,0.000706265,0.999469494,0.021310945,0.999887199,2.22E-05,0.021310441,0.020993429,0.021305699,0.969310964,0.979591056,0.021310945
8802,0.000630796,0.999469696,0.021311046,0.011005326,0.000715749,0.021310542,0.020587023,0.0213059,0.030387764,0.979700023,0.021311046
8803,0.000630493,0.9994702,0.021311147,0.001125988,0.979003847,0.021310642,0.010507712,0.021306001,0.030483513,0.968710537,0.021311147
8804,0.000629787,0.999471714,0.021311248,0.98988699,0.000719785,0.021310743,8.68E-06,0.021306102,0.030492089,0.968905164,0.021311248
8805,0.000629585,0.999474942,0.02131145,0.999284755,0.979606695,0.021310945,0.999786607,0.021306304,0.030492795,0.969314798,0.02131145
8806,0.000629484,0.999478272,0.021311651,0.968794785,0.979101211,0.021311046,0.999367186,0.021306405,0.030595809,0.969318026,0.021311651
8807,0.000629383,0.999478776,0.021311752,0.979100404,0.979191411,0.021311147,0.020489861,0.021306506,0.020195752,0.030387764,0.021311752
8808,0.00062908,0.999481198,0.021311954,0.968806287,0.979200492,0.021311248,0.010209971,0.021306607,0.020204127,0.969420334,0.021311954
8809,0.000628879,0.999482812,0.021312055,0.021002913,0.02069488,0.02131145,0.011104708,0.021306708,0.020292713,0.030588242,0.021312055
8810,0.000628071,0.999483317,0.021312257,0.999270025,0.97909546,0.021311651,0.999468687,0.021306808,0.999070051,0.998868261,0.021312257
8811,0.000627668,0.999483417,0.021312459,0.021099166,0.968704181,0.021311752,0.99978015,0.021306909,0.030274459,0.020290997,0.021312459
8812,0.000627466,0.999486646,0.021312559,0.999466366,1.29E-05,0.021311954,0.99887724,0.02130701,0.020482193,0.999085387,0.021312559
8813,0.000627163,0.999488462,0.02131266,0.968907787,0.969713737,0.021312055,0.999984664,0.021307111,0.999179017,0.999282031,0.02131266
8814,0.000626962,0.020885572,0.021312761,0.010811709,0.010209365,0.021312257,0.999183759,0.021307212,0.999180329,0.999365774,0.021312761
8815,0.000626558,0.020894047,0.021312963,0.979692859,0.979692859,0.021312459,0.999372029,0.021307313,0.999182851,0.999374249,0.021312963
8816,0.000626356,0.020894551,0.021313165,0.999264274,0.968810726,0.021312559,8.07E-06,0.021307414,0.020600745,0.999670275,0.021313165
8817,0.000625953,0.020897074,0.021313266,0.968812643,0.978993758,0.02131266,0.020898385,0.021307515,0.020608312,0.999994955,0.021313266
8818,0.000625852,0.020898385,0.021313367,0.968914749,0.968914749,0.021312761,0.969305515,0.021307616,0.999266897,0.999995762,0.021313367
8819,0.000625751,0.0209,0.021313468,0.999285764,0.999687932,0.021312963,0.999784993,0.021307716,0.9992673,0.98909113,0.021313468
8820,0.00062565,0.020903632,0.021313568,0.979293113,0.999974574,0.021313165,0.02110068,0.021307918,0.999268713,0.98928283,0.021313568
8821,0.000625448,0.020904641,0.021313669,0.030592682,0.979392091,0.021313266,0.010493889,0.021308221,0.999269621,0.989397951,0.021313669
8822,0.000624944,0.999569582,0.02131377,0.989593789,0.978997491,0.021313367,0.968594407,0.021308322,0.999274464,0.010817056,0.02131377
8823,0.00062454,0.999570288,0.021313871,0.999672293,0.999875193,0.021313468,0.020400065,0.021308423,0.99927517,0.989492086,0.021313871
8824,0.000623935,0.999573819,0.021313972,0.97940208,0.999274767,0.021313568,0.999885888,0.021308524,0.99927628,0.989698719,0.021313972
8825,0.000623733,0.999574828,0.021314073,0.988996793,0.96869732,0.021313669,0.020885673,0.021308625,0.999277491,0.978684111,0.021314073
8826,0.000623329,0.99957503,0.021314174,0.999272547,0.979085875,0.02131377,0.999994653,0.021308725,0.999279509,0.000207137,0.021314174
8827,0.000623128,0.999578864,0.021314275,0.979291095,0.96911664,0.021313871,0.99977006,0.021308826,0.020686203,0.978997491,0.021314275
8828,0.000622926,0.999585422,0.021314376,0.999378184,0.999179421,0.021313972,0.999672293,0.021309129,0.999368599,0.001128511,0.021314376
8829,0.000622724,0.02098798,0.021314476,0.989190713,0.999368801,0.021314073,0.99979478,0.02130923,0.999371626,0.968808002,0.021314476
8830,0.000622522,0.020989191,0.021314577,0.020691954,0.97981131,0.021314174,0.998962597,0.021309331,0.999374854,0.968810121,0.021314577
8831,0.000622421,0.020989695,0.021314678,0.999386155,0.999283645,0.021314275,0.999285058,0.021309633,0.999378285,0.969113613,0.021314678
8832,0.000621312,0.02099242,0.021314779,0.999785295,0.999573113,0.021314376,0.979813631,0.021309734,0.999380202,0.969115833,0.021314779
8833,0.000621211,0.021000592,0.02131488,0.011102589,0.999281022,0.021314476,0.999884173,0.021309835,0.99938333,0.969415087,0.02131488
8834,0.000620706,0.021003215,0.021314981,0.999998991,0.968801747,0.021314577,0.968697926,0.021309936,0.999386558,0.969515781,0.021314981
8835,0.000620303,0.021003316,0.021315082,0.999388072,0.979607805,0.021314678,0.969713737,0.021310037,0.999469898,0.969621317,0.021315082
8836,0.000620101,0.021007554,0.021315183,0.969217838,0.030587939,0.021314779,0.978993758,0.021310138,0.9994702,0.969622729,0.021315183
8837,0.00062,0.999668963,0.021315485,1.41E-06,0.999184768,0.02131488,0.969412868,0.021310239,0.999470402,0.020195752,0.021315485
8838,0.000619899,0.999669569,0.021315687,0.999479987,0.020991915,0.021314981,0.999478776,0.02131034,0.999470503,0.999070959,0.021315687
8839,0.000619596,0.999670679,0.021315889,0.928443234,0.000716052,0.021315082,0.030574218,0.021310441,0.999472824,0.0204942,0.021315889
8840,0.000619395,0.999672293,0.02131599,0.000227417,0.968609945,0.021315183,0.999995762,0.021310542,0.999474236,0.999182347,0.02131599
8841,0.000618688,0.999672999,0.021316192,0.969208454,0.968802856,0.021315485,0.03037495,0.021310642,0.999474942,0.999368599,0.021316192
8842,0.000618386,0.999677136,0.021316393,0.97981131,0.968812643,0.021315687,0.02019323,0.021310743,0.999476557,0.999469696,0.021316393
8843,0.000617881,0.999681172,0.021316494,0.999271639,0.999270025,0.021315889,0.999479785,0.021310945,0.999480996,0.999469898,0.021316494
8844,0.000617578,0.999683593,0.021316595,6.66E-06,0.999381715,0.02131599,0.999366783,0.021311046,0.999481097,0.999472521,0.021316595
8845,0.000617377,0.999686418,0.021316696,0.989781554,0.999886392,0.021316192,0.999685308,0.021311147,0.999482812,0.999576745,0.021316696
8846,0.000616368,0.021088573,0.021316797,0.999478776,1.72E-05,0.021316393,0.999690252,0.021311248,0.99948372,0.999668661,0.021316797
8847,0.000616267,0.021096745,0.021316898,0.999274767,0.999670376,0.021316494,0.999283645,0.02131145,0.999485738,0.999673302,0.021316898
8848,0.000615056,0.021097754,0.0213171,0.999997377,0.999487958,0.021316595,0.999486848,0.021311651,0.020898385,0.999774399,0.0213171
8849,0.000614955,0.021104009,0.021317402,0.010200991,0.968710537,0.021316696,0.99967088,0.021311752,0.999571095,0.999880439,0.021317402
8850,0.000614552,0.021105321,0.021317705,0.000716657,0.999785396,0.021316797,0.999781562,0.021311954,0.999579167,0.999886291,0.021317705
8851,0.00061435,0.021106128,0.021318008,0.010193121,0.97919807,0.021316898,1.86E-05,0.021312055,0.999581992,0.989079527,0.021318008
8852,0.000614249,0.021107339,0.02131821,0.000407616,0.97940208,0.0213171,0.999276784,0.021312257,0.9995829,0.989083764,0.02131821
8853,0.000613644,0.021108651,0.02131831,0.999275876,0.999887199,0.021317402,0.020582988,0.021312459,0.999586532,0.98929746,0.02131831
8854,0.000613543,0.021108752,0.021318411,0.020492283,0.999890832,0.021317705,0.000320846,0.021312559,0.999587541,0.989491481,0.021318411
8855,0.00061324,0.021109458,0.021318613,0.999980325,0.979601549,0.021318008,0.999983453,0.02131266,0.999588046,0.989493701,0.021318613
8856,0.000613139,0.999769152,0.021318714,0.979101211,0.999276784,0.02131821,0.999279509,0.021312761,0.020989695,3.53E-06,0.021318714
8857,0.000612836,0.999771069,0.021318815,0.96931621,0.979106155,0.02131831,0.989391191,0.021312963,0.020998776,0.979104339,0.021318815
8858,0.000612735,0.999775609,0.021319017,0.999678246,0.999990617,0.021318411,0.999887199,0.021313165,0.999670073,0.97919807,0.021319017
8859,0.00061213,0.999776013,0.021319319,0.000719785,0.999466366,0.021318613,0.999977299,0.021313266,0.999672999,0.979309458,0.021319319
8860,0.000612029,0.999776719,0.021319622,0.998978034,0.96869954,0.021318714,0.999975281,0.021313367,0.999673302,0.979592973,0.021319622
8861,0.000611727,0.99978015,0.021319723,0.999472824,0.969205125,0.021318815,0.999990011,0.021313468,0.999676228,0.979607805,0.021319723
8862,0.000611525,0.999781461,0.021319824,0.968802655,0.968706703,0.021319017,0.989076197,0.021313568,0.99967986,0.968903751,0.021319824
8863,0.000611424,0.999786809,0.021320026,0.968700145,7.47E-06,0.021319319,0.011112577,0.021313669,0.999683492,0.969198567,0.021320026
8864,0.000611121,0.999789735,0.021320227,0.968802856,0.999468687,0.021319622,0.999668863,0.02131377,0.999686923,0.969714645,0.021320227
8865,0.000610718,0.999790037,0.021320328,0.968803664,0.969018772,0.021319723,2.93E-06,0.021313871,0.021091297,0.999271639,0.021320328
8866,0.000610617,0.999795082,0.021320429,0.968810726,0.99967421,0.021319824,0.021098057,0.021313972,0.021096543,0.999572508,0.021320429
8867,0.000610516,0.021193302,0.021320631,0.969219452,0.979100404,0.021320026,0.989683484,0.021314073,0.021098057,0.999587844,0.021320631
8868,0.000610415,0.021195118,0.021320732,0.999476557,0.969604972,0.021320227,0.020886782,0.021314174,0.021098359,0.989496526,0.021320732
8869,0.000610314,0.021206721,0.02132164,0.021301562,0.999368498,0.021320328,0.020694577,0.021314275,0.021105926,0.011013499,0.02132164
8870,0.000610112,0.021209041,0.021321943,0.02069488,0.99957503,0.021320429,0.03048654,0.021314376,0.999772583,0.011112577,0.021321943
8871,0.000609709,0.021210655,0.021322144,0.979606695,0.979293113,0.021320631,0.999371626,0.021314476,0.999775509,0.989882147,0.021322144
8872,0.000609608,0.021211967,0.021322245,0.999273051,0.020492283,0.021320732,0.999682382,0.021314577,0.99977571,0.989899097,0.021322245
8873,0.000609406,0.999870753,0.021322447,0.979601549,0.999674513,0.02132164,0.030280613,0.021314678,0.999776719,5.04E-07,0.021322447
8874,0.000608901,0.999872267,0.021322548,0.999690454,0.968700145,0.021321943,1.31E-06,0.021314779,0.99978015,3.03E-06,0.021322548
8875,0.000608195,0.999872872,0.02132275,0.999578158,0.968803664,0.021322144,0.999585523,0.02131488,0.999784589,7.26E-06,0.02132275
8876,0.000608094,0.999875496,0.021322952,0.999271942,0.010601645,0.021322245,0.999180732,0.021314981,0.999788322,1.12E-05,0.021322952
8877,0.000607691,0.999877513,0.021323053,0.030587939,0.96879993,0.021322447,0.011216096,0.021315082,0.999790037,0.978695411,0.021323053
8878,0.00060759,0.999886392,0.021323254,6.36E-06,0.968698127,0.021322548,0.000814626,0.021315183,0.999791248,0.978798021,0.021323254
8879,0.000607388,0.999886493,0.021323355,1.08E-05,0.968699439,0.02132275,0.97981131,0.021315485,0.999792055,0.000203505,0.021323355
8880,0.000607186,0.999886796,0.021323456,0.99998537,0.999386155,0.021322952,0.030488053,0.021315687,0.999795284,0.000223886,0.021323456
8881,0.000607085,0.999887199,0.021323557,0.989599439,0.999990718,0.021323053,0.999888915,0.021315889,0.021198346,0.978904567,0.021323557
8882,0.000606682,0.9998873,0.021323759,0.000715749,0.969219452,0.021323254,0.999485637,0.02131599,0.999870955,0.978998903,0.021323759
8883,0.000606379,0.99988841,0.999971043,0.999971346,0.999578864,0.021323355,0.000419017,0.021316192,0.999877312,0.969011205,0.999971043
8884,0.000606278,0.999888612,0.999971346,0.999979619,0.999578158,0.021323456,0.020184553,0.021316393,0.999879935,0.969510433,0.999971346
8885,0.000606177,0.999893657,0.999971447,0.969218645,0.968802655,0.021323557,0.020504189,0.021316494,0.999882256,0.969608604,0.999971447
8886,0.000605975,0.021291472,0.999972153,0.010601645,0.010193121,0.021323759,0.999985471,0.021316595,0.99989295,0.969712324,0.999972153
8887,0.000605572,0.021291876,0.999973061,0.999672192,0.969208454,0.999971346,0.010897974,0.021316696,0.999893253,0.999268612,0.999973061
8888,0.00060537,0.021293692,0.999973868,0.978691779,0.969710306,0.999971447,0.999470402,0.021316797,0.999893858,0.999475245,0.999973868
8889,0.000529699,0.021297123,0.999974574,0.979392091,0.020504189,0.999973061,0.021295609,0.021316898,0.99989517,0.999578662,0.999974574
8890,0.000529194,0.021299342,0.999975079,0.969004747,0.999178815,0.999974574,0.999366985,0.0213171,0.021290968,0.999792055,0.999975079
8891,0.000528589,0.021306909,0.999975281,0.969205125,0.999182952,0.999975281,0.000108967,0.021317402,0.021295609,0.999882962,0.999975281
8892,0.000528488,0.021308423,0.999975886,0.021188257,0.020895863,0.999976088,0.969412969,0.021317705,0.021307111,0.969216122,0.999975886
8893,0.000528185,0.021313266,0.999976088,0.988786326,0.99979478,0.999976189,0.999178815,0.021318008,0.021314073,0.989384129,0.999976088
8894,0.000528085,0.999976895,0.999976189,0.999674513,0.011005326,0.999977299,1.08E-05,0.02131821,0.999976895,0.989693876,0.999976189
8895,0.000527782,0.999979619,0.999977299,0.020608817,0.99989517,0.9999774,0.010797886,0.02131831,0.999977904,0.989699325,0.999977299
8896,0.000527378,0.999980729,0.9999774,0.030472818,0.999979619,0.999979417,0.98940007,0.021318411,0.999980325,0.989890016,0.9999774
8897,0.000527176,0.999981536,0.999979417,0.999468687,0.999993543,0.999979619,0.999687932,0.021318613,0.999980729,0.000103115,0.999979417
8898,0.000526975,0.999990617,0.999979619,0.999474438,0.999271942,0.999980023,0.969307533,0.021318714,0.999986884,0.978994161,0.999979619
8899,0.000526773,0.999992635,0.999980023,4.94E-06,0.969204116,0.999981435,0.999273253,0.021318815,0.999992635,0.9790887,0.999980023
8900,0.00052647,0.999994148,0.999981435,0.989387156,0.969221369,0.999981536,0.020296345,0.021319017,0.999994451,0.000728159,0.999981435
8901,0.000526067,0.99999435,0.999981536,0.969018772,0.989683484,0.999982142,0.999281022,0.021319319,0.999995762,0.979490161,0.999981536
8902,0.000525663,0.999995863,0.999982142,0.978990731,0.99917599,0.999982242,0.030382921,0.021319622,0.999996267,0.979496013,0.999982142
8903,0.000525562,0.030474533,0.999982242,0.999786809,0.011102589,0.999983151,0.999676833,0.021319723,0.999998285,0.979815548,0.999982242
8904,0.000525461,0.030476047,0.999983151,0.999585523,0.011204997,0.999983958,0.020484413,0.021319824,0.030472011,0.968697522,0.999983151
8905,0.000524957,0.030574218,0.999983958,0.968704484,0.999789432,0.999984159,3.33E-06,0.021320026,0.030478771,0.968998492,0.999983958
8906,0.000524856,0.030575227,0.999984159,0.999687932,0.969514671,0.999984361,0.030573512,0.021320227,0.030478872,0.969217333,0.999984159
8907,0.000524755,0.030575832,0.999984361,0.97909546,0.999366985,0.99998537,0.999573113,0.021320328,0.030480285,0.030284548,0.999984361
8908,0.00052415,0.030578859,0.99998537,0.011204997,0.999883971,0.999987691,0.000723417,0.021320429,0.988879452,0.969306928,0.99998537
8909,0.000523746,0.030581079,0.999986884,2.23E-05,0.968696009,0.99998981,0.999785598,0.021320631,0.01031591,0.96940187,0.999986884
8910,0.000523645,0.030583399,0.999987691,0.999472924,0.020403697,0.999993442,0.021211967,0.021320732,0.988979237,0.969416803,0.999987691
8911,0.000523544,0.010610625,0.99998981,1.29E-05,0.999266392,0.999994148,0.999890832,0.02132164,0.988993665,0.96962172,0.99998981
8912,0.000523443,0.010619302,0.999990314,0.968698228,0.999271639,0.999994653,0.021306001,0.021321943,0.010393902,0.998864023,0.999990314
8913,0.00052304,0.010797886,0.999990516,0.010813525,0.020696797,0.999995863,0.021306909,0.021322144,0.010414182,0.999088514,0.999990516
8914,0.000522636,0.010897267,0.999993442,0.999984159,0.021096846,0.99999667,0.99989174,0.021322245,0.989076197,0.020483202,0.999993442
8915,0.000522434,0.010910283,0.999994148,0.020504189,0.010897974,0.999999294,0.010701733,0.021322447,0.010508822,0.999271235,0.999994148
8916,0.000522132,0.989593789,0.999994653,4.74E-06,1.56E-05,0.030470397,0.999889318,0.021322548,0.01061799,0.999271336,0.999994653
8917,0.000521325,0.010999171,0.999995359,0.979295333,0.978691779,0.030470599,0.020692761,0.02132275,0.989279501,0.999283544,0.999995359
8918,0.000521022,0.011013398,0.999995762,0.999469898,0.999584918,0.0304708,0.020199486,0.021322952,0.010710612,0.999378285,0.999995762
8919,0.00052082,0.011013499,0.999995863,0.999679658,0.999992231,0.030471204,0.99927517,0.021323053,0.010796171,0.999466164,0.999995863
8920,0.000520517,0.0110249,0.999995964,0.968700751,0.030476047,0.030471507,0.021096947,0.021323254,0.01080283,0.99948483,0.999995964
8921,0.000519004,0.011101883,0.999996267,0.030279604,0.011210446,0.03047191,0.999367691,0.021323355,0.010907962,0.999576039,0.999996267
8922,0.0005186,0.011109651,0.99999667,0.999685409,0.010603764,0.030472011,0.999469998,0.021323456,0.989585414,0.99968208,0.99999667
8923,0.0005185,0.011124988,0.999999294,0.010393398,4.94E-06,0.030472314,3.73E-06,0.021323557,0.989585515,0.999789735,0.999999294
8924,0.000518399,0.011125088,0.999999596,0.979003847,1.41E-06,0.030472415,1.46E-05,0.021323759,0.011013398,0.999977299,0.999999596
8925,0.000517692,0.011204997,0.030470397,1.72E-05,0.999385751,0.030472818,0.999277793,0.999971346,0.989695693,0.989282124,0.030470397
8926,0.000516583,0.011206107,0.030470599,0.010209365,2.23E-05,0.030472919,0.999774802,0.999971447,0.011102084,0.010717977,0.030470599
8927,0.000516381,0.011210446,0.0304708,0.999582799,0.999582799,0.030474231,0.99926498,0.999973061,0.011117017,0.989481593,0.0304708
8928,0.000515977,0.01121771,0.030471204,0.999578864,0.999690454,0.030474332,0.001025194,0.999974574,0.011121759,0.989581782,0.030471204
8929,0.000515876,6.05E-07,0.030471507,0.989479172,0.000407616,0.030474533,0.999992231,0.999975281,0.01122447,0.98990172,0.030471507
8930,0.000515674,2.12E-06,0.03047191,0.999281527,0.999488462,0.030474735,0.021093113,0.999976088,0.010298456,0.979396531,0.03047191
8931,0.000515473,2.93E-06,0.030472011,8.98E-06,0.020607909,0.030474937,0.030575429,0.999976189,2.02E-07,0.968698228,0.030472011
8932,0.000515271,6.05E-06,0.030472314,0.99958512,0.999791248,0.030475442,1.72E-05,0.999977299,1.11E-06,0.968708721,0.030472314
8933,0.00051517,8.78E-06,0.030472415,0.979200492,0.999984159,0.030475845,0.999382623,0.9999774,1.41E-06,0.969001922,0.030472415
8934,0.000515069,9.59E-06,0.030472818,0.99938222,0.021003417,0.030476047,0.011125088,0.999979417,1.02E-05,0.969199374,0.030472818
8935,0.000514766,1.48E-05,0.030472919,0.989599237,3.33E-06,0.03047635,0.011109651,0.999979619,1.52E-05,0.999686418,0.030472919
8936,0.000513556,1.72E-05,0.030474231,0.99977006,0.999571196,0.030476652,0.988996793,0.999980023,1.54E-05,0.999784993,0.030474231
8937,0.000513253,1.88E-05,0.030474332,0.978985888,0.021099166,0.030478065,2.22E-05,0.999981435,1.55E-05,0.999873881,0.030474332
8938,0.00051295,1.92E-05,0.030474533,2.52E-06,0.999875899,0.030478267,0.011018846,0.999981536,0.978687743,0.999996166,0.030474533
8939,0.000512345,1.97E-05,0.030474735,0.99917599,0.968700751,0.030478468,0.010700623,0.999982142,0.978788134,0.999998991,0.030474735
8940,0.000511538,0.000220052,0.030474937,0.999266392,0.999998991,0.030478771,0.001017627,0.999982242,0.000213494,0.989094863,0.030474937
8941,0.000511033,0.00041145,0.030475442,0.999488462,0.021002913,0.030478872,0.020406119,0.999983151,0.978984879,0.989892438,0.030475442
8942,0.000510831,0.000606278,0.030475845,0.979191411,0.020806268,0.030479276,0.999182851,0.999983958,0.979101211,1.11E-06,0.030475845
8943,0.00051063,0.000716657,0.030476047,0.030491887,0.999284251,0.030479376,0.999579167,0.999984159,0.979290086,0.978695613,0.030476047
8944,0.000510428,0.000810591,0.03047635,0.021003417,0.99938111,0.030480083,0.020685598,0.999984361,0.000716657,0.979288775,0.03047635
8945,0.000510226,0.000810691,0.030476652,0.96911664,0.999383531,0.030480285,0.999585826,0.99998537,0.000808472,0.979300378,0.030476652
8946,0.000509823,0.000924198,0.030478065,0.989491481,0.989399364,0.030480385,0.021096846,0.999987691,0.979511349,0.979402685,0.030478065
8947,0.000509217,0.979606695,0.030478267,0.030577648,0.999378184,0.030480587,0.999382321,0.99998981,0.000917741,0.979491473,0.030478267
8948,0.000509116,0.001024791,0.030478468,0.999483518,0.989593789,0.030480789,0.999486041,0.999993442,0.979708801,0.969110586,0.030478468
8949,0.000508814,0.001128511,0.030478771,0.010501154,0.999378991,0.030482101,0.979492179,0.999994148,0.979709003,0.969308038,0.030478771
8950,0.000508713,0.969215214,0.030478872,0.999275574,0.999585523,0.030482202,0.021290665,0.999994653,0.001128914,0.9990756,0.030478872
8951,0.000508612,0.969219452,0.030479276,0.9995829,0.030491887,0.030486439,0.010510032,0.999995863,0.9797989,0.020488651,0.030479276
8952,0.000508511,0.030280613,0.030479376,0.021096846,0.020811313,0.030571494,0.99989295,0.99999667,0.928443234,0.999171652,0.030479376
8953,0.000508309,0.030283741,0.030480083,0.97909768,0.999477868,0.030571695,0.030578859,0.999999294,0.968594407,0.999280619,0.030480083
8954,0.000508107,0.030286667,0.030480285,0.999274867,0.010501154,0.030571897,0.030370612,0.030470397,0.968595921,0.999286168,0.030480285
8955,0.000507805,0.03028929,0.030480385,0.011005023,0.989491481,0.030571998,0.020608312,0.030470599,0.968597838,0.99938676,0.030480385
8956,0.000507704,0.969313688,0.030480587,2.22E-05,4.74E-06,0.0305722,0.999678952,0.0304708,0.968601873,0.999569885,0.030480587
8957,0.000507199,0.969317825,0.030480789,0.011117925,8.98E-06,0.030572402,0.030372428,0.030471204,0.968608936,0.999795788,0.030480789
8958,0.000506796,0.030380499,0.030481495,0.98968187,0.020608817,0.030572503,0.999678246,0.030471507,0.968697926,0.021310138,0.030481495
8959,0.000506695,0.030381811,0.030482101,0.979085875,0.999772583,0.030573108,0.010910283,0.03047191,0.968807598,0.999984059,0.030482101
8960,0.000506594,0.030387764,0.030482202,0.999888612,0.030592682,0.03057331,0.999788928,0.030472011,0.968812643,0.999990718,0.030482202
8961,0.000505787,0.969412969,0.030486439,0.999994955,0.999274867,0.030573411,0.020197669,0.030472314,0.968899917,0.010107159,0.030486439
8962,0.000505484,0.969416903,0.030571494,0.999178815,0.968802554,0.030573512,0.020696797,0.030472415,0.968914749,0.988882983,0.030571494
8963,0.000505282,0.030485329,0.030571695,0.999789432,0.968808002,0.030574117,0.01080283,0.030472818,0.968995969,0.989077307,0.030571695
8964,0.000505181,0.030487751,0.030571897,0.999681172,0.968995768,0.030574218,0.999388576,0.030472919,0.969013122,0.01059549,0.030571897
8965,0.00050508,0.96951457,0.030571998,0.020811313,0.999266493,0.030574319,0.969221066,0.030474231,0.969206436,0.011123777,0.030571998
8966,0.00043173,0.969523348,0.0305722,0.021095736,0.999275574,0.03057442,0.020992319,0.030474332,0.969207445,0.989897281,0.0305722
8967,0.000431326,0.030589856,0.030572402,0.999371626,0.020891323,0.030574621,1.75E-05,0.030474533,0.969208454,0.000117341,0.030572402
8968,0.000430923,0.030590563,0.030572503,0.99987489,0.999570288,0.030574823,0.999473227,0.030474735,0.969215214,0.978893468,0.030572503
8969,0.000429308,0.030591168,0.030573108,0.999974574,0.9995829,0.030575126,0.011118026,0.030474937,0.030282631,0.97889367,0.030573108
8970,0.000428804,0.030594699,0.03057331,3.33E-06,0.999670679,0.030575227,9.08E-06,0.030475442,0.030284548,0.978992345,0.03057331
8971,0.000428703,0.030595305,0.030573411,0.999781461,0.999773289,0.030575429,0.999285764,0.030475845,0.969313688,0.979191209,0.030573411
8972,0.0004284,0.020195752,0.030573512,0.999872872,0.999781461,0.030575529,0.999478171,0.030476047,0.969412868,0.000728765,0.030573512
8973,0.000428299,0.020204127,0.030574117,0.999992231,0.999783883,0.030575832,0.999368801,0.03047635,0.969416803,0.001124879,0.030574117
8974,0.000427896,0.020281715,0.030574218,0.011123777,0.999872872,0.030576135,0.020792244,0.030476652,0.030487246,0.968704484,0.030574218
8975,0.000427593,0.020292006,0.030574319,0.999890832,0.999893051,0.030576236,0.999876807,0.030478065,0.030487852,0.968802554,0.030574319
8976,0.00042729,0.020292713,0.03057442,0.978791463,0.010897267,0.030576437,0.999776215,0.030478267,0.969525164,0.968813551,0.03057442
8977,0.000426685,0.020382913,0.030574621,0.020993227,0.030472818,0.03057674,0.999379798,0.030478468,0.969608503,0.968999904,0.030574621
8978,0.00042608,0.02040178,0.030574823,0.020607909,0.99977006,0.030577043,0.020407027,0.030478771,0.969703647,0.969311973,0.030574823
8979,0.000425979,0.020489357,0.030575126,0.999584918,0.999980325,0.030577144,0.999475749,0.030478872,0.969713535,0.96952476,0.030575126
8980,0.000425676,0.020492081,0.030575227,0.968696009,0.999970942,0.030577547,0.999983958,0.030479276,0.969714846,0.969621418,0.030575227
8981,0.000425575,0.020492787,0.030575429,0.999366985,0.9999774,0.030577648,0.010093538,0.030479376,0.969721506,0.998868563,0.030575429
8982,0.000425373,0.0204942,0.030575529,0.020695586,0.989599237,0.030577749,0.030578556,0.030480083,0.95872526,0.999182851,0.030575529
8983,0.00042497,0.020494704,0.030575832,0.989890016,0.999371626,0.030577951,0.001118825,0.030480285,0.020189093,0.020602763,0.030575832
8984,0.000424869,0.030277788,0.030576135,0.999388879,0.999990819,0.030578153,0.011016122,0.030480385,0.020198578,0.999274363,0.030576135
8985,0.000424768,0.999176091,0.030576236,0.999269318,0.021096947,0.030578254,0.010496311,0.030480587,0.998963909,0.999482409,0.030576236
8986,0.000424667,0.99918275,0.030576437,0.999892143,0.99989295,0.030578354,0.999886392,0.030480789,0.020389774,0.99966967,0.030576437
8987,0.000424566,0.020597819,0.03057674,0.99966967,0.999995258,0.030578455,0.021297223,0.030482101,0.020391287,0.999676732,0.03057674
8988,0.000424465,0.020600745,0.030577043,0.989094257,0.968704887,0.030578556,0.999878825,0.030482202,0.999069546,0.999795183,0.030577043
8989,0.000424264,0.020608312,0.030577144,0.968699439,0.96891485,0.030578758,0.000715749,0.030486439,0.020499245,0.021198346,0.030577144
8990,0.000424062,0.020608817,0.030577547,0.999983453,0.969017359,0.030578859,0.999887502,0.030571494,0.999176999,0.999870753,0.030577547
8991,0.000423456,0.999265182,0.030577648,0.978788134,0.969511543,0.030579061,0.999871561,0.030571695,0.999177302,0.999982444,0.030577648
8992,0.000423356,0.999266493,0.030577749,0.999278802,0.999181842,0.030579363,0.999283343,0.030571897,0.999179723,0.999987792,0.030577749
8993,0.000422851,0.999266695,0.030577951,0.999990819,0.999376771,0.030579464,5.95E-06,0.030571998,0.999181943,0.988998003,0.030577951
8994,0.000422246,0.999267704,0.030578153,0.969608503,0.99938333,0.030579767,0.999177806,0.0305722,0.999182347,0.010508822,0.030578153
8995,0.000422145,0.999269419,0.030578254,0.999470503,0.999483518,0.030580171,0.999674311,0.030572402,0.999183759,0.010513463,0.030578254
8996,0.000421943,0.999273253,0.030578354,0.999570288,0.999584212,0.030580372,0.010901303,0.030572503,0.999184768,0.989686007,0.030578354
8997,0.000421842,0.999274867,0.030578455,0.999776719,0.999689042,0.030580675,0.021319017,0.030573108,0.020610532,2.08E-05,0.030578455
8998,0.000421539,0.999275271,0.030578556,0.999785598,0.021095736,0.030581079,0.999386155,0.03057331,0.999266695,0.969015745,0.030578556
8999,0.000420934,0.999280921,0.030578758,0.999885585,0.999771069,0.03058128,0.999786405,0.030573411,0.99927285,0.969204116,0.030578758
9000,0.000420833,0.999281426,0.030578859,0.010197561,0.021295609,0.030581381,0.999578057,0.030573512,0.999273253,0.03058915,0.030578859
9001,0.000420631,0.999284251,0.030579061,1.17E-05,0.030577648,0.030581684,0.010513261,0.030574117,0.999275271,0.969622528,0.030579061
9002,0.00042053,0.999284553,0.030579363,0.999368801,0.011117925,0.030581785,0.999181943,0.030574218,0.999281426,0.999470907,0.030579363
9003,0.000420329,0.020687313,0.030579464,0.969519413,0.999388879,0.030582088,0.968708721,0.030574319,0.999282132,0.999472924,0.030579464
9004,0.000420127,0.020691046,0.030579767,0.999894161,0.010604571,0.030582289,0.999271942,0.03057442,0.999283141,0.999476355,0.030579767
9005,0.000419925,0.020695586,0.030580171,0.999368498,0.978791463,0.030582794,0.999891336,0.030574621,0.999283544,0.999485032,0.030580171
9006,0.000419824,0.020695687,0.030580372,0.020696797,0.968997483,0.030582895,0.999981536,0.030574823,0.999284251,0.999486646,0.030580372
9007,0.000419622,0.999367691,0.030580675,0.03028929,0.999278802,0.030582996,0.99937435,0.030575126,0.999284654,0.999574526,0.030580675
9008,0.000419521,0.999371727,0.030581079,0.969604972,0.999476557,0.030583197,0.999789432,0.030575227,0.020686809,0.999871056,0.030581079
9009,0.00041932,0.999373341,0.03058128,0.99979478,0.999574727,0.030583399,0.999779443,0.030575429,0.02069942,0.999989204,0.03058128
9010,0.000419017,0.999373745,0.030581381,0.999772583,0.021188257,0.030583904,0.989803549,0.030575529,0.020701943,0.999990617,0.030581381
9011,0.000418916,0.999377175,0.030581684,0.020895863,0.999877312,0.030584105,0.99957271,0.030575832,0.999365976,0.988974192,0.030581684
9012,0.000418815,0.999377276,0.030581785,0.999877312,0.999472824,0.030584206,0.999687427,0.030576135,0.999367489,0.989183449,0.030581785
9013,0.000418714,0.999382926,0.030582088,0.999786607,0.999776719,0.030584307,1.54E-05,0.030576236,0.9993687,0.989191016,0.030582088
9014,0.000418311,0.999383027,0.030582289,0.99938111,0.999785598,0.010093437,0.020696494,0.030576437,0.999372534,9.18E-06,0.030582289
9015,0.000418109,0.999383834,0.030582794,0.999366581,0.969712324,0.010095152,0.0305722,0.03057674,0.999373745,0.97900304,0.030582794
9016,0.000417907,0.999386558,0.030582895,0.999785396,0.02040178,0.0101005,0.021100882,0.030577043,0.999373946,0.968594407,0.030582895
9017,0.000417504,0.999388374,0.030582996,0.999182952,0.020695586,0.010103425,0.020186773,0.030577144,0.999375157,0.96900394,0.030582996
9018,0.000417302,0.999389383,0.030583197,0.99957503,0.999483417,0.01010393,0.001026405,0.030577547,0.999377276,0.969108467,0.030583197
9019,0.000417201,0.020804755,0.030583399,0.011210446,0.999982142,0.010104233,0.999469898,0.030577648,0.999378487,0.969412868,0.030583399
9020,0.0004171,0.020806066,0.030583904,0.999571196,0.989890016,0.010105242,0.999366581,0.030577749,0.999382321,0.969514267,0.030583904
9021,0.000416999,0.020806268,0.030584105,0.989399364,0.999268108,0.010110387,0.011020057,0.030577951,0.999383632,0.969714846,0.030584105
9022,0.000416797,0.020808387,0.030584206,0.010897267,0.999273253,0.010192314,0.999672192,0.030578153,0.999383834,0.99906551,0.030584206
9023,0.000416495,0.020808488,0.030584307,0.999993543,0.999472924,0.030271735,0.968998694,0.030578254,0.999388879,0.999283948,0.030584307
9024,0.000416293,0.999466366,0.010093437,0.020891323,0.999572609,0.010197561,0.999997478,0.030578354,0.020804755,0.99937102,0.010093437
9025,0.00041599,0.999470301,0.010093538,0.969017359,0.999574828,0.01019978,0.000407616,0.030578455,0.999467577,0.999577351,0.010093538
9026,0.000415687,0.999471915,0.010095152,0.999385751,0.999676228,0.010203412,0.999377276,0.030578556,0.999470099,0.999682988,0.010095152
9027,0.000415587,0.999472924,0.0101005,0.99989295,0.999983453,0.010204522,0.021200768,0.030578758,0.999470301,0.98878572,0.0101005
9028,0.000415082,0.999475749,0.010103425,0.999670679,0.01079839,0.010207347,0.021106128,0.030578859,0.999471613,0.9891893,0.010103425
9029,0.000414981,0.999481097,0.01010393,0.999383531,0.99987489,0.010207953,0.030390992,0.030579061,0.999472521,0.989399465,0.01010393
9030,0.000414679,0.999483518,0.010104233,0.999483417,0.999888612,0.03027577,0.000231554,0.030579363,0.999477162,0.989400776,0.010104233
9031,0.000414578,0.999485435,0.010105242,0.9999774,0.999469494,0.010297245,0.01031591,0.030579464,0.999478171,1.72E-05,0.010105242
9032,0.000414174,0.999486848,0.010110387,0.020686809,2.93E-06,0.010299364,0.020695889,0.030579767,0.999478272,0.978900127,0.010110387
9033,0.000413367,0.999487352,0.010192314,0.999973061,1.75E-05,0.010299666,0.999580075,0.030580171,0.999479785,0.979307945,0.010192314
9034,0.000413064,0.99948826,0.030271735,0.01079839,0.968998694,0.010301684,0.99977904,0.030580372,0.999482308,0.979312283,0.030271735
9035,0.000412963,0.020892231,0.010197157,0.999283141,0.96909979,0.010301785,0.999480794,0.030580675,0.999482409,0.979495105,0.010197157
9036,0.000412862,0.020898184,0.010197561,0.979090415,0.969221066,0.010306426,0.030278696,0.030581079,0.999484023,0.968903953,0.010197561
9037,0.000412762,0.020900302,0.01019978,0.030482101,0.969305515,0.010308848,0.999583808,0.03058128,0.999484628,0.969101001,0.01019978
9038,0.00041256,0.02090232,0.010202202,0.969204116,0.020494704,0.010309554,0.99966856,0.030581381,0.99948483,0.96920008,0.010202202
9039,0.000412257,0.020902522,0.010203412,0.021096947,0.999365269,0.010311572,0.96952476,0.030581684,0.999485839,0.969298856,0.010203412
9040,0.000411652,0.020904439,0.010204522,0.030476047,0.999373442,0.01031591,0.999274363,0.030581785,0.999486041,0.999382018,0.010204522
9041,0.000411551,0.999569481,0.010207347,0.969514671,0.99937435,0.03027688,0.989481593,0.030582088,0.020901715,0.999477162,0.010207347
9042,0.00041145,0.999571701,0.010207953,0.020403697,0.999379092,0.030276981,0.010301785,0.030582289,0.020902522,0.999575837,0.010207953
9043,0.000410845,0.999577754,0.01021098,0.96891485,0.999382623,0.030278797,0.000716657,0.030582794,0.999571701,0.999667854,0.01021098
9044,0.000410744,0.999578763,0.988875012,0.969511543,0.999388374,0.010393398,0.999570086,0.030582895,0.99957725,0.99988165,0.988875012
9045,0.000410239,0.999580781,0.03027577,0.999266493,0.999471007,0.010395416,0.999579268,0.030582996,0.999583808,0.99988387,0.03027577
9046,0.000410138,0.99958401,0.010297245,0.999376771,0.999475749,0.010396727,0.979191411,0.030583197,0.999584313,0.999887704,0.010297245
9047,0.000410037,0.999585321,0.010299364,0.999773289,0.999578763,0.010398039,0.999368498,0.030583399,0.999585321,0.999984866,0.010299364
9048,0.000409634,0.999587037,0.010299666,0.999783883,0.999587037,0.0104049,0.999476557,0.030583904,0.999585523,0.999996973,0.010299666
9049,0.000408928,0.030372428,0.010301684,0.989683484,0.999670174,0.010405909,0.96962505,0.030584105,0.999587844,0.989378378,0.010301684
9050,0.000408827,0.999588046,0.010301785,0.999890428,0.999671688,0.01041166,0.99987257,0.030584206,0.021002913,0.989398759,0.010301785
9051,0.000408726,0.020987577,0.010306426,0.999674412,0.02110068,0.989092239,0.999582799,0.030584307,0.99966856,1.92E-06,0.010306426
9052,0.000408423,0.020991915,0.010308848,0.99967421,0.99976885,0.989094257,0.020810607,0.010093437,0.999668661,0.978801351,0.010308848
9053,0.000408322,0.020993529,0.010308949,1.56E-05,0.999786809,0.010496916,0.99917145,0.010095152,0.999669165,0.000226711,0.010308949
9054,0.000408221,0.030376564,0.010309554,0.968802554,0.999973061,0.01049853,0.011102084,0.0101005,0.999671183,0.000231958,0.010309554
9055,0.00040812,0.999670174,0.010311572,0.968704887,0.999978308,0.010501456,0.030391093,0.010103425,0.99967754,0.968897799,0.010311572
9056,0.000407616,0.999678952,0.01031591,0.968997483,0.999992635,0.010505593,0.021289354,0.01010393,0.999677842,0.968910511,0.01031591
9057,0.000407515,0.999684703,0.010316516,0.96909979,0.989399465,0.010507611,0.999182952,0.010104233,0.999679154,0.96891485,0.010316516
9058,0.000407111,0.999684804,0.03027688,0.999273253,0.011018846,0.010508822,0.999266392,0.010105242,0.999679557,0.969014231,0.03027688
9059,0.000406708,0.999686015,0.030276981,0.999280921,0.97909768,0.010513261,0.999982545,0.010110387,0.999681777,0.969313688,0.030276981
9060,0.000406607,0.999687932,0.030278797,0.99948372,0.999275271,0.010521333,0.999875899,0.010192314,0.99968208,0.969421141,0.030278797
9061,0.000406405,0.999689042,0.010393398,0.999574828,0.999786607,0.010525066,0.020993529,0.030271735,0.999682988,0.969523953,0.010393398
9062,0.000406203,0.021087765,0.010395416,0.999689042,0.999886796,0.010596399,0.030587939,0.010197561,0.99968319,0.969601844,0.010395416
9063,0.000406102,0.021091297,0.010396727,0.999893051,0.999890428,0.010598416,0.020691046,0.01019978,0.999684703,0.969618492,0.010396727
9064,0.000406002,0.021092709,0.010398039,0.999992635,0.011123777,0.01059882,0.96951457,0.010203412,0.999688335,0.999269621,0.010398039
9065,0.000405598,0.021095736,0.0104049,0.010513261,0.020993227,0.010601645,0.011123777,0.010204522,0.999690454,0.999282838,0.0104049
9066,0.000405497,0.021096543,0.010405909,0.999379092,0.978788134,0.010601948,0.999279307,0.010207347,0.021103303,0.020702447,0.010405909
9067,0.000405094,0.02110068,0.01041166,0.999978308,0.969005353,0.01060336,0.030288483,0.010207953,0.021104716,0.999382422,0.01041166
9068,0.000404993,0.021103303,0.989092239,1.96E-05,0.999280921,0.010609616,0.021005839,0.03027577,0.02110633,0.999389787,0.989092239
9069,0.000404488,0.021106835,0.989094257,0.968695201,0.020686809,0.010610322,0.99977571,0.010297245,0.999773087,0.99988619,0.989094257
9070,0.000404185,0.021110769,0.010494797,0.969202098,0.99958401,0.010610827,0.030583399,0.010299364,0.999782067,0.989177496,0.010494797
9071,0.000404085,0.021117529,0.010494999,0.969206436,0.999784993,0.01061123,0.010302189,0.010299666,0.999794275,0.989802641,0.010494999
9072,0.000403782,0.99977117,0.010496008,0.969307533,0.999870148,0.010614459,0.999983352,0.010301684,0.021201272,1.18E-05,0.010496008
9073,0.00040358,0.999772583,0.010496916,0.969310964,0.010298456,0.010615064,0.999669165,0.010301785,0.999870148,1.54E-05,0.010496916
9074,0.000323369,0.99977571,0.010498329,0.999274464,0.999469898,0.010618696,4.54E-06,0.010306426,0.999874991,0.978800039,0.010498329
9075,0.000323167,0.999785497,0.01049853,0.99927517,0.999885585,0.010619302,0.020989292,0.010308848,0.999878926,0.979088902,0.01049853
9076,0.000322864,0.999785598,0.010501456,0.020686203,0.999892143,0.010620916,0.020499245,0.010309554,0.999880439,0.979300479,0.010501456
9077,0.000322561,0.999786405,0.010505593,0.999792863,0.021301562,0.01062132,0.999478575,0.010311572,0.999882356,0.968803966,0.010505593
9078,0.00032236,0.999791954,0.010507611,0.021198346,0.010197561,0.01062253,0.01062132,0.01031591,0.99988387,0.968806287,0.010507611
9079,0.000322259,0.999792055,0.010508317,0.999878926,0.011005023,0.010695276,0.010811709,0.03027688,0.999884072,0.969101607,0.010508317
9080,0.000321956,0.021190476,0.010508822,0.999886796,0.999269318,0.010696587,0.020194643,0.030276981,0.999890428,0.969208858,0.010508822
9081,0.000321552,0.021203492,0.010510032,0.99997074,0.999283141,0.010697092,0.011210446,0.030278797,0.021292078,0.969302287,0.010510032
9082,0.000321452,0.021213682,0.010513261,0.999980426,0.999470402,0.010698,0.999781461,0.010393398,0.021306001,0.969315201,0.010513261
9083,0.000321351,0.999870047,0.010521333,0.010508822,2.52E-06,0.010698605,0.000227417,0.010395416,0.021308322,0.969523751,0.010521333
9084,0.00032125,0.99987489,0.010525066,5.15E-06,0.999885888,0.010699513,0.9994702,0.010396727,0.021310542,0.969524054,0.010525066
9085,0.000321048,0.999877312,0.010596399,0.999179017,0.999994955,0.010700623,0.020403697,0.010398039,0.021313669,0.969714746,0.010596399
9086,0.000320947,0.99988165,0.010598416,0.999279509,5.15E-06,0.010701733,0.99998194,0.0104049,0.999970942,0.999380807,0.010598416
9087,0.000320846,0.99988387,0.01059882,0.99999889,0.968695201,0.010704054,0.021105321,0.010405909,0.999973061,0.999472622,0.01059882
9088,0.000320644,0.999883971,0.010601645,0.969221571,0.969608503,0.010704356,0.999176999,0.01041166,0.999984361,0.999569784,0.010601645
9089,0.000319938,0.999885888,0.010601948,0.999383632,0.999179017,0.010707787,0.999578864,0.989092239,0.999987489,0.999789937,0.010601948
9090,0.000319333,0.999890125,0.01060336,0.999676228,0.999279509,0.010710006,0.999690454,0.989094257,0.999990516,0.988979237,0.01060336
9091,0.000319232,0.999891639,0.010604571,0.999181741,0.999470503,0.010714042,0.999470503,0.010496916,0.999996973,0.989093854,0.010604571
9092,0.000318727,0.99989517,0.010609616,0.999875899,0.99999889,0.010715757,0.010610625,0.01049853,0.030470599,0.989187283,0.010609616
9093,0.000318526,0.021295609,0.010610322,0.02040178,1.17E-05,0.010716262,0.99948372,0.010501456,0.030472919,0.989196565,0.010610322
9094,0.00031792,0.021300351,0.010610625,0.999181842,1.96E-05,0.010717573,0.999382422,0.010505593,0.010103325,0.01070365,0.010610625
9095,0.000317819,0.021304589,0.010610827,0.999268108,2.11E-05,0.989382716,0.999585422,0.010507611,0.010202202,0.010917446,0.010610827
9096,0.000317517,0.021305194,0.01061123,0.999572609,0.968602983,0.989399364,0.021292582,0.010508822,0.0104049,0.989596311,0.01061123
9097,0.000317416,0.021306001,0.010614459,0.968710537,0.968607423,0.989399465,0.978990731,0.010513261,0.989091634,0.97868855,0.010614459
9098,0.000317315,0.021307111,0.010615064,0.999477868,0.968693991,0.989400373,0.030595305,0.010521333,0.989094257,0.000121982,0.010615064
9099,0.000317214,0.021310542,0.010615972,0.999373442,0.968996575,0.010797886,0.99936759,0.010525066,0.01050751,0.978795903,0.010615972
9100,0.000317012,0.021310945,0.010618696,0.99937435,0.969206436,0.01079839,0.999870148,0.010596399,0.989196363,0.000420934,0.010618696
9101,0.000316911,0.021311954,0.010619302,0.99938333,0.969307533,0.0107995,0.000316407,0.010598416,0.01062132,0.979106155,0.010619302
9102,0.00031681,0.02131821,0.010620412,0.999771069,0.969310964,0.010800408,0.999680667,0.01059882,0.989290195,0.979700527,0.010620412
9103,0.000316407,0.999975886,0.010620916,0.021295609,0.030487852,0.010801014,0.021003417,0.010601645,0.010700623,0.968809818,0.010620916
9104,0.000316205,0.999976088,0.01062132,0.999982142,0.969721506,0.01080172,0.999266695,0.010601948,0.010717977,0.968906778,0.01062132
9105,0.000316104,0.9999774,0.01062253,0.969005353,0.99887724,0.01080283,0.999984159,0.01060336,0.989383422,0.968914547,0.01062253
9106,0.000316003,0.999980426,0.010695276,0.969721506,0.999274464,0.010803839,0.999872771,0.010609616,0.010896662,0.969006967,0.010695276
9107,0.000315801,0.999982142,0.010696587,0.999285058,0.99927517,0.01080404,0.999574828,0.010610322,0.010900698,0.969012819,0.010696587
9108,0.0003156,0.999984159,0.010697092,0.999571095,0.999285058,0.010806462,0.999872872,0.010610827,0.010910283,0.96922147,0.010697092
9109,0.000315297,0.99998981,0.010698,0.999784993,0.999285966,0.010811305,0.999475245,0.01061123,0.010914521,0.969407924,0.010698
9110,0.000315196,0.999990314,0.010698605,0.999870148,0.020686203,0.010811709,0.020498337,0.010614459,0.011016122,0.969525265,0.010698605
9111,0.000315095,0.999995762,0.010699513,0.999879935,0.9994702,0.010812617,0.000614552,0.010615064,0.989702957,0.020484413,0.010699513
9112,0.000314994,0.999995964,0.010700623,0.999987489,0.99948372,0.010813525,0.000623329,0.010618696,0.011101479,0.999266897,0.010700623
9113,0.000314389,0.999996267,0.010701733,0.988879452,0.999484628,0.010815139,0.99988276,0.010619302,0.011102589,0.999571095,0.010701733
9114,0.000314187,0.99999889,0.010704054,0.010298456,0.999571095,0.010815643,0.979294223,0.010620916,0.011112275,0.999669165,0.010704054
9115,0.000314086,0.030470397,0.010704356,0.978800039,0.999677842,0.010817056,0.030491887,0.01062132,0.989899097,0.999775105,0.010704356
9116,0.000313784,0.030472818,0.010707787,0.969217333,0.021104716,0.010818166,3.93E-06,0.01062253,0.030272138,0.999883063,0.010707787
9117,0.000313582,0.030473121,0.010710006,0.969622528,0.021198346,0.010818973,0.000728563,0.010695276,3.03E-07,0.010301281,0.010710006
9118,0.000313279,0.030478872,0.010714042,0.0205055,0.999878926,0.989490674,0.021002913,0.010696587,5.04E-07,0.989882247,0.010714042
9119,0.000313178,0.030578556,0.010715757,0.999382321,0.999879935,0.010896662,0.999794275,0.010697092,1.92E-06,2.02E-07,0.010715757
9120,0.000313077,0.030579363,0.010716262,0.999486041,0.99997074,0.010897267,0.999383531,0.010698,2.12E-06,1.83E-05,0.010716262
9121,0.000312976,0.010193727,0.010717573,0.011217811,0.999987489,0.010897671,0.020595196,0.010698605,2.52E-06,0.000108361,0.010717573
9122,0.000312875,0.010202202,0.010717977,0.999276784,0.988879452,0.010899689,0.979601549,0.010699513,3.93E-06,0.000117038,0.010717977
9123,0.000312371,0.010209365,0.989381203,0.968808002,0.989094257,0.010900294,0.989593789,0.010700623,5.15E-06,0.978793683,0.989381203
9124,0.000311967,0.01031591,0.989381304,1.75E-05,0.010508822,0.010901303,0.999893051,0.010701733,6.86E-06,0.978889029,0.989381304
9125,0.000311362,0.010393902,0.989382716,0.968998694,0.010513261,0.010907155,0.999487958,0.010704054,9.08E-06,0.979707187,0.989382716
9126,0.00031116,0.01050751,0.989399364,0.969712324,0.010700623,0.010907861,0.999769354,0.010704356,1.16E-05,0.968802957,0.989399364
9127,0.000311059,0.010510032,0.989399465,0.020494704,0.030279604,0.010907962,0.999277491,0.010707787,1.17E-05,0.968810726,0.989399465
9128,0.000310958,0.01059882,0.989400373,0.999365269,0.999366581,0.010917446,0.030483311,0.010710006,0.97868855,0.969202098,0.989400373
9129,0.000310656,0.010601645,0.010797886,0.999382623,0.99966967,0.010917951,1.52E-05,0.010714042,0.000407616,0.998862711,0.010797886
9130,0.000310353,0.010603764,0.01079839,0.999471007,0.999679658,0.989585414,0.999972456,0.010715757,0.979090415,0.999181035,0.01079839
9131,0.000310151,0.989290195,0.0107995,0.999587037,0.999685409,0.989586928,0.989399364,0.010716262,0.0007215,0.959529494,0.0107995
9132,0.00031005,0.010710612,0.010800408,0.999670174,6.05E-06,0.989596513,0.030592682,0.010717573,0.000728159,0.02069942,0.010800408
9133,0.000309849,0.010717977,0.010801014,0.02110068,8.68E-06,0.010997658,0.999365976,0.989382716,0.000810591,0.999482711,0.010801014
9134,0.000309647,0.010721609,0.01080172,0.99976885,9.59E-06,0.010997961,0.999987792,0.989399364,0.000810691,0.999573113,0.01080172
9135,0.000309445,0.989381203,0.01080283,0.989399465,1.46E-05,0.010998162,0.999987489,0.989399465,0.000915925,0.999679658,0.01080283
9136,0.000309344,0.989381304,0.010803839,6.05E-06,1.92E-05,0.010998768,0.01059882,0.989400373,0.001017627,0.999770968,0.010803839
9137,0.000309243,0.989399364,0.01080404,1.46E-05,0.000321956,0.010999171,0.999283544,0.010797886,0.001112468,0.988879452,0.01080404
9138,0.000308941,0.989399465,0.010806462,1.92E-05,0.979090415,0.010999474,0.999388879,0.01079839,0.001124576,0.989590459,0.010806462
9139,0.000308234,0.010897671,0.010811305,2.11E-05,0.000706871,0.010999878,0.969217333,0.0107995,0.968704585,0.000119964,0.010811305
9140,0.00030773,0.010900698,0.010811709,0.000706871,0.979511349,0.01100008,0.020891323,0.010800408,0.968796702,0.978783896,0.010811709
9141,0.000307528,0.010917446,0.010812617,0.979511349,0.000917741,0.011000281,0.030470397,0.010801014,0.968799022,0.978802965,0.010812617
9142,0.000307225,0.011018846,0.010813525,0.000917741,0.968708721,0.011000584,0.030483513,0.01080172,0.968895175,0.979816759,0.010813525
9143,0.00030662,0.011023285,0.010815139,0.968602983,0.968709831,0.011000887,0.020189093,0.01080283,0.968909603,0.968699439,0.010815139
9144,0.000306418,0.011023588,0.010815643,0.968607423,0.968807598,0.011000988,0.999786809,0.010803839,0.969100598,0.968704585,0.010815643
9145,0.000305813,0.989703966,0.010817056,0.968693991,0.968809818,0.011001088,0.9595301,0.01080404,0.969202098,0.968895175,0.010817056
9146,0.000305611,0.989704067,0.010818166,0.968709831,0.968895175,0.011001593,0.9995829,0.010806462,0.969203511,0.968898908,0.010818166
9147,0.000305409,0.011102589,0.010818973,0.968900725,0.968900725,0.011002097,0.030480285,0.010811305,0.969212087,0.96911664,0.010818973
9148,0.000305308,0.011106019,0.989490674,0.968996575,0.969001922,0.011002198,0.989585414,0.010811709,0.969219452,0.969206638,0.989490674
9149,0.000304905,0.011108945,0.010896662,0.969412868,0.969202098,0.0110024,0.999990415,0.010812617,0.969221571,0.969307533,0.010896662
9150,0.000304501,0.011113687,0.010897267,0.030487852,0.969221974,0.011002501,0.020400569,0.010813525,0.969312074,0.969525164,0.010897267
9151,0.000304098,0.011116109,0.010897671,0.99887724,0.969412868,0.011003005,0.000810591,0.010815139,0.030378784,0.969717772,0.010897671
9152,0.000303997,0.011117925,0.010897974,0.959529494,0.020190607,0.011003308,0.999980225,0.010815643,0.969412969,0.999062887,0.010897974
9153,0.000303896,0.011120851,0.010899689,0.999268713,0.999176999,0.011003712,0.999383834,0.010817056,0.03058915,0.999183759,0.010899689
9154,0.000303694,0.011121759,0.010900294,0.999270226,0.959529494,0.011003914,0.99966967,0.010818166,0.969622528,0.999282132,0.010900294
9155,0.000303492,0.01121428,0.010901303,0.999285966,0.020608312,0.011004115,0.999280921,0.010818973,0.96962505,0.999282939,0.010901303
9156,0.000303089,0.01121549,0.010907155,0.999374854,0.999266897,0.011004418,0.999668661,0.989490674,0.020393002,0.999285159,0.010907155
9157,0.000302887,0.01122336,0.010907861,0.999377982,0.999268713,0.011004519,0.999274867,0.010896662,0.020483404,0.999466064,0.010907861
9158,0.000231958,0.011223461,0.010907962,0.999383834,0.999270226,0.01100462,0.999471613,0.010897267,0.020495612,0.999474236,0.010907962
9159,0.000231554,0.030272138,0.020486431,0.999386558,0.999272446,0.011004922,0.999587037,0.010897671,0.999179118,0.99967754,0.020486431
9160,0.000231453,3.03E-07,0.010910586,0.999471714,0.99927628,0.011005023,0.969721506,0.010899689,0.999179219,0.999688335,0.010910586
9161,0.000230848,5.04E-07,0.010917446,0.999478272,0.999374854,0.011005326,0.020807479,0.010900294,0.99918043,4.94E-06,0.010917446
9162,0.000230747,7.06E-07,0.010917951,0.999482812,0.999377982,0.011005427,0.999973061,0.010901303,0.999181035,0.97909768,0.010917951
9163,0.000230545,8.07E-07,0.989585414,0.999484628,0.999383834,0.011005931,0.999573819,0.010907155,0.99918275,0.97920029,0.989585414
9164,0.000230343,3.73E-06,0.989586928,0.999677842,0.999386558,0.011006234,0.999183961,0.010907861,0.999184667,0.979599431,0.989586928
9165,0.000230041,3.93E-06,0.989596513,0.999680667,0.999468485,0.011006335,0.999882356,0.010907962,0.99918497,0.968908292,0.989596513
9166,0.00022994,5.15E-06,0.010997658,0.021104716,0.999471714,0.011006436,0.999892446,0.010917446,0.02058551,0.969004747,0.010997658
9167,0.000229738,7.47E-06,0.010997961,0.999776215,0.999474942,0.011006537,0.001125988,0.010917951,0.9595301,0.969098277,0.010997961
9168,0.000229435,8.68E-06,0.010998162,0.999788322,0.999478272,0.011006739,0.969416803,0.989585414,0.020595196,0.969113209,0.010998162
9169,0.000229032,9.08E-06,0.010998768,0.999792055,0.999480996,0.011006839,0.020695586,0.989586928,0.020597819,0.969205125,0.010998768
9170,0.00022883,1.02E-05,0.010999171,0.999882356,0.999482812,0.01100694,0.999775509,0.989596513,0.020609018,0.969311065,0.010999171
9171,0.000228325,1.17E-05,0.010999474,0.999990314,0.999485637,0.011007142,0.020584703,0.010997658,0.999272648,0.969312074,0.010999474
9172,0.000228225,1.46E-05,0.010999878,0.030480285,0.999485738,0.011007445,0.999879935,0.010997961,0.999277793,0.96951457,0.010999878
9173,0.000227417,1.52E-05,0.01100008,0.010614459,0.99957271,0.011007546,0.999388374,0.010998162,0.999277894,0.969611429,0.01100008
9174,0.000227014,1.55E-05,0.011000281,0.010700623,0.999587541,0.011007647,0.999282838,0.010998768,0.999281325,0.969624545,0.011000281
9175,0.000226812,1.62E-05,0.011000584,0.989383422,0.999588046,0.011007848,0.999389787,0.010999171,0.999283242,0.020296244,0.011000584
9176,0.000226711,0.000706871,0.011000887,0.989585414,0.999672999,0.01100805,0.011002198,0.010999474,0.999285966,0.999478474,0.011000887
9177,0.000226408,0.000728159,0.011000988,0.011020057,0.999679154,0.011008252,0.999570288,0.010999878,0.020685598,0.99948705,0.011000988
9178,0.000225601,0.001016719,0.011001088,6.86E-06,0.999679557,0.011008353,0.999994148,0.01100008,0.020687414,0.999572104,0.011001088
9179,0.0002255,0.001124576,0.011001593,0.001112468,0.999680667,0.011008454,5.15E-06,0.011000281,0.020691752,0.021310945,0.011001593
9180,0.000225399,0.001128914,0.011002097,0.968799022,0.021105926,0.011008656,0.99999889,0.011000584,0.020702447,0.989277987,0.011002097
9181,0.000224895,0.969207647,0.011002198,0.968995969,0.999774802,0.011008756,0.969202098,0.011000887,0.999365169,0.989292819,0.011002198
9182,0.000223987,0.969217333,0.0110024,0.969203511,0.999775509,0.011008857,0.999471714,0.011000988,0.999371727,0.989383422,0.0110024
9183,0.000223886,0.030487852,0.011002501,0.030487246,0.999776215,0.011008958,0.999793165,0.011001088,0.999376872,0.989390384,0.011002501
9184,0.000223785,0.030492089,0.011003005,0.969703647,0.999788322,0.011009059,0.020699723,0.011001593,0.999378386,0.011124988,0.011003005
9185,0.000223684,0.030492795,0.011003308,0.020483404,0.999792055,0.011009362,0.999970942,0.011002097,0.999380807,1.48E-05,0.011003308
9186,0.000223382,0.030592682,0.011003712,0.999179219,0.999795284,0.011009463,1.41E-06,0.011002198,0.999388576,0.978788134,0.011003712
9187,0.00022318,0.030595809,0.011003914,0.999182347,0.999882356,0.011009765,0.999876504,0.0110024,0.999389383,0.978798122,0.011003914
9188,0.000222978,0.020189093,0.011004115,0.99927285,0.999980729,0.011009866,3.03E-07,0.011002501,0.02078508,0.97961285,0.011004115
9189,0.000222675,0.020290392,0.011004418,0.999283242,0.999983958,0.01101027,0.0209,0.011003005,0.999467779,0.968805581,0.011004418
9190,0.000222272,0.020296345,0.011004519,0.999367489,0.999990314,0.011010472,0.999772583,0.011003308,0.999469494,0.968899009,0.011004519
9191,0.000222171,0.020389774,0.01100462,0.999375157,0.999996267,0.011010774,0.020894047,0.011003712,0.999478474,0.968900725,0.01100462
9192,0.000221868,0.020393002,0.011004922,0.999375863,0.030480285,0.011010875,0.999482812,0.011003914,0.999482913,0.969008884,0.011004922
9193,0.000221666,0.020400065,0.011005023,0.999376872,0.010614459,0.011010976,0.010717977,0.011004115,0.999485637,0.969206436,0.011005023
9194,0.000221565,0.999069546,0.011005326,0.999475245,0.989381203,0.011011783,0.021095736,0.011004418,0.999486646,0.969218342,0.011005326
9195,0.000220859,0.030274459,0.011005427,0.999477162,0.989381304,0.011011884,0.999177302,0.011004519,0.999567362,0.96922036,0.011005427
9196,0.000220557,0.020482193,0.011005931,0.999575636,0.989383422,0.011012187,1.88E-05,0.01100462,0.999573113,0.969310964,0.011005931
9197,0.000220254,0.020495612,0.011006234,0.030378885,0.989585414,0.011012288,0.969313688,0.011004922,0.999576745,0.969411556,0.011006234
9198,0.000220153,0.999179017,0.011006335,0.99968208,0.011020057,0.011013297,0.999488462,0.011005023,0.999578864,0.969412969,0.011006335
9199,0.000220052,0.999179219,0.011006436,0.999688638,0.978800039,0.011013398,0.999995258,0.011005326,0.030372226,0.969422251,0.011006436
9200,0.00021985,0.999179723,0.011006537,0.999980023,0.969217333,0.011013499,0.999688638,0.011005427,0.020990603,0.96962505,0.011006537
9201,0.000219749,0.999180228,0.011006739,0.99999657,0.969622528,0.011013599,0.999875193,0.011005931,0.020995749,0.999280215,0.011006739
9202,0.000219447,0.999181136,0.011006839,0.999996973,0.0205055,0.0110137,0.99927628,0.011006234,0.021003417,0.020990603,0.011006839
9203,0.00021874,0.999181237,0.01100694,0.999997478,0.999382321,0.011013801,0.99957725,0.011006335,0.030378885,0.020995749,0.01100694
9204,0.000218135,0.999181943,0.011007142,0.010405909,0.999486041,0.011014003,0.030590563,0.011006436,0.99966967,0.999672596,0.011007142
9205,0.000217832,0.999183961,0.011007445,2.93E-06,0.999792863,0.011014507,0.000606278,0.011006537,0.999678952,0.999782168,0.011007445
9206,0.000217631,0.020585207,0.011007546,0.969221066,0.999980426,0.011014709,0.99999657,0.011006739,0.999685409,0.99987257,0.011007546
9207,0.000217429,0.02058551,0.011007647,0.969305515,0.011217811,0.01101481,0.999688335,0.011006839,0.999688638,0.999884072,0.011007647
9208,0.000216924,0.959529494,0.011007848,0.999388374,0.999482913,0.011014911,0.999482913,0.01100694,0.021090086,0.999986581,0.011007848
9209,0.000216622,0.020593682,0.01100805,0.999475749,0.010393398,0.011015012,0.999682988,0.011007142,0.021096241,0.999990516,0.01100805
9210,0.000216521,0.020605084,0.011008252,0.999578763,0.030482101,0.011015113,0.021206721,0.011007445,0.021100075,0.988790765,0.011008252
9211,0.00021642,0.020609018,0.011008353,0.999671688,0.969221571,0.011015416,0.99998537,0.011007546,0.999769354,0.010202202,0.011008353
9212,0.000216319,0.999268713,0.011008454,0.011018846,0.999383632,0.011015516,0.9993687,0.011007647,0.99977006,0.010410146,0.011008454
9213,0.000216117,0.999269318,0.011008656,8.68E-06,0.999470301,0.011015819,0.0205055,0.011007848,0.999771574,0.010701733,0.011008656
9214,0.000216016,0.999270226,0.011008756,9.59E-06,6.86E-06,0.011016021,0.020686809,0.01100805,0.999773793,0.98970447,0.011008756
9215,0.000215512,0.999272446,0.011008857,0.968708721,0.001112468,0.011016122,0.011217811,0.011008252,0.999776215,0.011215692,0.011008857
9216,0.000215411,0.999274464,0.011008958,0.968807598,0.968799022,0.011016223,0.999266291,0.011008353,0.999785598,7.47E-06,0.011008958
9217,0.00021531,0.999276179,0.011009059,0.968809818,0.968995969,0.011016424,0.999568371,0.011008454,0.999786809,0.979491675,0.011009059
9218,0.000214906,0.99927628,0.011009362,0.968895175,0.969203511,0.011016525,0.999572609,0.011008656,0.999789735,0.979511349,0.011009362
9219,0.000214705,0.999278802,0.011009463,0.969001922,0.030487246,0.011016727,0.010900294,0.011008756,0.999792257,0.979603366,0.011009463
9220,0.000214099,0.99927971,0.011009765,0.969221974,0.969703647,0.011016828,0.030472818,0.011008857,0.999792863,0.968696009,0.011009765
9221,0.000213998,0.999282838,0.011009866,0.999176999,0.020483404,0.011016929,0.999676228,0.011008958,0.999794174,0.968706603,0.011009866
9222,0.000213797,0.999283141,0.01101027,0.020608312,0.999179219,0.011017232,0.010316516,0.011009059,0.021191586,0.968802049,0.01101027
9223,0.000213696,0.999283242,0.011010472,0.999266897,0.999182347,0.011017635,0.020991915,0.011009362,0.99987257,0.968912832,0.011010472
9224,0.000213595,0.999284453,0.011010774,0.999272446,0.99927285,0.011017736,0.999890428,0.011009463,0.99987489,0.968996575,0.011010774
9225,0.000213494,0.999285058,0.011010875,0.99927628,0.999283242,0.011017837,0.020811313,0.011009765,0.999875193,0.969000611,0.011010875
9226,0.000213393,0.999285966,0.011010976,0.999468485,0.999367489,0.011017938,0.030492795,0.011009866,0.999880238,0.969017359,0.011010976
9227,0.000213292,0.020685598,0.011011783,0.999480996,0.999375157,0.011018543,0.999466366,0.01101027,0.99988165,0.969096663,0.011011783
9228,0.000213191,0.020686102,0.011011884,0.999485637,0.999375863,0.011018846,3.83E-06,0.011010472,0.999883769,0.96909979,0.011011884
9229,0.00021309,0.020691752,0.011012187,0.999485738,0.999376872,0.011019048,0.999487352,0.011010774,0.999885585,0.969208353,0.011012187
9230,0.000212788,0.99936537,0.011012288,0.99957271,0.999475245,0.01101925,0.030487246,0.011010875,0.999892143,0.969423159,0.011012288
9231,0.000212384,0.999365875,0.011013297,0.999587541,0.999477162,0.011019451,0.999685409,0.011010976,0.021292582,0.969608503,0.011013297
9232,0.000212081,0.99936759,0.011013398,0.999588046,0.999575636,0.011019653,0.020290392,0.011011783,0.021296416,0.020292006,0.011013398
9233,0.00021198,0.999370112,0.011013499,0.999679154,0.030378885,0.011019855,0.99947242,0.011011884,0.021304992,0.999185071,0.011013499
9234,0.00021188,0.999374854,0.011013599,0.999679557,0.99968208,0.011020057,0.999474942,0.011012187,0.021308625,0.999365471,0.011013599
9235,0.000211779,0.999378688,0.0110137,0.021105926,0.999688638,0.011020158,0.999672999,0.011012288,0.999977299,0.999370415,0.0110137
9236,0.000211375,0.999378789,0.011013801,0.999774802,0.999980023,0.011020864,0.989381203,0.011013297,0.999980426,0.999378991,0.011013801
9237,0.000211072,0.999380202,0.011014003,0.999775509,0.99999657,0.011021066,0.989381304,0.011013398,0.999983151,0.999784589,0.011014003
9238,0.000210366,0.999382422,0.011014507,0.999795284,0.999996973,0.011021469,0.989196363,0.011013499,0.999987792,0.021191586,0.011014507
9239,0.000210265,0.999383632,0.011014709,0.999980729,0.999997478,0.01102157,0.999771069,0.011013599,0.999990415,0.999875092,0.011014709
9240,0.000209862,0.999383733,0.01101481,0.999983958,0.010405909,0.011022478,0.999373946,0.0110137,0.999997478,0.999981435,0.01101481
9241,0.000209357,0.999386457,0.011014911,0.999996267,3.03E-07,0.01102268,0.999276179,0.011013801,0.99999889,0.989291204,0.011014911
9242,0.000209256,0.020795372,0.011015012,3.03E-07,8.07E-07,0.011023184,0.999771574,0.011014003,0.030482101,0.989695592,0.011015012
9243,0.000209155,0.020807479,0.011015113,8.07E-07,1.92E-06,0.011023285,0.010308545,0.011014507,0.030573512,0.011223461,0.011015113
9244,0.000208651,0.020809497,0.011015416,1.92E-06,3.73E-06,0.011023487,0.02098798,0.011014709,0.030576135,0.989900409,0.011015416
9245,0.00020855,0.999466871,0.011015516,3.73E-06,3.93E-06,0.011023588,0.011204997,0.01101481,0.030580372,1.41E-05,0.011015516
9246,0.000208449,0.999467577,0.011015819,3.93E-06,9.08E-06,0.011023992,0.030472314,0.011014911,0.010197561,0.978792674,0.011015819
9247,0.000208146,0.999470907,0.011016021,9.08E-06,1.02E-05,0.011024193,0.999485839,0.011015012,0.010209365,0.000213494,0.011016021
9248,0.000207844,0.999472824,0.011016122,1.02E-05,1.16E-05,0.011024496,0.999179017,0.011015113,0.988883689,0.978984879,0.011016122
9249,0.000207642,0.999476355,0.011016223,1.16E-05,1.54E-05,0.011024597,0.010393902,0.011015416,0.010393398,0.979205738,0.011016223
9250,0.00020744,0.999476557,0.011016424,1.54E-05,1.55E-05,0.011024799,0.030283741,0.011015516,0.010405909,0.979610327,0.011016424
9251,0.000207339,0.999479785,0.011016525,1.55E-05,0.978687743,0.0110249,0.000716052,0.011015819,0.010410146,0.96869732,0.011016525
9252,0.000207238,0.999480996,0.011016727,0.978687743,0.979186972,0.011025001,0.999677842,0.011016021,0.010510032,0.968700044,0.011016727
9253,0.000207137,0.999482308,0.011016828,0.979186972,0.000610718,0.011025101,0.999373442,0.011016122,0.010513261,0.968700751,0.011016828
9254,0.000206936,0.999484023,0.011016929,0.000610718,0.979610327,0.011025404,0.999670073,0.011016223,0.989189906,0.968796702,0.011016929
9255,0.000206835,0.999485637,0.011017232,0.979610327,0.001017627,0.011025606,0.01109936,0.011016424,0.010604571,0.968799022,0.011017232
9256,0.000206734,0.999485738,0.011017635,0.001017627,0.979708801,0.011025707,0.011117925,0.011016525,0.010609616,0.968802655,0.011017635
9257,0.000206431,0.999485839,0.011017736,0.979708801,0.968594407,0.011025808,0.010813525,0.011016727,0.010699513,0.96880669,0.011017736
9258,0.000206229,0.999486041,0.011017837,0.968594407,0.968595921,0.01102601,0.020806268,0.011016828,0.010701733,0.969005857,0.011017837
9259,0.000205927,0.020907466,0.011017938,0.968595921,0.968597838,0.011026312,0.99927285,0.011016929,0.01070365,0.969202502,0.011017938
9260,0.000205826,0.99956716,0.011018543,0.968597838,0.968601873,0.011026413,0.030577648,0.011017232,0.01080172,0.969204519,0.011018543
9261,0.000205523,0.999568371,0.011018846,0.968601873,0.968608936,0.011026817,0.01050751,0.011017635,0.010900294,0.969303094,0.011018846
9262,0.000205422,0.999572609,0.011019048,0.968608936,0.968697926,0.011027018,0.999375157,0.011017736,0.010916841,0.969306323,0.011019048
9263,0.00020522,0.99957271,0.01101925,0.968697926,0.968701255,0.011027523,0.999377175,0.011017837,0.011005326,0.999367489,0.01101925
9264,0.000205019,0.999574727,0.011019451,0.968701255,0.968704585,0.011027624,0.999679154,0.011017938,0.011015516,0.999382321,0.011019451
9265,0.000204918,0.999575636,0.011019653,0.968704585,0.968796702,0.011027826,0.999389383,0.011018543,0.011019653,0.999482308,0.011019653
9266,0.000204817,0.999579167,0.011019855,0.968796702,0.968899917,0.98968187,0.999277894,0.011018846,0.011101176,0.999486041,0.011019855
9267,0.000204312,0.9995829,0.011020057,0.968899917,0.968909603,0.989685199,0.999485738,0.011019048,0.011104708,0.030372226,0.011020057
9268,0.000204212,0.999586532,0.011020158,0.968909603,0.968910108,0.98968752,0.011109853,0.01101925,0.011109853,0.999890932,0.011020158
9269,0.000204111,0.999587541,0.011020864,0.968910108,0.968914547,0.011098553,0.99918497,0.011019451,0.011112577,0.999994451,0.011020864
9270,0.000203707,0.020990603,0.011021066,0.968914547,0.968998895,0.011099158,0.999794174,0.011019653,0.011115201,0.989294534,0.011021066
9271,0.000203505,0.020995749,0.011021469,0.968998895,0.969012819,0.01109936,0.021188257,0.011019855,0.011210345,0.989387458,0.011021469
9272,0.000203404,0.020998776,0.01102157,0.969012819,0.969013122,0.011099562,0.999269318,0.011020057,0.011212262,0.000108059,0.01102157
9273,0.000202395,0.021005839,0.011022478,0.969013122,0.969013424,0.011099663,0.011113687,0.011020158,8.07E-07,0.000111489,0.011022478
9274,0.000202295,0.999669165,0.01102268,0.969013424,0.969204519,0.011099865,0.999272446,0.011020864,3.73E-06,0.979090415,0.01102268
9275,0.000202194,0.999671183,0.011023184,0.969204519,0.969207445,0.011100066,0.999284654,0.011021066,3.83E-06,0.979101312,0.011023184
9276,0.000126623,0.99967199,0.011023285,0.969207445,0.969211885,0.011100874,0.021304992,0.011021469,4.94E-06,0.979301891,0.011023285
9277,0.000126522,0.999673302,0.011023487,0.969211885,0.969213096,0.011101075,0.99987489,0.01102157,8.78E-06,0.968695201,0.011023487
9278,0.000126018,0.999676228,0.011023588,0.969213096,0.969215214,0.011101176,0.021301562,0.011022478,0.978682396,0.968703273,0.011023588
9279,0.000125917,0.99967754,0.011023992,0.969215214,0.030282631,0.011101479,0.999284453,0.01102268,0.978800039,0.968704181,0.011023992
9280,0.000125513,0.999677842,0.011024193,0.030282631,0.030288483,0.011101883,0.99958401,0.011023184,0.979186972,0.968705089,0.011024193
9281,0.000125413,0.999679154,0.011024496,0.030288483,0.030288988,0.011102084,0.999996267,0.011023285,0.000610718,0.968709831,0.011024496
9282,0.000125211,0.999679557,0.011024597,0.030288988,0.030290501,0.011102488,1.97E-05,0.011023487,0.979293113,0.96879993,0.011024597
9283,0.000124706,0.999680667,0.011024799,0.030290501,0.969312074,0.011102589,0.010601645,0.011023588,0.979610327,0.968807598,0.011024799
9284,0.000124504,0.999686923,0.0110249,0.969312074,0.969313688,0.011102791,0.01080172,0.011023992,0.001016719,0.968907787,0.0110249
9285,0.000124,0.999688638,0.011025001,0.969313688,0.030378784,0.011102992,0.999283242,0.011024193,0.001125988,0.968998996,0.011025001
9286,0.000123798,0.999690454,0.011025101,0.030378784,0.969412969,0.011103194,8.07E-07,0.011024496,0.968701255,0.969213903,0.011025101
9287,0.000123596,0.0210917,0.011025404,0.969412969,0.969416803,0.011103295,0.030482101,0.011024597,0.968910108,0.969721909,0.011025404
9288,0.000123294,0.021094122,0.011025606,0.969416803,0.969422251,0.011103396,0.021117933,0.011024799,0.968914547,0.999184768,0.011025606
9289,0.000123193,0.021096947,0.011025707,0.969422251,0.969423159,0.0111038,0.000810691,0.0110249,0.968998895,0.999269217,0.011025707
9290,0.00012289,0.021098057,0.011025808,0.969423159,0.96951457,0.0111039,0.020483404,0.011025001,0.969012819,0.999287479,0.011025808
9291,0.000122789,0.021098359,0.01102601,0.96951457,0.96952476,0.011104102,0.99989517,0.011025101,0.969013424,0.999675925,0.01102601
9292,0.000122587,0.021102193,0.011026312,0.96952476,0.969525164,0.011104405,0.999980023,0.011025404,0.969204519,0.999883971,0.011026312
9293,0.000122083,0.021104716,0.011026413,0.969525164,0.96962505,0.011104506,0.999787515,0.011025606,0.969211885,0.021308322,0.011026413
9294,0.000121982,0.021105926,0.011026817,0.96962505,0.958719307,0.011104607,0.030288988,0.011025707,0.969213096,0.999997175,0.011026817
9295,0.000121881,0.021117933,0.011027018,0.958719307,0.95872526,0.011104708,0.999470301,0.011025808,0.969217333,0.010392591,0.011027018
9296,0.000121175,0.999769354,0.011027523,0.95872526,0.020198578,0.011104809,0.020494704,0.01102601,0.030288483,0.010896662,0.011027523
9297,0.000120872,0.999774802,0.011027624,0.020198578,0.020296345,0.01110501,0.021099166,0.011026312,0.030288988,0.98979568,0.011027624
9298,0.000120771,0.999777526,0.011027826,0.020296345,0.020393002,0.011105212,4.74E-06,0.011026413,0.030290501,8.78E-06,0.011027826
9299,0.000120368,0.999780654,0.98968187,0.020393002,0.020484413,0.011105313,0.02040178,0.011026817,0.969422251,0.979088296,0.98968187
9300,0.000120166,0.999782773,0.989685199,0.020484413,0.999177302,0.011105414,0.969215214,0.011027018,0.969423159,0.001016719,0.989685199
9301,0.000120065,0.999784993,0.98968752,0.999177302,0.99918043,0.011106019,0.999376166,0.011027523,0.030490979,0.001118724,0.98968752
9302,0.000119964,0.999787515,0.989696197,0.99918043,0.999181943,0.01110612,0.011019653,0.011027624,0.96951457,0.968700145,0.989696197
9303,0.000119863,0.999788322,0.989703966,0.999181943,0.99918275,0.011106221,0.999184667,0.011027826,0.96952476,0.968706703,0.989703966
9304,0.000119762,0.999790946,0.989704067,0.99918275,0.999183961,0.011106322,0.010699513,0.98968187,0.958719307,0.968812643,0.989704067
9305,0.000119661,0.999792863,0.989704874,0.999183961,0.99918497,0.011106625,0.999472824,0.989685199,0.020190607,0.969013122,0.989704874
9306,0.000119561,0.999794174,0.011098553,0.99918497,0.9595301,0.011106927,0.020190607,0.98968752,0.020290392,0.969107862,0.011098553
9307,0.000119359,0.021188257,0.011099158,0.9595301,0.020597819,0.011107129,0.020998776,0.011098553,0.020292006,0.969203511,0.011099158
9308,0.000119258,0.021194109,0.01109936,0.020597819,0.999266695,0.011107331,0.030378885,0.011099158,0.020296244,0.969207445,0.01109936
9309,0.000118451,0.021198346,0.011099562,0.999266695,0.999274363,0.011107533,6.05E-06,0.01109936,0.020296345,0.958719307,0.011099562
9310,0.00011835,0.999870148,0.011099663,0.999274363,0.999276179,0.011107634,1.92E-05,0.011099562,0.020483202,0.999582194,0.011099663
9311,0.000118148,0.999872065,0.011099865,0.999276179,0.999277793,0.011107734,0.010298456,0.011099663,0.020484413,0.999883769,0.011099865
9312,0.000118047,0.999874991,0.011100066,0.999277793,0.999277894,0.011107835,0.969211885,0.011099865,0.0205055,0.989884164,0.011100066
9313,0.000117946,0.999875193,0.011100874,0.999277894,0.999281426,0.011108037,0.020609018,0.011100066,0.999183961,0.938428613,0.011100874
9314,0.000117644,0.999876504,0.011101075,0.999281426,0.999283544,0.011108138,0.999270226,0.011100874,0.020585207,0.938525976,0.011101075
9315,0.000117341,0.999877413,0.011101176,0.999283544,0.999284453,0.011108239,0.020597819,0.011101075,0.020605084,0.978687743,0.011101176
9316,0.000117038,0.999879935,0.011101479,0.999284453,0.999284654,0.011108542,0.999671183,0.011101176,0.999266291,0.979186972,0.011101479
9317,0.000116937,0.999880439,0.011101883,0.999284654,0.020687414,0.011108643,0.011005023,0.011101479,0.999269318,0.979189999,0.011101883
9318,0.000116836,0.999882356,0.011102084,0.020687414,0.999367691,0.011108844,6.86E-06,0.011101883,0.999274363,0.979708801,0.011102084
9319,0.000116736,0.999882962,0.011102488,0.999367691,0.9993687,0.011108945,0.020809497,0.011102084,0.999276179,0.968602983,0.011102488
9320,0.000116534,0.999883769,0.011102589,0.9993687,0.999371727,0.011109046,0.021105926,0.011102488,0.999282838,0.968704887,0.011102589
9321,0.000116332,0.999884072,0.011102791,0.999371727,0.999373745,0.011109147,0.999374854,0.011102589,0.999283948,0.968802856,0.011102791
9322,0.00011613,0.99989174,0.011102992,0.999373745,0.999376166,0.011109349,0.030576135,0.011102791,0.999284453,0.968899917,0.011102992
9323,0.000115827,0.99989295,0.011103194,0.999376166,0.999377175,0.011109651,0.98968298,0.011102992,0.999285159,0.968910108,0.011103194
9324,0.000115626,0.999893858,0.011103295,0.999377175,0.999378386,0.011109853,0.999383632,0.011103194,0.020699723,0.968998895,0.011103295
9325,0.000115424,0.021290968,0.011103396,0.999378386,0.999378487,0.011110358,0.010609616,0.011103295,0.999365774,0.969005353,0.011103396
9326,0.000115222,0.021292078,0.0111038,0.999378487,0.999380807,0.01111066,9.59E-06,0.011103396,0.999366581,0.969100194,0.0111038
9327,0.00011502,0.021296416,0.0111039,0.999380807,0.999382422,0.011110761,0.001112468,0.0111038,0.999367186,0.969208454,0.0111039
9328,0.000114919,0.021303681,0.011104102,0.999382422,0.999389383,0.011111165,0.999689042,0.0111039,0.999367691,0.969221571,0.011104102
9329,0.000114112,0.021308625,0.011104405,0.999389383,0.020809497,0.011111266,0.011115201,0.011104102,0.999375863,0.969310056,0.011104405
9330,0.00011391,0.021313669,0.011104506,0.020809497,0.999467779,0.011111367,0.999773793,0.011104405,0.999376166,0.96950448,0.011104506
9331,0.000113709,0.021314073,0.011104607,0.999467779,0.999471613,0.011111468,0.999378487,0.011104506,0.999377175,0.020585207,0.011104607
9332,0.000113507,0.999971043,0.011104708,0.999471613,0.99947242,0.011111669,0.030487852,0.011104607,0.999378991,0.020993227,0.011104708
9333,0.000113406,0.999973061,0.011104809,0.99947242,0.999472521,0.011111871,0.000808472,0.011104708,0.999382422,0.999793367,0.011104809
9334,0.000113002,0.999973868,0.01110501,0.999472521,0.999478171,0.011111972,0.999484023,0.011104809,0.999389787,0.999991928,0.01110501
9335,0.000112801,0.999975079,0.011105212,0.999478171,0.999482308,0.011112073,0.000610718,0.01110501,0.020809497,0.989186173,0.011105212
9336,0.0001127,0.999981738,0.011105313,0.999482308,0.999485839,0.011112275,0.928443234,0.011105212,0.999466064,0.989189906,0.011105313
9337,0.000112599,0.999983151,0.011105414,0.999485839,0.020901715,0.011112577,0.999281426,0.011105313,0.999470907,0.98928848,0.011105414
9338,0.000112498,0.999983958,0.011106019,0.020901715,0.999568371,0.011113082,0.00041145,0.011105414,0.99947242,0.989685805,0.011106019
9339,0.000111993,0.99998537,0.01110612,0.999568371,0.99957725,0.011113385,0.999375863,0.011106019,0.999475245,0.011101479,0.01110612
9340,0.000111489,0.999987792,0.011106221,0.99957725,0.999583808,0.011113486,0.021102193,0.01110612,0.999476355,0.978682396,0.011106221
9341,0.000111085,0.999990415,0.011106322,0.999583808,0.021003922,0.011113586,0.010393398,0.011106221,0.999487352,0.979089003,0.011106322
9342,0.000110884,0.999990516,0.011106625,0.021003922,0.021005839,0.011113687,0.000321956,0.011106322,0.999568371,0.979092635,0.011106625
9343,0.000110682,0.030472011,0.011106927,0.021005839,0.99966856,0.011114091,0.011005326,0.011106625,0.999575636,0.9797989,0.011106927
9344,0.000110278,0.030472314,0.011107129,0.99966856,0.999668661,0.011114797,0.989704067,0.011106927,0.999578662,0.968601873,0.011107129
9345,0.000109976,0.030472919,0.011107331,0.999668661,0.999671183,0.011114999,0.021201272,0.011107129,0.020993227,0.968607423,0.011107331
9346,0.000109875,0.030474735,0.011107533,0.999671183,0.999678952,0.0111151,7.06E-07,0.011107331,0.021003014,0.968698127,0.011107533
9347,0.000109572,0.030478065,0.011107634,0.999678952,0.999682988,0.011115201,9.48E-06,0.011107533,0.021003922,0.968701255,0.011107634
9348,0.000109471,0.030478771,0.011107734,0.999682988,0.999688335,0.011116109,1.13E-05,0.011107634,0.021005839,0.968801747,0.011107734
9349,0.000109269,0.030480285,0.011107835,0.999688335,0.999771574,0.011116311,1.15E-05,0.011107734,0.999679658,0.968909603,0.011107835
9350,0.000108967,0.030486439,0.011108037,0.999771574,0.999773087,0.011116411,1.19E-05,0.011107835,0.999687427,0.999470099,0.011108037
9351,0.000108361,0.010311572,0.011108138,0.999773087,0.999773793,0.011116512,1.60E-05,0.011108037,0.02108716,0.999571701,0.011108138
9352,0.000108159,0.010316516,0.011108239,0.999773793,0.999787515,0.011116613,1.62E-05,0.011108138,0.999787515,0.999792863,0.011108239
9353,0.000108059,0.010508822,0.011108542,0.999787515,0.999792257,0.011116714,1.82E-05,0.011108239,0.999791954,0.999998285,0.011108542
9354,0.000107554,0.010513261,0.011108643,0.999792257,0.999794174,0.011116815,0.000412762,0.011108542,0.999793165,0.989091634,0.011108643
9355,0.000107453,0.010604571,0.011108844,0.999794174,0.999794275,0.011117017,0.979107971,0.011108643,0.021196732,0.010703953,0.011108844
9356,0.000106545,0.010614459,0.011108945,0.999794275,0.021201272,0.011117219,0.97910898,0.011108844,0.999870753,0.989702352,0.011108945
9357,0.000106242,0.010700623,0.011109046,0.021201272,0.999870753,0.01111742,0.000605572,0.011108945,0.999876504,0.989804558,0.011109046
9358,0.000106041,0.01079839,0.011109147,0.999870753,0.99987257,0.011117521,0.979303405,0.011109046,0.999882962,0.979293113,0.011109147
9359,0.000105435,0.01080283,0.011109349,0.99987257,0.999880238,0.011117622,0.979304716,0.011109147,0.999883971,0.968597838,0.011109349
9360,0.000105234,0.010907962,0.011109651,0.999880238,0.999880439,0.011117723,0.001036495,0.011109349,0.999885888,0.968608936,0.011109651
9361,0.000105133,0.989585414,0.011109853,0.999880439,0.999883769,0.011117925,0.979817263,0.011109651,0.99988841,0.968693991,0.011109853
9362,0.000105032,0.011016122,0.011110358,0.999883769,0.999884072,0.011118026,0.979817465,0.011109853,0.99989174,0.96869954,0.011110358
9363,0.00010483,0.011020057,0.01111066,0.999884072,0.99988841,0.011118328,0.968592389,0.011110358,0.999892446,0.968803664,0.01111066
9364,0.000104729,0.011102084,0.011110761,0.99988841,0.99989174,0.011118429,0.968592793,0.01111066,0.021301562,0.969001014,0.011110761
9365,0.000104527,0.011117017,0.011111165,0.99989174,0.999892446,0.011118631,0.968593499,0.011110761,0.021313871,0.969100598,0.011111165
9366,0.000104225,0.011212262,0.011111266,0.999892446,0.021292582,0.011119237,0.968595013,0.011111165,0.999980023,0.96931621,0.011111266
9367,0.000103922,0.011217508,0.011111367,0.021292582,0.021304992,0.011119337,0.968595719,0.011111266,0.999981435,0.969617584,0.011111367
9368,0.000103821,0.01122447,0.011111468,0.021304992,0.999984361,0.011119438,0.96859582,0.011111367,0.999981738,0.999063089,0.011111468
9369,0.00010372,0.010298456,0.011111669,0.999984361,0.999987792,0.011119741,0.968599856,0.011111468,0.999982545,0.9992673,0.011111669
9370,0.000103619,1.41E-06,0.011111871,0.999987792,0.999990415,0.011120044,0.968599956,0.011111669,0.999993442,0.999378386,0.011111871
9371,0.000103317,1.92E-06,0.011111972,0.999990415,0.999990516,0.011120245,0.968600663,0.011111871,0.99999657,0.02100604,0.011111972
9372,0.000103115,2.52E-06,0.011112073,0.999990516,0.999993442,0.011120346,0.96860369,0.011111972,0.03047635,0.989391696,0.011112073
9373,0.000102913,6.86E-06,0.011112275,0.999993442,0.010202202,0.01112075,0.968606515,0.011112073,0.030575429,7.06E-07,0.011112275
9374,0.000102408,9.48E-06,0.011112577,0.010202202,0.010316516,0.011120851,0.968607221,0.011112275,0.030577648,9.48E-06,0.011112577
9375,0.000101904,1.15E-05,0.011113082,0.010316516,0.989196363,0.011121053,0.968609037,0.011112577,0.010316516,1.13E-05,0.011113082
9376,0.000101601,1.16E-05,0.011113385,0.989196363,0.010699513,0.011121254,0.968694394,0.011113082,0.989481593,1.15E-05,0.011113385
9377,0.0001015,1.19E-05,0.011113486,0.010699513,0.010701733,0.011121355,0.968694596,0.011113385,0.010901303,1.19E-05,0.011113486
9378,2.23E-05,1.54E-05,0.011113586,0.010701733,0.010717977,0.011121456,0.968696109,0.011113486,0.010911191,1.60E-05,0.011113586
9379,2.22E-05,1.82E-05,0.011113687,0.010717977,0.01080172,0.011121557,0.968700347,0.011113586,0.011005023,1.62E-05,0.011113687
9380,2.20E-05,0.000412762,0.011114091,0.01080172,0.989481593,0.011121658,0.96870176,0.011113687,0.989702352,1.82E-05,0.011114091
9381,2.19E-05,0.000605572,0.011114797,0.989481593,0.010896662,0.011121759,0.968702769,0.011114091,0.989704067,0.000412762,0.011114797
9382,2.18E-05,0.0007215,0.011114999,0.010896662,0.010900294,0.011122062,0.968707107,0.011114797,0.01109936,0.979107971,0.011114999
9383,2.17E-05,0.001017627,0.0111151,0.010900294,0.011019653,0.011122162,0.968794079,0.011114999,0.011123777,0.97910898,0.0111151
9384,2.16E-05,0.001036495,0.011115201,0.011019653,0.989704067,0.011122364,0.96879428,0.0111151,0.011200356,0.000605572,0.011115201
9385,2.15E-05,0.001112468,0.011116109,0.989704067,0.011104708,0.011123272,0.968798114,0.011115201,0.011215692,0.979303405,0.011116109
9386,2.14E-05,0.001125988,0.011116311,0.011104708,0.011109853,0.011123474,0.968799224,0.011116109,0.011217811,0.979304716,0.011116311
9387,2.13E-05,0.928443234,0.011116411,0.011109853,0.011215692,0.011123777,0.968808204,0.011116311,0.989905958,0.001024791,0.011116411
9388,2.12E-05,0.969207849,0.011116512,0.011215692,0.989905958,0.011124382,0.968897395,0.011116411,0.030369704,0.001036495,0.011116512
9389,2.11E-05,0.030282631,0.011116613,0.989905958,0.938428613,0.011124584,0.968899211,0.011116512,0.030279604,0.979817263,0.011116613
9390,2.10E-05,0.030284548,0.011116714,0.938428613,0.938525976,0.011124685,0.968997886,0.011116613,0.938428613,0.979817465,0.011116714
9391,2.09E-05,0.030287979,0.011116815,0.938525976,7.06E-07,0.011124988,0.969004546,0.011116714,0.938525976,0.968592389,0.011116815
9392,2.08E-05,0.030288483,0.011117017,7.06E-07,9.48E-06,0.011125088,0.969011709,0.011116815,7.06E-07,0.968592793,0.011117017
9393,2.07E-05,0.030288988,0.011117219,9.48E-06,1.13E-05,0.011125189,0.9691009,0.011117017,9.48E-06,0.968593499,0.011117219
9394,2.06E-05,0.030290501,0.01111742,1.13E-05,1.15E-05,0.011126198,0.969114824,0.011117219,1.13E-05,0.968595013,0.01111742
9395,2.05E-05,0.030378784,0.011117521,1.15E-05,1.19E-05,0.0111264,0.969202401,0.01111742,1.15E-05,0.968595719,0.011117521
9396,2.04E-05,0.969409336,0.011117622,1.19E-05,1.60E-05,0.011126501,0.969203107,0.011117521,1.19E-05,0.96859582,0.011117622
9397,2.03E-05,0.969413675,0.011117723,1.60E-05,1.62E-05,0.011127005,0.969207647,0.011117622,1.60E-05,0.968595921,0.011117723
9398,2.02E-05,0.969414179,0.011117925,1.62E-05,1.82E-05,0.011127611,0.969207849,0.011117723,1.62E-05,0.968599856,0.011117925
9399,2.01E-05,0.969423159,0.011118026,1.82E-05,0.000412762,0.989789424,0.969208555,0.011117925,1.82E-05,0.968599956,0.011118026
9400,2.00E-05,0.969423462,0.011118328,0.000412762,0.979107971,0.011199448,0.969210472,0.011118026,0.000412762,0.968600663,0.011118328
9401,1.99E-05,0.030487246,0.011118429,0.979107971,0.97910898,0.011199852,0.969213701,0.011118328,0.979107971,0.96860369,0.011118429
9402,1.98E-05,0.030490979,0.011118631,0.97910898,0.000605572,0.011200053,0.030287979,0.011118429,0.97910898,0.968606515,0.011118631
9403,1.97E-05,0.969517597,0.011119237,0.000605572,0.979303405,0.011200154,0.969315908,0.011118631,0.000605572,0.968607221,0.011119237
9404,1.96E-05,0.969521229,0.011119337,0.979303405,0.979304716,0.011200356,0.969317825,0.011119237,0.979303405,0.968609037,0.011119337
9405,1.95E-05,0.03058915,0.011119438,0.979304716,0.001036495,0.011200558,0.969409336,0.011119337,0.979304716,0.968694394,0.011119438
9406,1.94E-05,0.958719307,0.011119741,0.001036495,0.979817263,0.011201163,0.969413372,0.011119438,0.001036495,0.968694596,0.011119741
9407,1.93E-05,0.95872526,0.011120044,0.979817263,0.979817465,0.011201264,0.969413675,0.011119741,0.979817263,0.968696109,0.011120044
9408,1.92E-05,0.020180921,0.011120245,0.979817465,0.968592389,0.011201567,0.969414179,0.011120044,0.979817465,0.968700347,0.011120245
9409,1.91E-05,0.020198578,0.011120346,0.968592389,0.968592793,0.01120197,0.969416903,0.011120245,0.968592389,0.96870176,0.011120346
9410,1.90E-05,0.020199788,0.01112075,0.968592793,0.968593499,0.011202071,0.969422453,0.011120346,0.968592793,0.968702769,0.01112075
9411,1.89E-05,0.020200797,0.011120851,0.968593499,0.968595013,0.011202273,0.969422755,0.01112075,0.968593499,0.968707107,0.011120851
9412,1.88E-05,0.020384426,0.011121053,0.968595013,0.968595719,0.011202778,0.969423462,0.011120851,0.968595013,0.968794079,0.011121053
9413,1.87E-05,0.020403899,0.011121254,0.968595719,0.96859582,0.011202979,0.96951235,0.011121053,0.968595719,0.96879428,0.011121254
9414,1.86E-05,0.020483202,0.011121355,0.96859582,0.968599856,0.01120308,0.969517597,0.011121254,0.96859582,0.968798114,0.011121355
9415,1.85E-05,0.020483404,0.011121456,0.968599856,0.968599956,0.011203282,0.969519615,0.011121355,0.968599856,0.968799224,0.011121456
9416,1.84E-05,0.020484413,0.011121557,0.968599956,0.968600663,0.011203585,0.969521229,0.011121456,0.968599956,0.968808204,0.011121557
9417,1.83E-05,0.020495209,0.011121658,0.968600663,0.96860369,0.011203787,0.969523348,0.011121557,0.968600663,0.968897395,0.011121658
9418,1.82E-05,0.99918043,0.011121759,0.96860369,0.968606515,0.011203988,0.969603458,0.011121658,0.96860369,0.968899211,0.011121759
9419,1.81E-05,0.999184667,0.011122062,0.968606515,0.968607221,0.011204089,0.020180921,0.011121759,0.968606515,0.968914749,0.011122062
9420,1.80E-05,0.99918497,0.011122162,0.968607221,0.968609037,0.011204291,0.020199788,0.011122062,0.968607221,0.968997886,0.011122162
9421,1.79E-05,0.9595301,0.011122364,0.968609037,0.968694394,0.011204392,0.020200797,0.011122162,0.968609037,0.969004546,0.011122364
9422,1.78E-05,0.020595196,0.011123272,0.968694394,0.968694596,0.011204997,0.020384426,0.011122364,0.968694394,0.969011709,0.011123272
9423,1.77E-05,0.020599534,0.011123474,0.968694596,0.968696109,0.011205098,0.020403899,0.011123272,0.968694596,0.969013424,0.011123474
9424,1.76E-05,0.020609523,0.011123777,0.968696109,0.968700347,0.011205199,0.020405715,0.011123474,0.968696109,0.9691009,0.011123777
9425,1.75E-05,0.999265484,0.011124382,0.968700347,0.96870176,0.011205603,0.999088111,0.011123777,0.968700347,0.969114824,0.011124382
9426,1.74E-05,0.999266291,0.011124584,0.96870176,0.968702769,0.011205804,0.020495209,0.011124382,0.96870176,0.969202401,0.011124584
9427,1.73E-05,0.999274363,0.011124685,0.968702769,0.968707107,0.011205905,0.99917932,0.011124584,0.968702769,0.969203107,0.011124685
9428,1.72E-05,0.999277188,0.011124988,0.968707107,0.968794079,0.011206107,0.999180228,0.011124685,0.968707107,0.969207647,0.011124988
9429,1.71E-05,0.999278298,0.011125088,0.968794079,0.96879428,0.01120641,0.999181136,0.011124988,0.968794079,0.969207849,0.011125088
9430,1.70E-05,0.999279408,0.011125189,0.96879428,0.968798114,0.011206612,0.999181237,0.011125088,0.96879428,0.969208555,0.011125189
9431,1.68E-05,0.999280114,0.011126198,0.968798114,0.968799224,0.011207015,0.99918386,0.011125189,0.968798114,0.969210472,0.011126198
9432,1.67E-05,0.999285663,0.0111264,0.968799224,0.968808204,0.011207116,0.020586519,0.011126198,0.968799224,0.969213701,0.0111264
9433,1.66E-05,0.020687414,0.011126501,0.968808204,0.968897395,0.011207217,0.020587124,0.0111264,0.968808204,0.969219452,0.011126501
9434,1.65E-05,0.020693367,0.011127005,0.968897395,0.968899211,0.011207318,0.020593682,0.011126501,0.968897395,0.030287979,0.011127005
9435,1.64E-05,0.020698512,0.011127611,0.968899211,0.968997886,0.011207419,0.020599534,0.011127005,0.968899211,0.969315908,0.011127611
9436,1.63E-05,0.020699723,0.989789424,0.968997886,0.969004546,0.011207621,0.020609523,0.011127611,0.968997886,0.969317825,0.989789424
9437,1.62E-05,0.020702447,0.011199448,0.969004546,0.969011709,0.011207822,0.999265182,0.989789424,0.969004546,0.969409336,0.011199448
9438,1.61E-05,0.999366581,0.011199852,0.969011709,0.9691009,0.011207923,0.999265484,0.011199448,0.969011709,0.969413372,0.011199852
9439,1.60E-05,0.999367489,0.011200053,0.9691009,0.969114824,0.011208529,0.999270731,0.011199852,0.9691009,0.969413675,0.011200053
9440,1.59E-05,0.999369406,0.011200154,0.969114824,0.969202401,0.01120863,0.999277188,0.011200053,0.969114824,0.969414179,0.011200154
9441,1.58E-05,0.999371323,0.011200356,0.969202401,0.969203107,0.01120873,0.999278298,0.011200154,0.969202401,0.969416903,0.011200356
9442,1.57E-05,0.999371828,0.011200558,0.969203107,0.969207647,0.011208831,0.999279408,0.011200356,0.969203107,0.969422453,0.011200558
9443,1.56E-05,0.999373946,0.011201163,0.969207647,0.969207849,0.011209134,0.99927971,0.011200558,0.969207647,0.969422755,0.011201163
9444,1.55E-05,0.999375157,0.011201264,0.969207849,0.969208555,0.011209235,0.999280114,0.011201163,0.969207849,0.969423462,0.011201264
9445,1.54E-05,0.999375863,0.011201567,0.969208555,0.969210472,0.011209336,0.999284553,0.011201264,0.969208555,0.96951235,0.011201567
9446,1.52E-05,0.999376166,0.01120197,0.969210472,0.969213701,0.011209739,0.999285663,0.011201567,0.969210472,0.969517597,0.01120197
9447,1.51E-05,0.999376671,0.011202071,0.969213701,0.030287979,0.011210042,0.99928647,0.01120197,0.969213701,0.969519615,0.011202071
9448,1.50E-05,0.999376872,0.011202273,0.030287979,0.969315908,0.011210244,0.020693367,0.011202071,0.030287979,0.969521229,0.011202273
9449,1.49E-05,0.999378386,0.011202778,0.969315908,0.969317825,0.011210345,0.020698512,0.011202273,0.969315908,0.969523348,0.011202778
9450,1.48E-05,0.999378487,0.011202979,0.969317825,0.969409336,0.011210446,0.99936537,0.011202778,0.969317825,0.969603458,0.011202979
9451,1.46E-05,0.999378991,0.01120308,0.969409336,0.969413372,0.011210547,0.999365875,0.011202979,0.969409336,0.969713535,0.01120308
9452,1.45E-05,0.999379193,0.011203282,0.969413372,0.969413675,0.011210647,0.999369406,0.01120308,0.969413372,0.95872526,0.011203282
9453,1.44E-05,0.999382321,0.011203585,0.969413675,0.969414179,0.011210748,0.999370112,0.011203282,0.969413675,0.020180921,0.011203585
9454,1.43E-05,0.999388576,0.011203787,0.969414179,0.969416903,0.011210849,0.999371323,0.011203585,0.969414179,0.020199788,0.011203787
9455,1.42E-05,0.999389787,0.011203988,0.969416903,0.969422453,0.01121095,0.999371828,0.011203787,0.969416903,0.020200797,0.011203988
9456,1.41E-05,0.02078508,0.011204089,0.969422453,0.969422755,0.011211051,0.999372332,0.011203988,0.969422453,0.020384426,0.011204089
9457,1.40E-05,0.020797793,0.011204291,0.969422755,0.969423462,0.011211253,0.999374451,0.011204089,0.969422755,0.020389774,0.011204291
9458,1.38E-05,0.999467779,0.011204392,0.969423462,0.96951235,0.011211858,0.999376469,0.011204291,0.969423462,0.020403899,0.011204392
9459,1.37E-05,0.99946909,0.011204997,0.96951235,0.969517597,0.011211959,0.999376671,0.011204392,0.96951235,0.020405715,0.011204997
9460,1.36E-05,0.999471613,0.011205098,0.969517597,0.969519615,0.01121206,0.999378688,0.011204997,0.969517597,0.999069546,0.011205098
9461,1.35E-05,0.99947242,0.011205199,0.969519615,0.969521229,0.011212161,0.999378789,0.011205098,0.969519615,0.999088111,0.011205199
9462,1.34E-05,0.999476456,0.011205603,0.969521229,0.969523348,0.011212262,0.999379193,0.011205199,0.969521229,0.020495209,0.011205603
9463,1.33E-05,0.999478171,0.011205804,0.969523348,0.969603458,0.011212464,0.999383733,0.011205603,0.969523348,0.999172459,0.011205804
9464,1.32E-05,0.999479684,0.011205905,0.969603458,0.020180921,0.011212564,0.999386457,0.011205804,0.969603458,0.99917932,0.011205905
9465,1.31E-05,0.9994814,0.011206107,0.020180921,0.020199788,0.011212766,0.020795372,0.011205905,0.020180921,0.999179723,0.011206107
9466,1.30E-05,0.999484225,0.01120641,0.020199788,0.020200797,0.011212968,0.020797793,0.011206107,0.020199788,0.999180228,0.01120641
9467,1.29E-05,0.99948483,0.011206612,0.020200797,0.020384426,0.011213069,0.999466871,0.01120641,0.020200797,0.999181136,0.011206612
9468,1.28E-05,0.99948594,0.011207015,0.020384426,0.020403899,0.01121317,0.99946909,0.011206612,0.020384426,0.999181237,0.011207015
9469,1.27E-05,0.020889708,0.011207116,0.020403899,0.020405715,0.011213271,0.999471915,0.011207015,0.020403899,0.99918386,0.011207116
9470,1.26E-05,0.020901715,0.011207217,0.020405715,0.999088111,0.011213372,0.999476456,0.011207116,0.020405715,0.020586519,0.011207217
9471,1.25E-05,0.999574324,0.011207318,0.999088111,0.020495209,0.011213876,0.99947807,0.011207217,0.999088111,0.020587124,0.011207318
9472,1.24E-05,0.999576745,0.011207419,0.020495209,0.99917932,0.011214078,0.999479684,0.011207318,0.020495209,0.020593682,0.011207419
9473,1.23E-05,0.99957725,0.011207621,0.99917932,0.999180228,0.01121428,0.9994814,0.011207419,0.99917932,0.020599534,0.011207621
9474,1.22E-05,0.999578662,0.011207822,0.999180228,0.999181136,0.011214381,0.999484225,0.011207621,0.999180228,0.020609523,0.011207822
9475,1.21E-05,0.999583808,0.011207923,0.999181136,0.999181237,0.011214481,0.99948594,0.011207822,0.999181136,0.999265182,0.011207923
9476,1.19E-05,0.999584615,0.011208529,0.999181237,0.99918386,0.011214582,0.999487857,0.011207923,0.999181237,0.999265484,0.011208529
9477,1.18E-05,0.999584716,0.01120863,0.99918386,0.020586519,0.011214784,0.020887186,0.011208529,0.99918386,0.999270731,0.01120863
9478,1.17E-05,0.999585523,0.01120873,0.020586519,0.020587124,0.011214885,0.020889708,0.01120863,0.020586519,0.999277188,0.01120873
9479,1.16E-05,0.030372226,0.011208831,0.020587124,0.020593682,0.011215188,0.020894551,0.01120873,0.020587124,0.999278298,0.011208831
9480,1.15E-05,0.021002913,0.011209134,0.020593682,0.020599534,0.01121549,0.99956716,0.011208831,0.020593682,0.999279408,0.011209134
9481,1.14E-05,0.021003014,0.011209235,0.020599534,0.020605084,0.011215591,0.999569582,0.011209134,0.020599534,0.99927971,0.011209235
9482,1.13E-05,0.021003417,0.011209336,0.020609523,0.020609523,0.011215692,0.999574324,0.011209235,0.020609523,0.999280114,0.011209336
9483,1.12E-05,0.021003922,0.011209739,0.999265182,0.999265182,0.011215894,0.999580781,0.011209336,0.999265182,0.999284553,0.011209739
9484,1.11E-05,0.030378885,0.011210042,0.999265484,0.999265484,0.011215995,0.999584615,0.011209739,0.999265484,0.999285663,0.011210042
9485,1.10E-05,0.99966856,0.011210244,0.999270731,0.999270731,0.011216096,0.999584716,0.011210042,0.999270731,0.99928647,0.011210244
9486,1.09E-05,0.999668661,0.011210345,0.999277188,0.999277188,0.011216197,0.020987476,0.011210244,0.999277188,0.020693367,0.011210345
9487,1.08E-05,0.999671385,0.011210446,0.999278298,0.999278298,0.011216298,0.999671385,0.011210345,0.999278298,0.020698512,0.011210446
9488,1.07E-05,0.999673504,0.011210547,0.999279408,0.999279408,0.011216398,0.99967199,0.011210446,0.999279408,0.99936537,0.011210547
9489,1.06E-05,0.999675623,0.011210647,0.99927971,0.99927971,0.011216701,0.999672394,0.011210547,0.99927971,0.999365875,0.011210647
9490,1.05E-05,0.999682988,0.011210748,0.999280114,0.999280114,0.011216802,0.999673504,0.011210647,0.999280114,0.999369406,0.011210748
9491,1.03E-05,0.999683694,0.011210849,0.999284553,0.999284553,0.011216903,0.999675623,0.011210748,0.999284553,0.999370112,0.011210849
9492,1.02E-05,0.999684098,0.01121095,0.999285663,0.999285663,0.011217004,0.999678448,0.011210849,0.999285663,0.999371323,0.01121095
9493,1.01E-05,0.9996844,0.011211051,0.99928647,0.99928647,0.011217105,0.999682584,0.01121095,0.99928647,0.999371828,0.011211051
9494,9.99E-06,0.999684905,0.011211253,0.020693367,0.020693367,0.011217206,0.999683694,0.011211051,0.020693367,0.999372332,0.011211253
9495,9.79E-06,0.999685409,0.011211858,0.020698512,0.020698512,0.011217407,0.999684098,0.011211253,0.020698512,0.999374451,0.011211858
9496,9.69E-06,0.999687427,0.011211959,0.99936537,0.99936537,0.011217508,0.9996844,0.011211858,0.99936537,0.999376469,0.011211959
9497,9.59E-06,0.02108716,0.01121206,0.999365875,0.999365875,0.011217609,0.999684804,0.011211959,0.999365875,0.999376671,0.01121206
9498,9.48E-06,0.021090086,0.011212161,0.999369406,0.999369406,0.01121771,0.999684905,0.01121206,0.999369406,0.999378688,0.011212161
9499,9.38E-06,0.021096241,0.011212262,0.999370112,0.999370112,0.011217811,0.999769455,0.011212161,0.999370112,0.999378789,0.011212262
9500,9.28E-06,0.021100075,0.011212464,0.999371323,0.999371323,0.011217912,0.999769556,0.011212262,0.999371323,0.999379193,0.011212464
9501,9.18E-06,0.02110633,0.011212564,0.999371828,0.999371828,0.011218114,0.99977117,0.011212464,0.999371828,0.999383733,0.011212564
9502,9.08E-06,0.999769455,0.011212766,0.999372332,0.999372332,0.011218215,0.999776013,0.011212564,0.999372332,0.999386457,0.011212766
9503,8.98E-06,0.999769556,0.011212968,0.999374451,0.999374451,0.011218416,0.999777123,0.011212766,0.999374451,0.020795372,0.011212968
9504,8.88E-06,0.99977006,0.011213069,0.999376469,0.999376469,0.011218517,0.999777526,0.011212968,0.999376469,0.020797793,0.011213069
9505,8.78E-06,0.999771574,0.01121317,0.999376671,0.999376671,0.011218921,0.999782773,0.011213069,0.999376671,0.999466871,0.01121317
9506,8.68E-06,0.999773087,0.011213271,0.999378688,0.999378688,0.011219022,0.999782874,0.01121317,0.999378688,0.999467577,0.011213271
9507,8.58E-06,0.999773793,0.011213372,0.999378789,0.999378789,0.011219123,0.999785497,0.011213271,0.999378789,0.99946909,0.011213372
9508,8.48E-06,0.999777123,0.011213876,0.999379193,0.999379193,0.011219223,0.999790946,0.011213372,0.999379193,0.999471915,0.011213876
9509,8.37E-06,0.999782874,0.011214078,0.999383733,0.999383733,0.011219627,0.999793064,0.011213876,0.999383733,0.999476456,0.011214078
9510,8.27E-06,0.999792257,0.01121428,0.999386457,0.999386457,0.011219829,0.999795385,0.011214078,0.999386457,0.99947807,0.01121428
9511,8.17E-06,0.999793064,0.011214381,0.020795372,0.020795372,0.011220132,0.999870451,0.01121428,0.020795372,0.999479684,0.011214381
9512,8.07E-06,0.021191586,0.011214481,0.020797793,0.020797793,0.011220333,0.999871964,0.011214381,0.020797793,0.9994814,0.011214481
9513,7.97E-06,0.021196732,0.011214582,0.999466871,0.999466871,0.011220434,0.999872065,0.011214481,0.999466871,0.999484225,0.011214582
9514,7.67E-06,0.021201272,0.011214784,0.99946909,0.99946909,0.011220838,0.999875496,0.011214582,0.99946909,0.99948594,0.011214784
9515,7.57E-06,0.999870451,0.011214885,0.999471915,0.999471915,0.011221241,0.999876706,0.011214784,0.999471915,0.999487857,0.011214885
9516,7.47E-06,0.999871964,0.011215188,0.999476456,0.999476456,0.011221544,0.999877009,0.011214885,0.999476456,0.020887186,0.011215188
9517,7.37E-06,0.999876706,0.01121549,0.99947807,0.99947807,0.011221746,0.999877413,0.011215188,0.99947807,0.020889708,0.01121549
9518,7.26E-06,0.999877009,0.011215591,0.999479684,0.999479684,0.011221847,0.999879834,0.01121549,0.999479684,0.020894551,0.011215591
9519,7.16E-06,0.999879834,0.011215692,0.9994814,0.9994814,0.011222049,0.999881751,0.011215591,0.9994814,0.99956716,0.011215692
9520,7.06E-06,0.999880238,0.011215894,0.999484225,0.999484225,0.011222149,0.999886493,0.011215692,0.999484225,0.999567362,0.011215894
9521,6.96E-06,0.999881751,0.011215995,0.99948594,0.99948594,0.011222553,0.999891639,0.011215894,0.99948594,0.999569582,0.011215995
9522,6.86E-06,0.999885585,0.011216096,0.999487857,0.999487857,0.011222755,0.999971043,0.011215995,0.999487857,0.999574324,0.011216096
9523,6.76E-06,0.999892143,0.011216197,0.020887186,0.020887186,0.011222957,0.999973868,0.011216096,0.020887186,0.999580781,0.011216197
9524,6.66E-06,0.999892446,0.011216298,0.020889708,0.020889708,0.011223057,0.999975079,0.011216197,0.020889708,0.999584615,0.011216298
9525,6.56E-06,0.021292582,0.011216398,0.020894551,0.020894551,0.011223259,0.999975886,0.011216298,0.020894551,0.999584716,0.011216398
9526,6.46E-06,0.021301562,0.011216701,0.99956716,0.99956716,0.01122336,0.999995964,0.011216398,0.99956716,0.020987476,0.011216701
9527,6.36E-06,0.021304992,0.011216802,0.999569582,0.999569582,0.011223461,0.999999596,0.011216701,0.999569582,0.999671385,0.011216802
9528,6.26E-06,0.021308322,0.011216903,0.999574324,0.999574324,0.011224268,0.030481495,0.011216802,0.999574324,0.99967199,0.011216903
9529,6.15E-06,0.021313871,0.011217004,0.999580781,0.999580781,0.01122447,0.010197157,0.011216903,0.999580781,0.999672394,0.011217004
9530,6.05E-06,0.999977299,0.011217105,0.999584615,0.999584615,0.011224571,0.01021098,0.011217004,0.999584615,0.999673504,0.011217105
9531,5.95E-06,0.999980023,0.011217206,0.999584716,0.999584716,0.011224773,0.988875012,0.011217105,0.999584716,0.999675623,0.011217206
9532,5.65E-06,0.999981435,0.011217407,0.020987476,0.020987476,0.011224874,0.010308949,0.011217206,0.020987476,0.999678448,0.011217407
9533,5.55E-06,0.999984361,0.011217508,0.999671385,0.999671385,0.011225277,0.010494797,0.011217407,0.999671385,0.999681777,0.011217508
9534,5.45E-06,0.999993442,0.011217609,0.99967199,0.99967199,0.011225883,0.010496008,0.011217508,0.99967199,0.999682584,0.011217609
9535,5.35E-06,0.030470599,0.01121771,0.999672394,0.999672394,0.989888907,0.010508317,0.011217609,0.999672394,0.999683694,0.01121771
9536,5.25E-06,0.03047635,0.011217811,0.999673504,0.999673504,0.989894456,0.010615972,0.01121771,0.999673504,0.999684098,0.011217811
9537,5.15E-06,0.030481495,0.011217912,0.999675623,0.999675623,0.989903133,0.020486431,0.011217811,0.999675623,0.9996844,0.011217912
9538,5.04E-06,0.030482101,0.011218114,0.999678448,0.999678448,0.989905958,0.989696197,0.011217912,0.999678448,0.999684804,0.011218114
9539,4.94E-06,0.030573512,0.011218215,0.999682584,0.999682584,0.010298456,0.989703966,0.011218114,0.999682584,0.999684905,0.011218215
9540,4.84E-06,0.030575429,0.011218416,0.999683694,0.999683694,0.030278696,0.989704874,0.011218215,0.999683694,0.999769455,0.011218416
9541,4.74E-06,0.030576135,0.011218517,0.999684098,0.999684098,0.030369603,0.010297749,0.011218416,0.999684098,0.999769556,0.011218517
9542,4.64E-06,0.030577648,0.011218921,0.9996844,0.9996844,0.030369704,0.999467779,0.011218517,0.9996844,0.99977117,0.011218921
9543,4.54E-06,0.030580372,0.011219022,0.999684804,0.999684804,0.030370107,0.021003922,0.011218921,0.999684804,0.999776013,0.011219022
9544,4.44E-06,0.010197157,0.011219123,0.999684905,0.999684905,0.030370511,0.999773087,0.011219022,0.999684905,0.999777123,0.011219123
9545,4.34E-06,0.010197561,0.011219223,0.999769455,0.999769455,0.030370713,0.030274459,0.011219123,0.999769455,0.999777526,0.011219223
9546,4.14E-06,0.01021098,0.011219627,0.999769556,0.999769556,0.030371217,0.03047635,0.011219223,0.999769556,0.999782773,0.011219627
9547,4.04E-06,0.010308949,0.011219829,0.99977117,0.99977117,0.030279604,0.999980426,0.011219627,0.99977117,0.999782874,0.011219829
9548,3.93E-06,0.010393398,0.011220132,0.999776013,0.999776013,0.938428613,0.989905958,0.011219829,0.999776013,0.999785497,0.011220132
9549,3.83E-06,0.0104049,0.011220333,0.999777123,0.999777123,0.938525976,0.99988841,0.011220132,0.999777123,0.999790946,0.011220333
9550,3.73E-06,0.010405909,0.011220434,0.999777526,0.999777526,0.969413675,0.020393002,0.011220333,0.999777526,0.999793064,0.011220434
9551,3.63E-06,0.989094257,0.011220838,0.999782773,0.999782773,0.999386457,0.021100075,0.011220434,0.999782773,0.999795385,0.011220838
9552,3.53E-06,0.010496008,0.011221241,0.999782874,0.999782874,0.999688638,0.030470599,0.011220838,0.999782874,0.999870451,0.011221241
9553,3.43E-06,0.010508317,0.011221544,0.999785497,0.999785497,0.030383223,0.999373745,0.011221241,0.999785497,0.999871964,0.011221544
9554,3.33E-06,0.010609616,0.011221746,0.999790946,0.999790946,0.999973868,0.010604571,0.011221544,0.999790946,0.999872065,0.011221746
9555,3.23E-06,0.010615972,0.011221847,0.999793064,0.999793064,0.999975079,0.021090086,0.011221746,0.999793064,0.999875496,0.011221847
9556,3.13E-06,0.01062132,0.011222049,0.999795385,0.999795385,0.020200797,0.021096241,0.011221847,0.999795385,0.999876706,0.011222049
9557,3.03E-06,0.010699513,0.011222149,0.999870451,0.999870451,0.010603764,0.020198578,0.011222049,0.999870451,0.999877009,0.011222149
9558,2.93E-06,0.010701733,0.011222553,0.999871964,0.999871964,1.52E-05,0.020901715,0.011222149,0.999871964,0.999877413,0.011222553
9559,2.83E-06,0.01080172,0.011222755,0.999872065,0.999872065,1.82E-05,0.999179219,0.011222553,0.999872065,0.999879834,0.011222755
9560,2.72E-06,0.010896662,0.011222957,0.999875496,0.999875496,0.010912805,1.02E-05,0.011222755,0.999875496,0.999881751,0.011222957
9561,2.62E-06,0.010900294,0.011223057,0.999876706,0.999876706,0.999265484,0.030282631,0.011222957,0.999876706,0.999886493,0.011223057
9562,2.52E-06,0.010901303,0.011223259,0.999877009,0.999877009,0.020199486,0.999792257,0.011223057,0.999877009,0.999891639,0.011223259
9563,2.42E-06,0.020486431,0.01122336,0.999877413,0.999877413,0.030287979,0.000706871,0.011223259,0.999877413,0.021292078,0.01122336
9564,2.32E-06,0.011005023,0.011223461,0.999879834,0.999879834,0.999870451,0.030290501,0.01122336,0.999879834,0.999971043,0.011223461
9565,2.22E-06,0.011005326,0.011224268,0.999881751,0.999881751,0.001118119,0.010405909,0.011223461,0.999881751,0.999973868,0.011224268
9566,2.12E-06,0.011015516,0.01122447,0.999886493,0.999886493,0.999072775,0.999984361,0.011224268,0.999886493,0.999975079,0.01122447
9567,2.02E-06,0.011019653,0.011224571,0.999891639,0.999891639,0.999273253,0.001124576,0.01122447,0.999891639,0.999975886,0.011224571
9568,1.92E-06,0.989704874,0.011224773,0.999971043,0.999971043,0.010721609,0.000915925,0.011224571,0.999971043,0.999995964,0.011224773
9569,1.82E-06,0.01109936,0.011224874,0.999973868,0.999973868,0.999365875,0.999892143,0.011224773,0.999973868,0.999999596,0.011224874
9570,1.72E-06,0.011101176,0.011225277,0.999975079,0.999975079,0.020605084,0.020907466,0.011224874,0.999975079,0.030481495,0.011225277
9571,1.61E-06,0.011101479,0.011225883,0.999975886,0.999975886,0.999684098,0.999575636,0.011225277,0.999975886,0.010197157,0.011225883
9572,1.51E-06,0.011104708,0.989888907,0.999995964,0.999995964,0.030490878,0.030279604,0.011225883,0.999995964,0.01021098,0.989888907
9573,1.41E-06,0.011109853,0.989894456,0.999999596,0.999999596,0.999671183,0.020605084,0.989888907,0.999999596,0.988875012,0.989894456
9574,1.31E-06,0.011112275,0.989903133,0.030481495,0.030481495,0.020797793,0.99918043,0.989894456,0.030481495,0.010308949,0.989903133
9575,1.21E-06,0.011112577,0.989905958,0.010197157,0.010197157,0.020604983,1.16E-05,0.989903133,0.010197157,0.010494797,0.989905958
9576,1.11E-06,0.011115201,0.010297749,0.01021098,0.01021098,6.05E-06,0.030580372,0.989905958,0.01021098,0.010496008,0.010297749
9577,1.01E-06,0.011123777,0.010298456,0.988875012,0.988875012,1.92E-05,0.010721609,0.010298456,0.988875012,0.010508317,0.010298456
9578,9.08E-07,0.011200356,0.030278696,0.010308949,0.010308949,0.020599534,0.030490979,0.030278696,0.010308949,0.010615972,0.030278696
9579,8.07E-07,0.011210345,0.030369603,0.010494797,0.010494797,0.000808472,0.999376872,0.030369603,0.010494797,0.989279501,0.030369603
9580,7.06E-07,0.011215692,0.030369704,0.010496008,0.010496008,0.020180921,0.020687414,0.030369704,0.010496008,0.989290195,0.030369704
9581,6.05E-07,0.011217811,0.030370107,0.010508317,0.010508317,0.999588046,0.011015516,0.030370107,0.010508317,0.989485932,0.030370107
9582,5.04E-07,0.989905958,0.030370511,0.010615972,0.010615972,0.999671385,0.030378784,0.030370511,0.010615972,0.010900698,0.030370511
9583,4.04E-07,0.010297749,0.030370713,0.020486431,0.020486431,0.999466871,0.999880238,0.030370713,0.020486431,0.020486431,0.030370713
9584,3.03E-07,0.030369704,0.030371217,0.989696197,0.989696197,0.999378688,0.999993442,0.030371217,0.989696197,0.989696197,0.030371217
9585,2.02E-07,0.030279604,0.030279604,0.989703966,0.989703966,0.999378789,0.999588046,0.030279604,0.989703966,0.989703966,0.030279604
9586,1.01E-07,0.938428613,0.938428613,0.989704874,0.989704874,0.020597819,0.999587541,0.938428613,0.989704874,0.989704874,0.938428613
9587,0,0.938525976,0.938525976,0.010297749,0.010297749,0.999875496,0.030589856,0.938525976,0.010297749,0.010297749,0.938525976
